,runID,module,name,vectime,vecvalue,interpolationmode,recordingmode,source,title,unit,configname,datetime,datetimef,experiment,inifile,iterationvars,iterationvarsd,iterationvarsf,measurement,network,processid,repetition,replication,resultdir,runnumber,seedset,legend
1,Attacco_Burst-0-20251005-12:01:08-4774,NetworkA.sensor1.energyStorage,residualEnergyCapacity:vector,[0.00000000e+00 2.84022282e-02 4.84022282e-02 9.84022282e-02 1.06279908e-01 1.06567908e-01 1.16279908e-01 1.17783908e-01 1.67783908e-01 1.87783908e-01 2.37783908e-01 2.57783908e-01 3.07783908e-01 3.27783908e-01 3.77783908e-01 3.97783908e-01 4.47783908e-01 4.67783908e-01 5.17783908e-01 5.37783908e-01 5.87783908e-01 5.90595434e-01 5.92899434e-01 6.00595434e-01 6.02899434e-01 6.10595434e-01 6.12899434e-01 6.20595434e-01 6.22899434e-01 6.30595434e-01 6.35971434e-01 6.85971434e-01 6.88336985e-01 6.88624985e-01 6.98336985e-01 6.98624985e-01 7.08336985e-01 7.09840985e-01 7.59840985e-01 7.62708069e-01 7.65012069e-01 7.72708069e-01 7.75012069e-01 7.82708069e-01 7.92628069e-01 8.42628069e-01 8.43825447e-01 8.51521447e-01 8.53825447e-01 8.61521447e-01 8.63825447e-01 8.71521447e-01 8.73825447e-01 8.81521447e-01 8.90737447e-01 9.40737447e-01 9.42855599e-01 9.45159599e-01 9.52855599e-01 9.55159599e-01 9.62855599e-01 9.72711599e-01 1.02271160e+00 1.02800271e+00 1.03030671e+00 1.03800271e+00 1.04030671e+00 1.04800271e+00 1.05689871e+00 1.10689871e+00 1.11013502e+00 1.11042302e+00 1.12013502e+00 1.12221502e+00 1.17221502e+00 1.17259085e+00 1.17489485e+00 1.18259085e+00 1.18489485e+00 1.19259085e+00 1.20052685e+00 1.25052685e+00 1.25700967e+00 1.25931367e+00 1.26700967e+00 1.26931367e+00 1.27700967e+00 1.28034763e+00 1.28366567e+00 1.33366567e+00 1.33811210e+00 1.34041610e+00 1.34811210e+00 1.35041610e+00 1.35811210e+00 1.36412810e+00 1.41412810e+00 1.42131837e+00 1.42160637e+00 1.43131837e+00 1.43160637e+00 1.44131837e+00 1.44282237e+00 1.49282237e+00 1.49386703e+00 1.50156303e+00 1.50386703e+00 1.51156303e+00 1.51386703e+00 1.52156303e+00 1.52841103e+00 1.57841103e+00 1.58039664e+00 1.58270064e+00 1.59039664e+00 1.59270064e+00 1.60039664e+00 1.60884464e+00 1.65884464e+00 1.66218004e+00 1.66246804e+00 1.67218004e+00 1.67246804e+00 1.68218004e+00 1.68246804e+00 1.69218004e+00 1.69368404e+00 1.74368404e+00 1.74674685e+00 1.74703485e+00 1.75674685e+00 1.75703485e+00 1.76674685e+00 1.76703485e+00 1.77674685e+00 1.77882685e+00 1.82882685e+00 1.83303450e+00 1.83332250e+00 1.84303450e+00 1.84332250e+00 1.85303450e+00 1.85511450e+00 1.97780144e+00 1.98554396e+00 1.98583196e+00 1.99554396e+00 1.99583196e+00 2.00554396e+00 2.00762396e+00 2.01268979e+00 2.03268979e+00 2.03297779e+00 2.04268979e+00 2.04297779e+00 2.05268979e+00 2.05297779e+00 2.06268979e+00 2.06297779e+00 2.07268979e+00 2.07297779e+00 2.08268979e+00 2.08419379e+00 2.13419379e+00 2.13640140e+00 2.13668940e+00 2.14640140e+00 2.14668940e+00 2.15640140e+00 2.15790540e+00 2.20790540e+00 2.21066908e+00 2.21095708e+00 2.22066908e+00 2.22095708e+00 2.23066908e+00 2.23274908e+00 2.28274908e+00 2.28302055e+00 2.28532455e+00 2.29302055e+00 2.29532455e+00 2.30302055e+00 2.30852455e+00 2.35852455e+00 2.36046657e+00 2.36277057e+00 2.37046657e+00 2.37277057e+00 2.38046657e+00 2.38526657e+00 2.43526657e+00 2.43718854e+00 2.43949254e+00 2.44718854e+00 2.44949254e+00 2.45718854e+00 2.46467654e+00 2.51467654e+00 2.51486914e+00 2.51515714e+00 2.52486914e+00 2.52515714e+00 2.53486914e+00 2.53515714e+00 2.54486914e+00 2.54637314e+00 2.59637314e+00 2.60539634e+00 2.60568434e+00 2.61539634e+00 2.61568434e+00 2.62539634e+00 2.62561422e+00 2.62690034e+00 2.67690034e+00 2.67730010e+00 2.67758810e+00 2.68730010e+00 2.68758810e+00 2.69730010e+00 2.69938010e+00 2.74938010e+00 2.75503627e+00 2.75734027e+00 2.76503627e+00 2.76734027e+00 2.77503627e+00 2.78022027e+00 2.83022027e+00 2.83211601e+00 2.83981201e+00 2.84211601e+00 2.84981201e+00 2.85211601e+00 2.85981201e+00 2.86211601e+00 2.86981201e+00 2.87480401e+00 2.92039035e+00 2.92116375e+00 2.92145175e+00 2.93116375e+00 2.93145175e+00 2.94116375e+00 2.94145175e+00 2.95116375e+00 2.95266775e+00 2.95395070e+00 2.97395070e+00 2.97423870e+00 2.98395070e+00 2.98423870e+00 2.99395070e+00 2.99423870e+00 3.00395070e+00 3.00423870e+00 3.01395070e+00 3.01423870e+00 3.02395070e+00 3.02545470e+00 3.07545470e+00 3.07675857e+00 3.07704657e+00 3.08675857e+00 3.08704657e+00 3.09675857e+00 3.09704657e+00 3.10675857e+00 3.10883857e+00 3.15883857e+00 3.16414636e+00 3.16443436e+00 3.17414636e+00 3.17443436e+00 3.18414636e+00 3.18622636e+00 3.23622636e+00 3.23810520e+00 3.24040920e+00 3.24810520e+00 3.25040920e+00 3.25810520e+00 3.26789720e+00 3.31789720e+00 3.32345168e+00 3.32373968e+00 3.33345168e+00 3.33373968e+00 3.34345168e+00 3.34495568e+00 3.39495568e+00 3.39514285e+00 3.39744685e+00 3.40514285e+00 3.40744685e+00 3.41514285e+00 3.42365485e+00 3.47365485e+00 3.47629080e+00 3.47859480e+00 3.48629080e+00 3.48859480e+00 3.49629080e+00 3.50416280e+00 3.55416280e+00 3.55782669e+00 3.55811469e+00 3.56782669e+00 3.56811469e+00 3.57782669e+00 3.57933069e+00 3.62933069e+00 3.63672687e+00 3.63903087e+00 3.64672687e+00 3.64903087e+00 3.65672687e+00 3.66376687e+00 3.71376687e+00 3.73376687e+00 3.78376687e+00 3.79072877e+00 3.79199238e+00 3.79280877e+00 3.84280877e+00 3.84778383e+00 3.84807183e+00 3.85778383e+00 3.85807183e+00 3.86778383e+00 3.86986383e+00 3.94285616e+00 3.94778579e+00 3.94986579e+00 3.96346691e+00 3.97432743e+00 3.97461543e+00 3.98432743e+00 3.98461543e+00 3.99432743e+00 3.99461543e+00 4.00432743e+00 4.00461543e+00 4.01432743e+00 4.01461543e+00 4.02432743e+00 4.02640743e+00 4.04597884e+00 4.05534993e+00 4.05563793e+00 4.05567941e+00 4.06534993e+00 4.06563793e+00 4.06567941e+00 4.07534993e+00 4.07563793e+00 4.07567941e+00 4.08534993e+00 4.08563793e+00 4.08567941e+00 4.09534993e+00 4.09563793e+00 4.09567941e+00 4.10534993e+00 4.10742993e+00 4.12193502e+00 4.14128060e+00 4.14193502e+00 4.14222302e+00 4.15193502e+00 4.15222302e+00 4.16193502e+00 4.16222302e+00 4.17193502e+00 4.17222302e+00 4.18193502e+00 4.18222302e+00 4.19193502e+00 4.19343902e+00 4.24343902e+00 4.24620809e+00 4.24851209e+00 4.25620809e+00 4.25851209e+00 4.26620809e+00 4.26851209e+00 4.27620809e+00 4.28472009e+00 4.33472009e+00 4.33742969e+00 4.33771769e+00 4.34742969e+00 4.34771769e+00 4.35742969e+00 4.35893369e+00 4.40893369e+00 4.41099098e+00 4.41329498e+00 4.42099098e+00 4.42329498e+00 4.43099098e+00 4.43854298e+00 4.48854298e+00 4.49450863e+00 4.49681263e+00 4.50450863e+00 4.50681263e+00 4.51450863e+00 4.52001263e+00 4.57001263e+00 4.57337519e+00 4.57366319e+00 4.58337519e+00 4.58366319e+00 4.59337519e+00 4.59545519e+00 4.64545519e+00 4.64849729e+00 4.65080129e+00 4.65483446e+00 4.65512246e+00 4.65849729e+00 4.66080129e+00 4.66483446e+00 4.66512246e+00 4.66849729e+00 4.67080129e+00 4.67483446e+00 4.67512246e+00 4.67849729e+00 4.68342529e+00 4.73342529e+00 4.73701915e+00 4.73730715e+00 4.74701915e+00 4.74730715e+00 4.75701915e+00 4.75909915e+00 4.80909915e+00 4.81352441e+00 4.81381241e+00 4.82352441e+00 4.82381241e+00 4.83352441e+00 4.83560441e+00 4.94935291e+00 4.95839312e+00 4.95868112e+00 4.95869424e+00 4.96839312e+00 4.96868112e+00 4.96869424e+00 4.97839312e+00 4.97868112e+00 4.97869424e+00 4.98839312e+00 4.98989712e+00 4.99323407e+00 5.01323407e+00 5.01352207e+00 5.02323407e+00 5.02352207e+00 5.03323407e+00 5.03352207e+00 5.04323407e+00 5.04352207e+00 5.05323407e+00 5.05352207e+00 5.06323407e+00 5.06473807e+00 5.11473807e+00 5.11527008e+00 5.12296608e+00 5.12527008e+00 5.13296608e+00 5.13527008e+00 5.14296608e+00 5.14369208e+00 5.15122208e+00 5.20122208e+00 5.20260553e+00 5.20289353e+00 5.21260553e+00 5.21289353e+00 5.22260553e+00 5.22410953e+00 5.27410953e+00 5.28157534e+00 5.28186334e+00 5.29157534e+00 5.29186334e+00 5.30157534e+00 5.30365534e+00 5.35365534e+00 5.35436088e+00 5.36205688e+00 5.36436088e+00 5.37205688e+00 5.37436088e+00 5.38205688e+00 5.39044088e+00 5.44044088e+00 5.44549975e+00 5.44578775e+00 5.45549975e+00 5.45578775e+00 5.46549975e+00 5.46757975e+00 5.51757975e+00 5.52490743e+00 5.52721143e+00 5.53490743e+00 5.53721143e+00 5.54490743e+00 5.54721143e+00 5.55490743e+00 5.56354743e+00 5.61354743e+00 5.61387999e+00 5.61618399e+00 5.62387999e+00 5.62618399e+00 5.63387999e+00 5.64059999e+00 5.69059999e+00 5.69083433e+00 5.69112233e+00 5.70083433e+00 5.70112233e+00 5.71083433e+00 5.71233833e+00 5.76233833e+00 5.76953791e+00 5.77184191e+00 5.77953791e+00 5.78184191e+00 5.78953791e+00 5.79452991e+00 5.84452991e+00 5.84571638e+00 5.85341238e+00 5.85571638e+00 5.86341238e+00 5.86571638e+00 5.87341238e+00 5.87571638e+00 5.88341238e+00 5.88904438e+00 5.89883536e+00 5.91304439e+00 5.91333239e+00 5.92304439e+00 5.92333239e+00 5.93304439e+00 5.93333239e+00 5.94304439e+00 5.94333239e+00 5.95304439e+00 5.95333239e+00 5.96304439e+00 5.96454839e+00 5.96491882e+00 5.98491882e+00 5.98520682e+00 5.99491882e+00 5.99520682e+00 6.00491882e+00 6.00520682e+00 6.01491882e+00 6.01520682e+00 6.02491882e+00 6.02520682e+00 6.03491882e+00 6.03642282e+00 6.08642282e+00 6.09569194e+00 6.09597994e+00 6.10569194e+00 6.10597994e+00 6.11569194e+00 6.11777194e+00 6.16777194e+00 6.17467897e+00 6.17496697e+00 6.18467897e+00 6.18496697e+00 6.19467897e+00 6.19675897e+00 6.24675897e+00 6.24892409e+00 6.24921209e+00 6.25892409e+00 6.25921209e+00 6.26892409e+00 6.26921209e+00 6.27892409e+00 6.28042809e+00 6.33042809e+00 6.33106487e+00 6.33135287e+00 6.34106487e+00 6.34135287e+00 6.35106487e+00 6.35151752e+00 6.35314487e+00 6.40314487e+00 6.42314487e+00 6.47314487e+00 6.49314487e+00 6.54314487e+00 6.54314490e+00 6.54464890e+00 6.59464890e+00 6.60193455e+00 6.60423855e+00 6.61193455e+00 6.61423855e+00 6.62193455e+00 6.62423855e+00 6.63193455e+00 6.63692655e+00 6.68692655e+00 6.69152899e+00 6.69383299e+00 6.70152899e+00 6.70383299e+00 6.71152899e+00 6.71383299e+00 6.72152899e+00 6.73119299e+00 6.78119299e+00 6.78337558e+00 6.78366358e+00 6.79337558e+00 6.79366358e+00 6.80337558e+00 6.80545558e+00 6.85545558e+00 6.85970342e+00 6.86200742e+00 6.86970342e+00 6.87200742e+00 6.87970342e+00 6.88840742e+00 6.89278241e+00 6.91213128e+00 6.91278241e+00 6.91307041e+00 6.92278241e+00 6.92307041e+00 6.93278241e+00 6.93307041e+00 6.94278241e+00 6.94307041e+00 6.95278241e+00 6.95307041e+00 6.96278241e+00 6.96428641e+00 7.01428641e+00 7.02138919e+00 7.02369319e+00 7.03138919e+00 7.03369319e+00 7.04138919e+00 7.04855719e+00 7.09855719e+00 7.10061794e+00 7.10831394e+00 7.11061794e+00 7.11831394e+00 7.12061794e+00 7.12831394e+00 7.13650594e+00 7.18650594e+00 7.18665770e+00 7.18694570e+00 7.19665770e+00 7.19694570e+00 7.20665770e+00 7.20873770e+00 7.25873770e+00 7.25923127e+00 7.25951927e+00 7.26923127e+00 7.26951927e+00 7.27923127e+00 7.28131127e+00 7.33131127e+00 7.33268924e+00 7.34038524e+00 7.34268924e+00 7.35038524e+00 7.35268924e+00 7.36038524e+00 7.36646524e+00 7.41646524e+00 7.41972681e+00 7.42160136e+00 7.42203081e+00 7.42972681e+00 7.43203081e+00 7.43972681e+00 7.44203081e+00 7.44972681e+00 7.45881481e+00 7.50881481e+00 7.51339919e+00 7.51570319e+00 7.52339919e+00 7.52570319e+00 7.53339919e+00 7.54287119e+00 7.59287119e+00 7.60054053e+00 7.60082853e+00 7.61054053e+00 7.61082853e+00 7.62054053e+00 7.62204453e+00 7.67204453e+00 7.67853820e+00 7.67882620e+00 7.68853820e+00 7.68882620e+00 7.69853820e+00 7.70061820e+00 7.75061820e+00 7.75061934e+00 7.75292334e+00 7.76061934e+00 7.76292334e+00 7.77061934e+00 7.77804334e+00 7.82804334e+00 7.83428055e+00 7.83658455e+00 7.83684045e+00 7.84428055e+00 7.84658455e+00 7.84684045e+00 7.85428055e+00 7.86298455e+00 7.90029525e+00 7.90191931e+00 7.90220731e+00 7.91191931e+00 7.91220731e+00 7.92191931e+00 7.92220731e+00 7.93191931e+00 7.93220731e+00 7.94191931e+00 7.94220731e+00 7.95191931e+00 7.95399931e+00 7.96823099e+00 7.97451260e+00 7.97480060e+00 7.98451260e+00 7.98480060e+00 7.99451260e+00 7.99480060e+00 8.00451260e+00 8.00480060e+00 8.01451260e+00 8.01480060e+00 8.02451260e+00 8.02601660e+00 8.04062544e+00 8.05350005e+00 8.05580405e+00 8.06350005e+00 8.06580405e+00 8.07350005e+00 8.07580405e+00 8.08350005e+00 8.08580405e+00 8.09350005e+00 8.09580405e+00 8.10350005e+00 8.11054005e+00 8.11426921e+00 8.12474229e+00 8.12503029e+00 8.13474229e+00 8.13503029e+00 8.14474229e+00 8.14503029e+00 8.15474229e+00 8.15503029e+00 8.16474229e+00 8.16503029e+00 8.17474229e+00 8.17624629e+00 8.18659387e+00 8.19620068e+00 8.19850468e+00 8.20620068e+00 8.20850468e+00 8.21620068e+00 8.21850468e+00 8.22620068e+00 8.22850468e+00 8.23620068e+00 8.23850468e+00 8.24620068e+00 8.24838000e+00 8.25356068e+00 8.25705886e+00 8.27620205e+00 8.27705886e+00 8.27734686e+00 8.28705886e+00 8.28734686e+00 8.29705886e+00 8.29734686e+00 8.30705886e+00 8.30734686e+00 8.31705886e+00 8.31734686e+00 8.32705886e+00 8.32856286e+00 8.37856286e+00 8.37927564e+00 8.38697164e+00 8.38927564e+00 8.39697164e+00 8.39927564e+00 8.40697164e+00 8.41337164e+00 8.46337164e+00 8.47048390e+00 8.47278790e+00 8.48048390e+00 8.48278790e+00 8.49048390e+00 8.49752390e+00 8.54752390e+00 8.54770289e+00 8.55741489e+00 8.55770289e+00 8.56741489e+00 8.56770289e+00 8.57741489e+00 8.57949489e+00 8.62949489e+00 8.63134685e+00 8.63163485e+00 8.64134685e+00 8.64163485e+00 8.65134685e+00 8.65285085e+00 8.70285085e+00 8.70451931e+00 8.70682331e+00 8.71451931e+00 8.71682331e+00 8.72451931e+00 8.73123931e+00 8.78123931e+00 8.78622440e+00 8.78852840e+00 8.79622440e+00 8.79852840e+00 8.80622440e+00 8.80852840e+00 8.81622440e+00 8.82288040e+00 8.87288040e+00 8.87456992e+00 8.87687392e+00 8.88456992e+00 8.88687392e+00 8.89456992e+00 8.89687392e+00 8.90456992e+00 8.91052192e+00 8.92406719e+00 8.93252788e+00 8.93281588e+00 8.94252788e+00 8.94281588e+00 8.95252788e+00 8.95281588e+00 8.96252788e+00 8.96281588e+00 8.97252788e+00 8.97281588e+00 8.98252788e+00 8.98403188e+00 8.98436047e+00 9.00436047e+00 9.00464847e+00 9.01436047e+00 9.01464847e+00 9.02436047e+00 9.02464847e+00 9.03436047e+00 9.03464847e+00 9.04436047e+00 9.04464847e+00 9.05436047e+00 9.05586447e+00 9.10586447e+00 9.10604937e+00 9.10633737e+00 9.11604937e+00 9.11633737e+00 9.12604937e+00 9.12812937e+00 9.17812937e+00 9.18168856e+00 9.18197656e+00 9.19168856e+00 9.19197656e+00 9.20168856e+00 9.20197656e+00 9.21168856e+00 9.21319256e+00 9.26319256e+00 9.26882716e+00 9.26911516e+00 9.27882716e+00 9.27911516e+00 9.28882716e+00 9.29050359e+00 9.29090716e+00 9.34090716e+00 9.34218630e+00 9.34449030e+00 9.35218630e+00 9.35449030e+00 9.36218630e+00 9.36807430e+00 9.41807430e+00 9.42382514e+00 9.42612914e+00 9.43382514e+00 9.43612914e+00 9.44382514e+00 9.44612914e+00 9.45382514e+00 9.45984114e+00 9.50984114e+00 9.51301136e+00 9.51329936e+00 9.52301136e+00 9.52329936e+00 9.53301136e+00 9.53329936e+00 9.54301136e+00 9.54329936e+00 9.55301136e+00 9.55509136e+00 9.60509136e+00 9.60533648e+00 9.61504848e+00 9.61533648e+00 9.62504848e+00 9.62533648e+00 9.63504848e+00 9.63655248e+00 9.68655248e+00 9.69043934e+00 9.69274334e+00 9.70043934e+00 9.70274334e+00 9.71043934e+00 9.71895134e+00 9.76895134e+00 9.76921608e+00 9.77152008e+00 9.77921608e+00 9.78152008e+00 9.78921608e+00 9.79670408e+00 9.84670408e+00 9.85395028e+00 9.85625428e+00 9.86395028e+00 9.86625428e+00 9.87395028e+00 9.87625428e+00 9.88395028e+00 9.89310228e+00 9.90817367e+00 9.91350714e+00 9.91379514e+00 9.92350714e+00 9.92379514e+00 9.93350714e+00 9.93379514e+00 9.94350714e+00 9.94379514e+00 9.95350714e+00 9.95379514e+00 9.96350714e+00 9.96558714e+00 9.96832515e+00 9.98832515e+00 9.98861315e+00 9.99832515e+00 9.99861315e+00 1.00083251e+01 1.00086131e+01 1.00183251e+01 1.00186131e+01 1.00283251e+01 1.00286131e+01 1.00383251e+01 1.00398291e+01 1.00898291e+01 1.00957861e+01 1.00960741e+01 1.01057861e+01 1.01060741e+01 1.01157861e+01 1.01172901e+01 1.01672901e+01 1.01697033e+01 1.01699913e+01 1.01797033e+01 1.01799913e+01 1.01897033e+01 1.01912073e+01 1.02412073e+01 1.02431642e+01 1.02454682e+01 1.02531642e+01 1.02554682e+01 1.02631642e+01 1.02684122e+01 1.03184122e+01 1.03188386e+01 1.03265346e+01 1.03288386e+01 1.03365346e+01 1.03369568e+01 1.03388386e+01 1.03465346e+01 1.03559426e+01 1.04059426e+01 1.04077050e+01 1.04154010e+01 1.04177050e+01 1.04254010e+01 1.04277050e+01 1.04354010e+01 1.04377050e+01 1.04454010e+01 1.04507130e+01 1.05007130e+01 1.05020261e+01 1.05023141e+01 1.05120261e+01 1.05123141e+01 1.05220261e+01 1.05241061e+01 1.05741061e+01 1.05762655e+01 1.05765535e+01 1.05862655e+01 1.05865535e+01 1.05962655e+01 1.05977695e+01 1.06477695e+01 1.06544324e+01 1.06547204e+01 1.06644324e+01 1.06647204e+01 1.06744324e+01 1.06765124e+01 1.07265124e+01 1.07281344e+01 1.07284224e+01 1.07381344e+01 1.07384224e+01 1.07481344e+01 1.07502144e+01 1.08002144e+01 1.08083592e+01 1.08086472e+01 1.08183592e+01 1.08186472e+01 1.08283592e+01 1.08304392e+01 1.08936587e+01 1.08949511e+01 1.08972551e+01 1.09049511e+01 1.09072551e+01 1.09149511e+01 1.09204551e+01 1.09222472e+01 1.09422472e+01 1.09425352e+01 1.09522472e+01 1.09525352e+01 1.09622472e+01 1.09625352e+01 1.09722472e+01 1.09725352e+01 1.09822472e+01 1.09825352e+01 1.09922472e+01 1.09937512e+01 1.10437512e+01 1.10446982e+01 1.10521621e+01 1.10524501e+01 1.10546982e+01 1.10621621e+01 1.10624501e+01 1.10646982e+01 1.10721621e+01 1.10742421e+01 1.10796902e+01 1.10961731e+01 1.10964611e+01 1.11061731e+01 1.11064611e+01 1.11161731e+01 1.11164611e+01 1.11224501e+01 1.11724501e+01 1.11734954e+01 1.11737834e+01 1.11834954e+01 1.11837834e+01 1.11934954e+01 1.11937834e+01 1.12034954e+01 1.12037834e+01 1.12134954e+01 1.12137834e+01 1.12234954e+01 1.12255754e+01 1.12755754e+01 1.12812458e+01 1.12815338e+01 1.12912458e+01 1.12915338e+01 1.13012458e+01 1.13033258e+01 1.13533258e+01 1.13535127e+01 1.13538007e+01 1.13550534e+01 1.13573574e+01 1.13635127e+01 1.13638007e+01 1.13650534e+01 1.13673574e+01 1.13735127e+01 1.13738007e+01 1.13750534e+01 1.13845894e+01 1.14345894e+01 1.14357264e+01 1.14380304e+01 1.14457264e+01 1.14480304e+01 1.14557264e+01 1.14619344e+01 1.15119344e+01 1.15138008e+01 1.15140888e+01 1.15238008e+01 1.15240888e+01 1.15338008e+01 1.15340888e+01 1.15438008e+01 1.15453048e+01 1.15953048e+01 1.16004932e+01 1.16027972e+01 1.16104932e+01 1.16127972e+01 1.16204932e+01 1.16223142e+01 1.16258052e+01 1.16758052e+01 1.16793726e+01 1.16816766e+01 1.16893726e+01 1.16916766e+01 1.16993726e+01 1.17045566e+01 1.17545566e+01 1.17547503e+01 1.17570543e+01 1.17647503e+01 1.17670543e+01 1.17747503e+01 1.17837743e+01 1.18337743e+01 1.18364436e+01 1.18387476e+01 1.18464436e+01 1.18487476e+01 1.18564436e+01 1.18627156e+01 1.19264930e+01 1.19361980e+01 1.19377020e+01 1.19533749e+01 1.19584092e+01 1.19586972e+01 1.19684092e+01 1.19686972e+01 1.19784092e+01 1.19786972e+01 1.19884092e+01 1.19886972e+01 1.19984092e+01 1.19986972e+01 1.20084092e+01 1.20104892e+01 1.20136866e+01 1.20336866e+01 1.20339746e+01 1.20436866e+01 1.20439746e+01 1.20536866e+01 1.20539746e+01 1.20636866e+01 1.20639746e+01 1.20736866e+01 1.20739746e+01 1.20836866e+01 1.20851906e+01 1.21351906e+01 1.21407427e+01 1.21410307e+01 1.21507427e+01 1.21510307e+01 1.21607427e+01 1.21622467e+01 1.22122467e+01 1.22148239e+01 1.22171279e+01 1.22248239e+01 1.22271279e+01 1.22348239e+01 1.22427599e+01 1.22927599e+01 1.22992736e+01 1.23015776e+01 1.23092736e+01 1.23115776e+01 1.23192736e+01 1.23275296e+01 1.23775296e+01 1.23779133e+01 1.23856093e+01 1.23879133e+01 1.23956093e+01 1.23979133e+01 1.24056093e+01 1.24079133e+01 1.24156093e+01 1.24216893e+01 1.24716893e+01 1.24799865e+01 1.24802745e+01 1.24899865e+01 1.24902745e+01 1.24999865e+01 1.25020665e+01 1.25520665e+01 1.25523510e+01 1.25600470e+01 1.25623510e+01 1.25700470e+01 1.25723510e+01 1.25800470e+01 1.25801718e+01 1.25884950e+01 1.26384950e+01 1.26479595e+01 1.26482475e+01 1.26579595e+01 1.26582475e+01 1.26679595e+01 1.26694635e+01 1.27194635e+01 1.27200049e+01 1.27202929e+01 1.27300049e+01 1.27302929e+01 1.27400049e+01 1.27420849e+01 1.27920849e+01 1.27968853e+01 1.27971733e+01 1.28068853e+01 1.28071733e+01 1.28168853e+01 1.28189653e+01 1.28689653e+01 1.28691607e+01 1.28714647e+01 1.28791607e+01 1.28814647e+01 1.28891607e+01 1.28954327e+01 1.29045954e+01 1.29104329e+01 1.29107209e+01 1.29204329e+01 1.29207209e+01 1.29304329e+01 1.29307209e+01 1.29404329e+01 1.29407209e+01 1.29504329e+01 1.29507209e+01 1.29604329e+01 1.29619369e+01 1.29790913e+01 1.29930932e+01 1.29953972e+01 1.30030932e+01 1.30053972e+01 1.30130932e+01 1.30153972e+01 1.30230932e+01 1.30253972e+01 1.30330932e+01 1.30353972e+01 1.30430932e+01 1.30501332e+01 1.30520825e+01 1.30720825e+01 1.30723705e+01 1.30820825e+01 1.30823705e+01 1.30920825e+01 1.30923705e+01 1.31020825e+01 1.31023705e+01 1.31120825e+01 1.31123705e+01 1.31220825e+01 1.31235865e+01 1.31735865e+01 1.31767393e+01 1.31770273e+01 1.31867393e+01 1.31870273e+01 1.31967393e+01 1.31988193e+01 1.32488193e+01 1.32489559e+01 1.32551298e+01 1.32574338e+01 1.32586679e+01 1.32589559e+01 1.32651298e+01 1.32674338e+01 1.32686679e+01 1.32689559e+01 1.32751298e+01 1.32774338e+01 1.32786679e+01 1.32789559e+01 1.32851298e+01 1.32947938e+01 1.33447938e+01 1.33507762e+01 1.33510642e+01 1.33607762e+01 1.33628562e+01 1.34128562e+01 1.34154341e+01 1.34157221e+01 1.34178324e+01 1.34254341e+01 1.34257221e+01 1.34278324e+01 1.34354341e+01 1.34357221e+01 1.34378324e+01 1.34454341e+01 1.34475141e+01 1.34530804e+01 1.34820279e+01 1.34843319e+01 1.34857221e+01 1.35357221e+01 1.35405399e+01 1.35557221e+01 1.36057221e+01 1.36138704e+01 1.36159504e+01 1.36659504e+01 1.36683459e+01 1.36706499e+01 1.36783459e+01 1.36806499e+01 1.36883459e+01 1.36964915e+01 1.36968579e+01 1.37468579e+01 1.37539653e+01 1.37562693e+01 1.37563234e+01 1.37639653e+01 1.37662693e+01 1.37663234e+01 1.37739653e+01 1.37791493e+01 1.38291493e+01 1.38361406e+01 1.38364286e+01 1.38461406e+01 1.38464286e+01 1.38561406e+01 1.38564286e+01 1.38661406e+01 1.38664286e+01 1.38761406e+01 1.38764286e+01 1.38861406e+01 1.38882206e+01 1.38973038e+01 1.39100612e+01 1.39103492e+01 1.39200612e+01 1.39203492e+01 1.39300612e+01 1.39303492e+01 1.39400612e+01 1.39403492e+01 1.39500612e+01 1.39503492e+01 1.39600612e+01 1.39615652e+01 1.39738544e+01 1.39863086e+01 1.39865966e+01 1.39963086e+01 1.39965966e+01 1.40063086e+01 1.40065966e+01 1.40163086e+01 1.40165966e+01 1.40263086e+01 1.40265966e+01 1.40363086e+01 1.40383886e+01 1.40390380e+01 1.40590380e+01 1.40593260e+01 1.40690380e+01 1.40693260e+01 1.40790380e+01 1.40793260e+01 1.40890380e+01 1.40893260e+01 1.40990380e+01 1.40993260e+01 1.41090380e+01 1.41105420e+01 1.41605420e+01 1.41656511e+01 1.41679551e+01 1.41756511e+01 1.41779551e+01 1.41856511e+01 1.41930111e+01 1.42430111e+01 1.42451220e+01 1.42528180e+01 1.42551220e+01 1.42628180e+01 1.42651220e+01 1.42728180e+01 1.42751220e+01 1.42828180e+01 1.42908820e+01 1.43408820e+01 1.43436573e+01 1.43459613e+01 1.43536573e+01 1.43559613e+01 1.43636573e+01 1.43659613e+01 1.43736573e+01 1.43789053e+01 1.44289053e+01 1.44317057e+01 1.44340097e+01 1.44417057e+01 1.44440097e+01 1.44517057e+01 1.44540097e+01 1.44617057e+01 1.44711137e+01 1.45211137e+01 1.45224198e+01 1.45247238e+01 1.45324198e+01 1.45347238e+01 1.45424198e+01 1.45495238e+01 1.45995238e+01 1.45997252e+01 1.46094372e+01 1.46097252e+01 1.46194372e+01 1.46215172e+01 1.46715172e+01 1.46791319e+01 1.46801625e+01 1.46814359e+01 1.46891319e+01 1.46914359e+01 1.46991319e+01 1.47078999e+01 1.47578999e+01 1.47628211e+01 1.47651251e+01 1.47728211e+01 1.47751251e+01 1.47828211e+01 1.47925491e+01 1.48425491e+01 1.48505878e+01 1.48508758e+01 1.48605878e+01 1.48608758e+01 1.48705878e+01 1.48726678e+01 1.49496215e+01 1.49551289e+01 1.49696215e+01 1.49699095e+01 1.49796215e+01 1.49799095e+01 1.49896215e+01 1.49899095e+01 1.49996215e+01 1.49999095e+01 1.50096215e+01 1.50099095e+01 1.50196215e+01 1.50211255e+01 1.50711255e+01 1.50783888e+01 1.50786768e+01 1.50883888e+01 1.50886768e+01 1.50983888e+01 1.51004688e+01 1.51504688e+01 1.51551214e+01 1.51554094e+01 1.51651214e+01 1.51654094e+01 1.51751214e+01 1.51772014e+01 1.52272014e+01 1.52323461e+01 1.52326341e+01 1.52423461e+01 1.52426341e+01 1.52523461e+01 1.52538501e+01 1.53038501e+01 1.53097813e+01 1.53100693e+01 1.53197813e+01 1.53200693e+01 1.53297813e+01 1.53312853e+01 1.53812853e+01 1.53834034e+01 1.53836914e+01 1.53934034e+01 1.53936914e+01 1.54034034e+01 1.54049074e+01 1.54549074e+01 1.54639265e+01 1.54642145e+01 1.54739265e+01 1.54742145e+01 1.54839265e+01 1.54842145e+01 1.54939265e+01 1.54960065e+01 1.55460065e+01 1.55471736e+01 1.55474616e+01 1.55571736e+01 1.55574616e+01 1.55671736e+01 1.55692536e+01 1.56192536e+01 1.56219100e+01 1.56221980e+01 1.56319100e+01 1.56321980e+01 1.56419100e+01 1.56434140e+01 1.56934140e+01 1.57008999e+01 1.57032039e+01 1.57108999e+01 1.57132039e+01 1.57208999e+01 1.57279399e+01 1.57779399e+01 1.57826960e+01 1.57850000e+01 1.57926960e+01 1.57950000e+01 1.58026960e+01 1.58089040e+01 1.58589040e+01 1.58674934e+01 1.58677814e+01 1.58774934e+01 1.58795734e+01 1.58972927e+01 1.59054983e+01 1.59057863e+01 1.59079668e+01 1.59154983e+01 1.59157863e+01 1.59179668e+01 1.59254983e+01 1.59257863e+01 1.59279668e+01 1.59354983e+01 1.59357863e+01 1.59379668e+01 1.59454983e+01 1.59457863e+01 1.59479668e+01 1.59554983e+01 1.59570023e+01 1.59653268e+01 1.59757863e+01 1.59827620e+01 1.60027620e+01 1.60030500e+01 1.60127620e+01 1.60130500e+01 1.60227620e+01 1.60230500e+01 1.60327620e+01 1.60330500e+01 1.60427620e+01 1.60430500e+01 1.60527620e+01 1.60542660e+01 1.61042660e+01 1.61092813e+01 1.61115853e+01 1.61192813e+01 1.61215853e+01 1.61292813e+01 1.61296746e+01 1.61315853e+01 1.61392813e+01 1.61470253e+01 1.61970253e+01 1.61996625e+01 1.61999505e+01 1.62096625e+01 1.62099505e+01 1.62196625e+01 1.62211665e+01 1.62711665e+01 1.62733585e+01 1.62810545e+01 1.62833585e+01 1.62910545e+01 1.62933585e+01 1.63010545e+01 1.63033585e+01 1.63110545e+01 1.63209745e+01 1.63709745e+01 1.63751329e+01 1.63774369e+01 1.63851329e+01 1.63874369e+01 1.63951329e+01 1.63974369e+01 1.64051329e+01 1.64129409e+01 1.64629409e+01 1.64643583e+01 1.64666623e+01 1.64743583e+01 1.64766623e+01 1.64843583e+01 1.64908863e+01 1.65408863e+01 1.65439334e+01 1.65462374e+01 1.65539334e+01 1.65562374e+01 1.65639334e+01 1.65731494e+01 1.66231494e+01 1.66257752e+01 1.66280792e+01 1.66357752e+01 1.66380792e+01 1.66457752e+01 1.66556312e+01 1.67056312e+01 1.67128747e+01 1.67131627e+01 1.67228747e+01 1.67231627e+01 1.67328747e+01 1.67349547e+01 1.67849547e+01 1.67853407e+01 1.67856287e+01 1.67953407e+01 1.67956287e+01 1.68053407e+01 1.68068447e+01 1.68568447e+01 1.68598143e+01 1.68621183e+01 1.68698143e+01 1.68721183e+01 1.68798143e+01 1.68877255e+01 1.68890943e+01 1.69006925e+01 1.69145274e+01 1.69148154e+01 1.69245274e+01 1.69248154e+01 1.69345274e+01 1.69348154e+01 1.69445274e+01 1.69448154e+01 1.69545274e+01 1.69548154e+01 1.69645274e+01 1.69660314e+01 1.69709997e+01 1.69909997e+01 1.69912877e+01 1.70009997e+01 1.70012877e+01 1.70109997e+01 1.70112877e+01 1.70209997e+01 1.70212877e+01 1.70309997e+01 1.70312877e+01 1.70409997e+01 1.70425037e+01 1.70925037e+01 1.70987114e+01 1.70989994e+01 1.71087114e+01 1.71089994e+01 1.71187114e+01 1.71207914e+01 1.71707914e+01 1.71713218e+01 1.71716098e+01 1.71813218e+01 1.71816098e+01 1.71913218e+01 1.71934018e+01 1.72434018e+01 1.72506482e+01 1.72529522e+01 1.72530323e+01 1.72606482e+01 1.72629522e+01 1.72630323e+01 1.72706482e+01 1.72729522e+01 1.72730323e+01 1.72806482e+01 1.72858322e+01 1.73358322e+01 1.73449388e+01 1.73452268e+01 1.73549388e+01 1.73570188e+01 1.74070188e+01 1.74136175e+01 1.74139055e+01 1.74236175e+01 1.74239055e+01 1.74336175e+01 1.74356975e+01 1.74856975e+01 1.74877901e+01 1.74900941e+01 1.74977901e+01 1.75000941e+01 1.75077901e+01 1.75170061e+01 1.75670061e+01 1.75699758e+01 1.75702638e+01 1.75799758e+01 1.75802638e+01 1.75899758e+01 1.75914798e+01 1.76414798e+01 1.76420816e+01 1.76443856e+01 1.76520816e+01 1.76543856e+01 1.76620816e+01 1.76643856e+01 1.76720816e+01 1.76818096e+01 1.77318096e+01 1.77342573e+01 1.77365613e+01 1.77442573e+01 1.77465613e+01 1.77542573e+01 1.77565613e+01 1.77642573e+01 1.77710413e+01 1.78210413e+01 1.78212026e+01 1.78288986e+01 1.78312026e+01 1.78388986e+01 1.78412026e+01 1.78488986e+01 1.78512026e+01 1.78588986e+01 1.78659386e+01 1.79333319e+01 1.79387191e+01 1.79410231e+01 1.79487191e+01 1.79501603e+01 1.79551191e+01 1.79607731e+01 1.79780845e+01 1.79803885e+01 1.79878203e+01 1.79881083e+01 1.79881427e+01 1.79884307e+01 1.79903885e+01 1.79978203e+01 1.79981083e+01 1.79981427e+01 1.79984307e+01 1.80003885e+01 1.80078203e+01 1.80081083e+01 1.80081427e+01 1.80084307e+01 1.80103885e+01 1.80178203e+01 1.80181083e+01 1.80181427e+01 1.80184307e+01 1.80203885e+01 1.80278203e+01 1.80281083e+01 1.80281427e+01 1.80302227e+01 1.80362765e+01 1.80378203e+01 1.80393243e+01 1.80478345e+01 1.80583415e+01 1.80586295e+01 1.80683415e+01 1.80686295e+01 1.80783415e+01 1.80786295e+01 1.80883415e+01 1.80886295e+01 1.80983415e+01 1.80986295e+01 1.81083415e+01 1.81104215e+01 1.81297988e+01 1.81305918e+01 1.81308798e+01 1.81405918e+01 1.81408798e+01 1.81505918e+01 1.81508798e+01 1.81605918e+01 1.81608798e+01 1.81705918e+01 1.81708798e+01 1.81805918e+01 1.81826718e+01 1.81846601e+01 1.82046601e+01 1.82049481e+01 1.82146601e+01 1.82149481e+01 1.82246601e+01 1.82249481e+01 1.82346601e+01 1.82349481e+01 1.82446601e+01 1.82449481e+01 1.82546601e+01 1.82561641e+01 1.83061641e+01 1.83119597e+01 1.83122477e+01 1.83219597e+01 1.83222477e+01 1.83319597e+01 1.83340397e+01 1.83840397e+01 1.83860475e+01 1.83863355e+01 1.83960475e+01 1.83963355e+01 1.84060475e+01 1.84063355e+01 1.84160475e+01 1.84181275e+01 1.84681275e+01 1.84684650e+01 1.84707690e+01 1.84784650e+01 1.84807690e+01 1.84884650e+01 1.84962090e+01 1.85462090e+01 1.85528884e+01 1.85531764e+01 1.85628884e+01 1.85631764e+01 1.85728884e+01 1.85743924e+01 1.86243924e+01 1.86263373e+01 1.86266253e+01 1.86363373e+01 1.86366253e+01 1.86463373e+01 1.86478413e+01 1.86978413e+01 1.86982404e+01 1.87005444e+01 1.87082404e+01 1.87105444e+01 1.87182404e+01 1.87205444e+01 1.87282404e+01 1.87351524e+01 1.87851524e+01 1.87869701e+01 1.87892741e+01 1.87969701e+01 1.87992741e+01 1.88069701e+01 1.88125381e+01 1.88625381e+01 1.88690746e+01 1.88713786e+01 1.88790746e+01 1.88813786e+01 1.88890746e+01 1.88913786e+01 1.88990746e+01 1.89068186e+01 1.89191951e+01 1.89391951e+01 1.89394831e+01 1.89491951e+01 1.89494831e+01 1.89591951e+01 1.89594831e+01 1.89691951e+01 1.89694831e+01 1.89791951e+01 1.89794831e+01 1.89891951e+01 1.89906991e+01 1.90406991e+01 1.90410916e+01 1.90487876e+01 1.90489178e+01 1.90510916e+01 1.90587876e+01 1.90610916e+01 1.90687876e+01 1.90751876e+01 1.91251876e+01 1.91260303e+01 1.91263183e+01 1.91360303e+01 1.91363183e+01 1.91460303e+01 1.91463183e+01 1.91560303e+01 1.91575343e+01 1.92075343e+01 1.92099527e+01 1.92102407e+01 1.92199527e+01 1.92202407e+01 1.92299527e+01 1.92314567e+01 1.92814567e+01 1.92850707e+01 1.92853587e+01 1.92950707e+01 1.92953587e+01 1.93050707e+01 1.93053587e+01 1.93150707e+01 1.93171507e+01 1.93671507e+01 1.93728931e+01 1.93731811e+01 1.93828931e+01 1.93831811e+01 1.93928931e+01 1.93949731e+01 1.94449731e+01 1.94458326e+01 1.94461206e+01 1.94558326e+01 1.94561206e+01 1.94658326e+01 1.94679126e+01 1.95179126e+01 1.95186333e+01 1.95209373e+01 1.95226054e+01 1.95228934e+01 1.95286333e+01 1.95309373e+01 1.95326054e+01 1.95328934e+01 1.95386333e+01 1.95463773e+01 1.95963773e+01 1.95990401e+01 1.95993281e+01 1.96090401e+01 1.96093281e+01 1.96190401e+01 1.96193281e+01 1.96290401e+01 1.96293281e+01 1.96390401e+01 1.96393281e+01 1.96490401e+01 1.96511201e+01 1.97011201e+01 1.97071207e+01 1.97094247e+01 1.97171207e+01 1.97194247e+01 1.97271207e+01 1.97352487e+01 1.97852487e+01 1.97856798e+01 1.97933758e+01 1.97956798e+01 1.98033758e+01 1.98056798e+01 1.98133758e+01 1.98156798e+01 1.98233758e+01 1.98322718e+01 1.99125272e+01 1.99208637e+01 1.99325272e+01 1.99328152e+01 1.99425272e+01 1.99428152e+01 1.99525272e+01 1.99528152e+01 1.99625272e+01 1.99628152e+01 1.99725272e+01 1.99728152e+01 1.99825272e+01 1.99840312e+01 2.00340312e+01 2.00389792e+01 2.00392672e+01 2.00489792e+01 2.00492672e+01 2.00589792e+01 2.00610592e+01 2.01110592e+01 2.01122581e+01 2.01125461e+01 2.01125689e+01 2.01222581e+01 2.01225461e+01 2.01225689e+01 2.01322581e+01 2.01343381e+01 2.01843381e+01 2.01844001e+01 2.01846881e+01 2.01944001e+01 2.01946881e+01 2.02044001e+01 2.02064801e+01 2.02564801e+01 2.02565839e+01 2.02568719e+01 2.02665839e+01 2.02668719e+01 2.02765839e+01 2.02780879e+01 2.03280879e+01 2.03313653e+01 2.03336693e+01 2.03413653e+01 2.03436693e+01 2.03513653e+01 2.03536693e+01 2.03613653e+01 2.03664876e+01 2.03669333e+01 2.04169333e+01 2.04234931e+01 2.04257971e+01 2.04334931e+01 2.04357971e+01 2.04434931e+01 2.04506611e+01 2.05006611e+01 2.05069819e+01 2.05072699e+01 2.05169819e+01 2.05172699e+01 2.05269819e+01 2.05290619e+01 2.05790619e+01 2.05852469e+01 2.05855349e+01 2.05952469e+01 2.05955349e+01 2.06052469e+01 2.06073269e+01 2.06573269e+01 2.06630069e+01 2.06653109e+01 2.06730069e+01 2.06753109e+01 2.06830069e+01 2.06898549e+01 2.07398549e+01 2.07446233e+01 2.07449113e+01 2.07546233e+01 2.07549113e+01 2.07646233e+01 2.07661273e+01 2.08161273e+01 2.08164175e+01 2.08187215e+01 2.08264175e+01 2.08287215e+01 2.08364175e+01 2.08387215e+01 2.08464175e+01 2.08524975e+01 2.09221425e+01 2.09234537e+01 2.09311497e+01 2.09377417e+01 2.09495973e+01 2.09604105e+01 2.09606985e+01 2.09704105e+01 2.09706985e+01 2.09804105e+01 2.09806985e+01 2.09904105e+01 2.09906985e+01 2.10004105e+01 2.10006985e+01 2.10104105e+01 2.10119145e+01 2.10138506e+01 2.10338506e+01 2.10341386e+01 2.10438506e+01 2.10441386e+01 2.10538506e+01 2.10541386e+01 2.10638506e+01 2.10641386e+01 2.10738506e+01 2.10741386e+01 2.10838506e+01 2.10853546e+01 2.11353546e+01 2.11371752e+01 2.11394792e+01 2.11471752e+01 2.11494792e+01 2.11571752e+01 2.11594792e+01 2.11671752e+01 2.11735752e+01 2.12235752e+01 2.12243266e+01 2.12246146e+01 2.12343266e+01 2.12346146e+01 2.12443266e+01 2.12458306e+01 2.12958306e+01 2.12961042e+01 2.13058162e+01 2.13061042e+01 2.13158162e+01 2.13161042e+01 2.13258162e+01 2.13261042e+01 2.13358162e+01 2.13378962e+01 2.13878962e+01 2.13913370e+01 2.13916250e+01 2.14013370e+01 2.14016250e+01 2.14113370e+01 2.14116250e+01 2.14213370e+01 2.14234170e+01 2.14734170e+01 2.14746983e+01 2.14749863e+01 2.14846983e+01 2.14849863e+01 2.14946983e+01 2.14949863e+01 2.15046983e+01 2.15067783e+01 2.15567783e+01 2.15590480e+01 2.15593360e+01 2.15690480e+01 2.15693360e+01 2.15790480e+01 2.15805520e+01 2.16305520e+01 2.16309858e+01 2.16332898e+01 2.16409858e+01 2.16432898e+01 2.16509858e+01 2.16571449e+01 2.16575778e+01 2.17075778e+01 2.17103229e+01 2.17126269e+01 2.17203229e+01 2.17226269e+01 2.17303229e+01 2.17366589e+01 2.17866589e+01 2.17902471e+01 2.17925511e+01 2.18002471e+01 2.18025511e+01 2.18102471e+01 2.18179271e+01 2.18679271e+01 2.18702735e+01 2.18725775e+01 2.18802735e+01 2.18825775e+01 2.18902735e+01 2.18993615e+01 2.19181771e+01 2.19246123e+01 2.19249003e+01 2.19346123e+01 2.19349003e+01 2.19446123e+01 2.19449003e+01 2.19546123e+01 2.19549003e+01 2.19646123e+01 2.19649003e+01 2.19746123e+01 2.19766923e+01 2.19945284e+01 2.20086166e+01 2.20089046e+01 2.20186166e+01 2.20189046e+01 2.20286166e+01 2.20289046e+01 2.20386166e+01 2.20389046e+01 2.20486166e+01 2.20489046e+01 2.20586166e+01 2.20601206e+01 2.20643513e+01 2.20830768e+01 2.20843513e+01 2.20846393e+01 2.20943513e+01 2.20946393e+01 2.21043513e+01 2.21046393e+01 2.21143513e+01 2.21146393e+01 2.21243513e+01 2.21246393e+01 2.21343513e+01 2.21358553e+01 2.21858553e+01 2.21863576e+01 2.21886616e+01 2.21963576e+01 2.21986616e+01 2.22063576e+01 2.22086616e+01 2.22163576e+01 2.22215416e+01 2.22715416e+01 2.22727123e+01 2.22750163e+01 2.22827123e+01 2.22850163e+01 2.22927123e+01 2.22991763e+01 2.23491763e+01 2.23514930e+01 2.23537970e+01 2.23614930e+01 2.23637970e+01 2.23714930e+01 2.23782130e+01 2.24282130e+01 2.24302123e+01 2.24305003e+01 2.24402123e+01 2.24405003e+01 2.24502123e+01 2.24517163e+01 2.25017163e+01 2.25025093e+01 2.25048133e+01 2.25125093e+01 2.25148133e+01 2.25225093e+01 2.25269165e+01 2.25296773e+01 2.25796773e+01 2.25834989e+01 2.25837869e+01 2.25934989e+01 2.25937869e+01 2.26034989e+01 2.26050029e+01 2.26550029e+01 2.26597081e+01 2.26599961e+01 2.26697081e+01 2.26699961e+01 2.26797081e+01 2.26817881e+01 2.27317881e+01 2.27329655e+01 2.27332535e+01 2.27429655e+01 2.27432535e+01 2.27529655e+01 2.27550455e+01 2.28050455e+01 2.28075224e+01 2.28078104e+01 2.28175224e+01 2.28178104e+01 2.28275224e+01 2.28296024e+01 2.29703632e+01 2.29751903e+01 2.29754783e+01 2.29851903e+01 2.29872703e+01 2.30015489e+01 2.30128934e+01 2.30131814e+01 2.30228934e+01 2.30231814e+01 2.30328934e+01 2.30331814e+01 2.30428934e+01 2.30431814e+01 2.30528934e+01 2.30531814e+01 2.30628934e+01 2.30643974e+01 2.30665931e+01 2.30865931e+01 2.30868811e+01 2.30965931e+01 2.30968811e+01 2.31065931e+01 2.31068811e+01 2.31165931e+01 2.31168811e+01 2.31265931e+01 2.31268811e+01 2.31365931e+01 2.31380971e+01 2.31880971e+01 2.31886900e+01 2.31889780e+01 2.31986900e+01 2.31989780e+01 2.32086900e+01 2.32101940e+01 2.32601940e+01 2.32622599e+01 2.32645639e+01 2.32722599e+01 2.32745639e+01 2.32822599e+01 2.32891079e+01 2.33391079e+01 2.33420270e+01 2.33423150e+01 2.33520270e+01 2.33523150e+01 2.33620270e+01 2.33641070e+01 2.34141070e+01 2.34141312e+01 2.34144192e+01 2.34241312e+01 2.34244192e+01 2.34341312e+01 2.34362112e+01 2.34862112e+01 2.34866001e+01 2.34942961e+01 2.34966001e+01 2.35042961e+01 2.35066001e+01 2.35142961e+01 2.35230641e+01 2.35730641e+01 2.35775466e+01 2.35778346e+01 2.35875466e+01 2.35878346e+01 2.35975466e+01 2.35978346e+01 2.36075466e+01 2.36090506e+01 2.36590506e+01 2.36628620e+01 2.36651660e+01 2.36728620e+01 2.36751660e+01 2.36828620e+01 2.36917580e+01 2.37417580e+01 2.37488625e+01 2.37511665e+01 2.37588625e+01 2.37611665e+01 2.37688625e+01 2.37750705e+01 2.38250705e+01 2.38265920e+01 2.38268800e+01 2.38365920e+01 2.38368800e+01 2.38465920e+01 2.38486720e+01 2.39012504e+01 2.39040855e+01 2.39043735e+01 2.39140855e+01 2.39143735e+01 2.39240855e+01 2.39243735e+01 2.39340855e+01 2.39361655e+01 2.39378717e+01 2.39577762e+01 2.39578717e+01 2.39581597e+01 2.39678717e+01 2.39681597e+01 2.39778717e+01 2.39781597e+01 2.39878717e+01 2.39881597e+01 2.39978717e+01 2.39981597e+01 2.40078717e+01 2.40084865e+01 2.40093757e+01 2.40593757e+01 2.40594272e+01 2.40691392e+01 2.40694272e+01 2.40791392e+01 2.40794272e+01 2.40891392e+01 2.40894272e+01 2.40991392e+01 2.40994272e+01 2.41091392e+01 2.41112192e+01 2.41612192e+01 2.41624129e+01 2.41627009e+01 2.41724129e+01 2.41727009e+01 2.41824129e+01 2.41827009e+01 2.41924129e+01 2.41944929e+01 2.42444929e+01 2.42536211e+01 2.42539091e+01 2.42636211e+01 2.42639091e+01 2.42736211e+01 2.42751251e+01 2.43251251e+01 2.43291170e+01 2.43294050e+01 2.43391170e+01 2.43394050e+01 2.43491170e+01 2.43511970e+01 2.44011970e+01 2.44020399e+01 2.44097359e+01 2.44120399e+01 2.44197359e+01 2.44220399e+01 2.44297359e+01 2.44395279e+01 2.44895279e+01 2.44951575e+01 2.44974615e+01 2.45051575e+01 2.45074615e+01 2.45151575e+01 2.45174615e+01 2.45251575e+01 2.45320695e+01 2.45820695e+01 2.45839819e+01 2.45862859e+01 2.45939819e+01 2.45962859e+01 2.46039819e+01 2.46102539e+01 2.46602539e+01 2.46641084e+01 2.46643964e+01 2.46741084e+01 2.46743964e+01 2.46841084e+01 2.46856124e+01 2.47356124e+01 2.47384594e+01 2.47387474e+01 2.47484594e+01 2.47487474e+01 2.47584594e+01 2.47587474e+01 2.47684594e+01 2.47705394e+01 2.48205394e+01 2.48278376e+01 2.48281256e+01 2.48378376e+01 2.48381256e+01 2.48478376e+01 2.48499176e+01 2.49471380e+01 2.49523337e+01 2.49526217e+01 2.49623337e+01 2.49626217e+01 2.49723337e+01 2.49726217e+01 2.49823337e+01 2.49826217e+01 2.49923337e+01 2.49926217e+01 2.50023337e+01 2.50038377e+01 2.50208748e+01 2.50261854e+01 2.50284894e+01 2.50361854e+01 2.50384894e+01 2.50461854e+01 2.50484894e+01 2.50561854e+01 2.50584894e+01 2.50661854e+01 2.50684894e+01 2.50761854e+01 2.50829054e+01 2.50875669e+01 2.51061023e+01 2.51075669e+01 2.51078549e+01 2.51175669e+01 2.51178549e+01 2.51275669e+01 2.51278549e+01 2.51375669e+01 2.51378549e+01 2.51475669e+01 2.51478549e+01 2.51575669e+01 2.51590709e+01 2.52090709e+01 2.52104780e+01 2.52107660e+01 2.52204780e+01 2.52207660e+01 2.52304780e+01 2.52307660e+01 2.52404780e+01 2.52419820e+01 2.52919820e+01 2.52921347e+01 2.52924227e+01 2.53021347e+01 2.53024227e+01 2.53121347e+01 2.53124227e+01 2.53221347e+01 2.53242147e+01 2.53742147e+01 2.53802227e+01 2.53805107e+01 2.53902227e+01 2.53905107e+01 2.54002227e+01 2.54023027e+01 2.54523027e+01 2.54529124e+01 2.54606084e+01 2.54616213e+01 2.54629124e+01 2.54706084e+01 2.54729124e+01 2.54806084e+01 2.54873284e+01 2.55373284e+01 2.55377437e+01 2.55380317e+01 2.55440491e+01 2.55443371e+01 2.55456405e+01 2.55479445e+01 2.55480317e+01 2.55540491e+01 2.55543371e+01 2.55556405e+01 2.55579445e+01 2.55580317e+01 2.55640491e+01 2.55643371e+01 2.55656405e+01 2.55742165e+01 2.56242165e+01 2.56261568e+01 2.56264448e+01 2.56361568e+01 2.56364448e+01 2.56461568e+01 2.56464448e+01 2.56561568e+01 2.56582368e+01 2.57082368e+01 2.57131905e+01 2.57154945e+01 2.57231905e+01 2.57254945e+01 2.57331905e+01 2.57385025e+01 2.57885025e+01 2.57903775e+01 2.57980735e+01 2.58003775e+01 2.58080735e+01 2.58103775e+01 2.58180735e+01 2.58203775e+01 2.58280735e+01 2.58372895e+01 2.59564324e+01 2.59566638e+01 2.59663758e+01 2.59666638e+01 2.59763758e+01 2.59766638e+01 2.59863758e+01 2.59866638e+01 2.59963758e+01 2.59978798e+01 2.60113935e+01 2.60225012e+01 2.60248052e+01 2.60325012e+01 2.60348052e+01 2.60425012e+01 2.60448052e+01 2.60525012e+01 2.60548052e+01 2.60625012e+01 2.60648052e+01 2.60725012e+01 2.60797972e+01 2.60831182e+01 2.61031182e+01 2.61034062e+01 2.61131182e+01 2.61134062e+01 2.61231182e+01 2.61234062e+01 2.61331182e+01 2.61334062e+01 2.61431182e+01 2.61434062e+01 2.61531182e+01 2.61546222e+01 2.62046222e+01 2.62136842e+01 2.62139722e+01 2.62236842e+01 2.62239722e+01 2.62336842e+01 2.62351882e+01 2.62851882e+01 2.62892995e+01 2.62895875e+01 2.62992995e+01 2.62995875e+01 2.63092995e+01 2.63113795e+01 2.63613795e+01 2.63620889e+01 2.63623769e+01 2.63720889e+01 2.63723769e+01 2.63820889e+01 2.63823769e+01 2.63920889e+01 2.63941689e+01 2.64441689e+01 2.64469504e+01 2.64492544e+01 2.64569504e+01 2.64592544e+01 2.64669504e+01 2.64705144e+01 2.64759104e+01 2.65259104e+01 2.65330252e+01 2.65333132e+01 2.65430252e+01 2.65433132e+01 2.65530252e+01 2.65533132e+01 2.65630252e+01 2.65645292e+01 2.66145292e+01 2.66190668e+01 2.66213708e+01 2.66290668e+01 2.66313708e+01 2.66390668e+01 2.66413708e+01 2.66490668e+01 2.66584748e+01 2.67084748e+01 2.67150182e+01 2.67153062e+01 2.67250182e+01 2.67270982e+01 2.67770982e+01 2.67802258e+01 2.67805138e+01 2.67902258e+01 2.67905138e+01 2.68002258e+01 2.68023058e+01 2.68523058e+01 2.68583898e+01 2.68606938e+01 2.68683898e+01 2.68706938e+01 2.68783898e+01 2.68855578e+01 2.68940511e+01 2.69062891e+01 2.69085931e+01 2.69162891e+01 2.69185931e+01 2.69262891e+01 2.69285931e+01 2.69362891e+01 2.69385931e+01 2.69462891e+01 2.69485931e+01 2.69562891e+01 2.69614731e+01 2.69801791e+01 2.69934017e+01 2.69957057e+01 2.70034017e+01 2.70057057e+01 2.70134017e+01 2.70157057e+01 2.70234017e+01 2.70257057e+01 2.70334017e+01 2.70357057e+01 2.70434017e+01 2.70532577e+01 2.70654774e+01 2.70735255e+01 2.70738135e+01 2.70835255e+01 2.70838135e+01 2.70935255e+01 2.70938135e+01 2.71035255e+01 2.71038135e+01 2.71135255e+01 2.71138135e+01 2.71235255e+01 2.71256055e+01 2.71306134e+01 2.71504490e+01 2.71506134e+01 2.71509014e+01 2.71606134e+01 2.71609014e+01 2.71706134e+01 2.71709014e+01 2.71806134e+01 2.71809014e+01 2.71906134e+01 2.71909014e+01 2.72006134e+01 2.72021174e+01 2.72521174e+01 2.72529991e+01 2.72606951e+01 2.72629991e+01 2.72706951e+01 2.72729991e+01 2.72806951e+01 2.72841255e+01 2.72881191e+01 2.73381191e+01 2.73400405e+01 2.73403285e+01 2.73500405e+01 2.73503285e+01 2.73600405e+01 2.73603285e+01 2.73700405e+01 2.73715445e+01 2.74215445e+01 2.74229601e+01 2.74306561e+01 2.74329601e+01 2.74406561e+01 2.74429601e+01 2.74506561e+01 2.74582081e+01 2.75082081e+01 2.75217515e+01 2.75240555e+01 2.75317515e+01 2.75340555e+01 2.75417515e+01 2.75440555e+01 2.75517515e+01 2.75540555e+01 2.75617515e+01 2.75640555e+01 2.75717515e+01 2.75809675e+01 2.76309675e+01 2.76356310e+01 2.76359190e+01 2.76456310e+01 2.76459190e+01 2.76556310e+01 2.76571350e+01 2.77071350e+01 2.77107957e+01 2.77130997e+01 2.77207957e+01 2.77230997e+01 2.77307957e+01 2.77391157e+01 2.77891157e+01 2.77964682e+01 2.77987722e+01 2.78064682e+01 2.78087722e+01 2.78164682e+01 2.78256202e+01 2.78756202e+01 2.78761584e+01 2.78784624e+01 2.78861584e+01 2.78884624e+01 2.78961584e+01 2.78984624e+01 2.79061584e+01 2.79121744e+01 2.79134631e+01 2.79334631e+01 2.79337511e+01 2.79434631e+01 2.79437511e+01 2.79534631e+01 2.79537511e+01 2.79634631e+01 2.79637511e+01 2.79734631e+01 2.79737511e+01 2.79834631e+01 2.79849671e+01 2.80349671e+01 2.80367321e+01 2.80370201e+01 2.80467321e+01 2.80470201e+01 2.80567321e+01 2.80582361e+01 2.81082361e+01 2.81125441e+01 2.81128321e+01 2.81225441e+01 2.81228321e+01 2.81325441e+01 2.81346241e+01 2.81846241e+01 2.81877686e+01 2.81880566e+01 2.81901111e+01 2.81977686e+01 2.81980566e+01 2.82001111e+01 2.82046241e+01 2.82546241e+01 2.82597878e+01 2.82600758e+01 2.82697878e+01 2.82700758e+01 2.82797878e+01 2.82818678e+01 2.83318678e+01 2.83328548e+01 2.83346079e+01 2.83351588e+01 2.83428548e+01 2.83451588e+01 2.83528548e+01 2.83600868e+01 2.84100868e+01 2.84158917e+01 2.84161797e+01 2.84182485e+01 2.84258917e+01 2.84261797e+01 2.84282485e+01 2.84358917e+01 2.84379717e+01 2.84409365e+01 2.84586172e+01 2.84589052e+01 2.84686172e+01 2.84689052e+01 2.84786172e+01 2.84789052e+01 2.84861797e+01 2.85361797e+01 2.85428414e+01 2.85431294e+01 2.85528414e+01 2.85531294e+01 2.85628414e+01 2.85631294e+01 2.85728414e+01 2.85731294e+01 2.85828414e+01 2.85849214e+01 2.86349214e+01 2.86358398e+01 2.86381438e+01 2.86458398e+01 2.86481438e+01 2.86558398e+01 2.86581438e+01 2.86658398e+01 2.86709598e+01 2.87209598e+01 2.87227267e+01 2.87304227e+01 2.87327267e+01 2.87404227e+01 2.87427267e+01 2.87504227e+01 2.87597667e+01 2.88097667e+01 2.88191882e+01 2.88194762e+01 2.88291882e+01 2.88312682e+01 2.89526919e+01 2.89603456e+01 2.89606336e+01 2.89703456e+01 2.89706336e+01 2.89803456e+01 2.89818496e+01 2.89995537e+01 2.90195537e+01 2.90198417e+01 2.90295537e+01 2.90298417e+01 2.90395537e+01 2.90398417e+01 2.90495537e+01 2.90498417e+01 2.90595537e+01 2.90598417e+01 2.90695537e+01 2.90710577e+01 2.91210577e+01 2.91236116e+01 2.91238996e+01 2.91336116e+01 2.91338996e+01 2.91436116e+01 2.91451156e+01 2.91951156e+01 2.91961620e+01 2.92038580e+01 2.92061620e+01 2.92138580e+01 2.92161620e+01 2.92238580e+01 2.92261620e+01 2.92338580e+01 2.92419860e+01 2.92919860e+01 2.92946034e+01 2.92969074e+01 2.93046034e+01 2.93069074e+01 2.93146034e+01 2.93169074e+01 2.93246034e+01 2.93298514e+01 2.93798514e+01 2.93804770e+01 2.93807650e+01 2.93904770e+01 2.93907650e+01 2.94004770e+01 2.94007650e+01 2.94104770e+01 2.94125570e+01 2.94625570e+01 2.94643999e+01 2.94720959e+01 2.94743999e+01 2.94820959e+01 2.94843999e+01 2.94920959e+01 2.94986477e+01 2.95015679e+01 2.95515679e+01 2.95545240e+01 2.95548120e+01 2.95645240e+01 2.95648120e+01 2.95745240e+01 2.95760280e+01 2.96260280e+01 2.96300482e+01 2.96303362e+01 2.96400482e+01 2.96403362e+01 2.96500482e+01 2.96521282e+01 2.97021282e+01 2.97042701e+01 2.97119661e+01 2.97142701e+01 2.97219661e+01 2.97242701e+01 2.97319661e+01 2.97374701e+01 2.97874701e+01 2.97926850e+01 2.97949890e+01 2.98026850e+01 2.98049890e+01 2.98126850e+01 2.98149890e+01 2.98226850e+01 2.98307490e+01 2.99106183e+01 2.99127793e+01 2.99306183e+01 2.99309063e+01 2.99406183e+01 2.99409063e+01 2.99506183e+01 2.99509063e+01 2.99606183e+01 2.99609063e+01 2.99706183e+01 2.99709063e+01 2.99806183e+01 2.99821223e+01 3.00321223e+01 3.00374505e+01 3.00397545e+01 3.00474505e+01 3.00497545e+01 3.00574505e+01 3.00640425e+01 3.01140425e+01 3.01155967e+01 3.01179007e+01 3.01255967e+01 3.01279007e+01 3.01355967e+01 3.01379007e+01 3.01455967e+01 3.01553887e+01 3.02053887e+01 3.02087736e+01 3.02090616e+01 3.02187736e+01 3.02190616e+01 3.02287736e+01 3.02290616e+01 3.02387736e+01 3.02402776e+01 3.02902776e+01 3.02956950e+01 3.02959830e+01 3.03056950e+01 3.03059830e+01 3.03156950e+01 3.03159830e+01 3.03256950e+01 3.03277750e+01 3.03777750e+01 3.03850940e+01 3.03873980e+01 3.03950940e+01 3.03973980e+01 3.04050940e+01 3.04073980e+01 3.04150940e+01 3.04214940e+01 3.04714940e+01 3.04735262e+01 3.04812222e+01 3.04835262e+01 3.04912222e+01 3.04935262e+01 3.05012222e+01 3.05080176e+01 3.05081982e+01 3.05581982e+01 3.05616421e+01 3.05639461e+01 3.05716421e+01 3.05739461e+01 3.05816421e+01 3.05874661e+01 3.06374661e+01 3.06400208e+01 3.06423248e+01 3.06500208e+01 3.06523248e+01 3.06600208e+01 3.06623248e+01 3.06700208e+01 3.06769328e+01 3.07269328e+01 3.07308783e+01 3.07311663e+01 3.07408783e+01 3.07411663e+01 3.07508783e+01 3.07511663e+01 3.07608783e+01 3.07623823e+01 3.08123823e+01 3.08135700e+01 3.08158740e+01 3.08235700e+01 3.08258740e+01 3.08335700e+01 3.08433620e+01 3.09726568e+01 3.09737274e+01 3.09740154e+01 3.09837274e+01 3.09840154e+01 3.09937274e+01 3.09940154e+01 3.10037274e+01 3.10052314e+01 3.10075494e+01 3.10275494e+01 3.10278374e+01 3.10375494e+01 3.10378374e+01 3.10475494e+01 3.10478374e+01 3.10575494e+01 3.10578374e+01 3.10675494e+01 3.10678374e+01 3.10775494e+01 3.10790534e+01 3.11290534e+01 3.11301910e+01 3.11304790e+01 3.11401910e+01 3.11404790e+01 3.11501910e+01 3.11522710e+01 3.12022710e+01 3.12040188e+01 3.12043068e+01 3.12065041e+01 3.12140188e+01 3.12143068e+01 3.12165041e+01 3.12222710e+01 3.12722710e+01 3.12770034e+01 3.12772914e+01 3.12870034e+01 3.12872914e+01 3.12970034e+01 3.12972914e+01 3.13070034e+01 3.13090834e+01 3.13590834e+01 3.13594299e+01 3.13617339e+01 3.13694299e+01 3.13717339e+01 3.13794299e+01 3.13817339e+01 3.13894299e+01 3.13990299e+01 3.14490299e+01 3.14536522e+01 3.14539402e+01 3.14636522e+01 3.14639402e+01 3.14736522e+01 3.14757322e+01 3.15257322e+01 3.15267556e+01 3.15270436e+01 3.15367556e+01 3.15370436e+01 3.15467556e+01 3.15488356e+01 3.15988356e+01 3.16011244e+01 3.16014124e+01 3.16111244e+01 3.16114124e+01 3.16211244e+01 3.16214124e+01 3.16311244e+01 3.16332044e+01 3.16832044e+01 3.16839756e+01 3.16862796e+01 3.16939756e+01 3.16962796e+01 3.17039756e+01 3.17090316e+01 3.17590316e+01 3.17644938e+01 3.17647818e+01 3.17744938e+01 3.17747818e+01 3.17844938e+01 3.17847818e+01 3.17944938e+01 3.17959978e+01 3.18459978e+01 3.18488862e+01 3.18511902e+01 3.18588862e+01 3.18606988e+01 3.18611902e+01 3.18688862e+01 3.18711902e+01 3.18788862e+01 3.18868222e+01 3.18963340e+01 3.19118516e+01 3.19121396e+01 3.19218516e+01 3.19221396e+01 3.19318516e+01 3.19321396e+01 3.19418516e+01 3.19421396e+01 3.19518516e+01 3.19521396e+01 3.19618516e+01 3.19633556e+01 3.19820015e+01 3.19888245e+01 3.19891125e+01 3.19988245e+01 3.19991125e+01 3.20088245e+01 3.20091125e+01 3.20188245e+01 3.20191125e+01 3.20288245e+01 3.20291125e+01 3.20388245e+01 3.20409045e+01 3.20422816e+01 3.20622816e+01 3.20625696e+01 3.20722816e+01 3.20725696e+01 3.20822816e+01 3.20825696e+01 3.20922816e+01 3.20925696e+01 3.21022816e+01 3.21025696e+01 3.21122816e+01 3.21137856e+01 3.21637856e+01 3.21638606e+01 3.21641486e+01 3.21738606e+01 3.21741486e+01 3.21838606e+01 3.21841486e+01 3.21938606e+01 3.21959406e+01 3.22459406e+01 3.22504961e+01 3.22507841e+01 3.22604961e+01 3.22607841e+01 3.22704961e+01 3.22707841e+01 3.22804961e+01 3.22825761e+01 3.23325761e+01 3.23369293e+01 3.23372173e+01 3.23469293e+01 3.23472173e+01 3.23569293e+01 3.23590093e+01 3.24090093e+01 3.24122565e+01 3.24125445e+01 3.24222565e+01 3.24225445e+01 3.24322565e+01 3.24337605e+01 3.24837605e+01 3.24895773e+01 3.24898653e+01 3.24995773e+01 3.24998653e+01 3.25095773e+01 3.25116573e+01 3.25616573e+01 3.25658033e+01 3.25681073e+01 3.25758033e+01 3.25781073e+01 3.25858033e+01 3.25942513e+01 3.26442513e+01 3.26461565e+01 3.26538525e+01 3.26561565e+01 3.26638525e+01 3.26661565e+01 3.26738525e+01 3.26816605e+01 3.27316605e+01 3.27337421e+01 3.27340301e+01 3.27437421e+01 3.27440301e+01 3.27537421e+01 3.27540301e+01 3.27637421e+01 3.27652461e+01 3.28152461e+01 3.28176070e+01 3.28199110e+01 3.28199362e+01 3.28276070e+01 3.28299110e+01 3.28299362e+01 3.28376070e+01 3.28448390e+01 3.29643755e+01 3.29689625e+01 3.29692505e+01 3.29789625e+01 3.29792505e+01 3.29889625e+01 3.29892505e+01 3.29989625e+01 3.30004665e+01 3.30101182e+01 3.30301182e+01 3.30304062e+01 3.30401182e+01 3.30404062e+01 3.30501182e+01 3.30504062e+01 3.30601182e+01 3.30604062e+01 3.30701182e+01 3.30704062e+01 3.30801182e+01 3.30816222e+01 3.31316222e+01 3.31389632e+01 3.31392512e+01 3.31489632e+01 3.31492512e+01 3.31589632e+01 3.31610432e+01 3.32110432e+01 3.32125545e+01 3.32128425e+01 3.32225545e+01 3.32228425e+01 3.32325545e+01 3.32346345e+01 3.32846345e+01 3.32907181e+01 3.32910061e+01 3.33007181e+01 3.33010061e+01 3.33107181e+01 3.33122221e+01 3.33622221e+01 3.33822221e+01 3.34322221e+01 3.34522221e+01 3.35022221e+01 3.35222221e+01 3.35722221e+01 3.35812217e+01 3.35815097e+01 3.35912217e+01 3.35923924e+01 3.35927257e+01 3.36427257e+01 3.36479302e+01 3.36502342e+01 3.36579302e+01 3.36602342e+01 3.36679302e+01 3.36702342e+01 3.36779302e+01 3.36843942e+01 3.37343942e+01 3.37356113e+01 3.37358993e+01 3.37456113e+01 3.37458993e+01 3.37556113e+01 3.37576913e+01 3.38076913e+01 3.38141480e+01 3.38164520e+01 3.38241480e+01 3.38264520e+01 3.38341480e+01 3.38395880e+01 3.39526494e+01 3.39536081e+01 3.39613041e+01 3.39636081e+01 3.39713041e+01 3.39736081e+01 3.39813041e+01 3.39836081e+01 3.39913041e+01 3.40007761e+01 3.40195443e+01 3.40215903e+01 3.40238943e+01 3.40315903e+01 3.40338943e+01 3.40415903e+01 3.40438943e+01 3.40515903e+01 3.40538943e+01 3.40615903e+01 3.40638943e+01 3.40715903e+01 3.40815103e+01 3.40933679e+01 3.41025167e+01 3.41028047e+01 3.41125167e+01 3.41128047e+01 3.41225167e+01 3.41228047e+01 3.41325167e+01 3.41328047e+01 3.41425167e+01 3.41428047e+01 3.41525167e+01 3.41545967e+01 3.41660786e+01 3.41754763e+01 3.41777803e+01 3.41854763e+01 3.41877803e+01 3.41954763e+01 3.41977803e+01 3.42054763e+01 3.42077803e+01 3.42154763e+01 3.42177803e+01 3.42254763e+01 3.42306603e+01 3.42342330e+01 3.42512736e+01 3.42515616e+01 3.42612736e+01 3.42615616e+01 3.42712736e+01 3.42715616e+01 3.42812736e+01 3.42815616e+01 3.42912736e+01 3.42915616e+01 3.43012736e+01 3.43027776e+01 3.43218511e+01 3.43252634e+01 3.43255514e+01 3.43352634e+01 3.43355514e+01 3.43452634e+01 3.43455514e+01 3.43552634e+01 3.43555514e+01 3.43652634e+01 3.43655514e+01 3.43752634e+01 3.43767674e+01 3.43789169e+01 3.43989169e+01 3.43992049e+01 3.44089169e+01 3.44092049e+01 3.44189169e+01 3.44192049e+01 3.44289169e+01 3.44292049e+01 3.44389169e+01 3.44392049e+01 3.44489169e+01 3.44504209e+01 3.45004209e+01 3.45061718e+01 3.45064598e+01 3.45161718e+01 3.45162130e+01 3.45164598e+01 3.45261718e+01 3.45282518e+01 3.45782518e+01 3.45786709e+01 3.45809749e+01 3.45810866e+01 3.45886709e+01 3.45909749e+01 3.45910866e+01 3.45986709e+01 3.46055189e+01 3.46555189e+01 3.46560552e+01 3.46637512e+01 3.46660552e+01 3.46737512e+01 3.46760552e+01 3.46837512e+01 3.46909192e+01 3.47409192e+01 3.47468193e+01 3.47471073e+01 3.47568193e+01 3.47571073e+01 3.47668193e+01 3.47688993e+01 3.48188993e+01 3.48206721e+01 3.48229761e+01 3.48306721e+01 3.48329761e+01 3.48406721e+01 3.48429761e+01 3.48506721e+01 3.48587361e+01 3.49018498e+01 3.49218498e+01 3.49221378e+01 3.49318498e+01 3.49321378e+01 3.49418498e+01 3.49421378e+01 3.49518498e+01 3.49521378e+01 3.49618498e+01 3.49621378e+01 3.49718498e+01 3.49733538e+01 3.50233538e+01 3.50234503e+01 3.50331623e+01 3.50334503e+01 3.50431623e+01 3.50434503e+01 3.50531623e+01 3.50546663e+01 3.51046663e+01 3.51072403e+01 3.51095443e+01 3.51172403e+01 3.51195443e+01 3.51272403e+01 3.51370323e+01 3.51870323e+01 3.51884874e+01 3.51907914e+01 3.51984874e+01 3.52007914e+01 3.52084874e+01 3.52169354e+01 3.52669354e+01 3.52739352e+01 3.52762392e+01 3.52839352e+01 3.52862392e+01 3.52939352e+01 3.53019352e+01 3.53519352e+01 3.53572413e+01 3.53595453e+01 3.53672413e+01 3.53695453e+01 3.53772413e+01 3.53779923e+01 3.53865213e+01 3.54365213e+01 3.54370375e+01 3.54393415e+01 3.54470375e+01 3.54493415e+01 3.54570375e+01 3.54593415e+01 3.54670375e+01 3.54741415e+01 3.55241415e+01 3.55262981e+01 3.55339941e+01 3.55362981e+01 3.55439941e+01 3.55462981e+01 3.55539941e+01 3.55600101e+01 3.56100101e+01 3.56102803e+01 3.56105683e+01 3.56125914e+01 3.56202803e+01 3.56205683e+01 3.56225914e+01 3.56302803e+01 3.56317843e+01 3.56373274e+01 3.56608323e+01 3.56611203e+01 3.56708323e+01 3.56711203e+01 3.56808323e+01 3.56811203e+01 3.56905683e+01 3.57405683e+01 3.57487369e+01 3.57510409e+01 3.57587369e+01 3.57610409e+01 3.57687369e+01 3.57710409e+01 3.57787369e+01 3.57810409e+01 3.57887369e+01 3.57910409e+01 3.57987369e+01 3.58068009e+01 3.58568009e+01 3.58592542e+01 3.58615582e+01 3.58692542e+01 3.58715582e+01 3.58792542e+01 3.58883422e+01 3.58929277e+01 3.59084484e+01 3.59087364e+01 3.59184484e+01 3.59187364e+01 3.59284484e+01 3.59287364e+01 3.59384484e+01 3.59387364e+01 3.59484484e+01 3.59487364e+01 3.59584484e+01 3.59599524e+01 3.59601795e+01 3.59801795e+01 3.59804675e+01 3.59901795e+01 3.59904675e+01 3.60001795e+01 3.60004675e+01 3.60101795e+01 3.60104675e+01 3.60201795e+01 3.60204675e+01 3.60301795e+01 3.60316835e+01 3.60816835e+01 3.60819080e+01 3.60842120e+01 3.60919080e+01 3.60942120e+01 3.61019080e+01 3.61042120e+01 3.61119080e+01 3.61184360e+01 3.61684360e+01 3.61694576e+01 3.61717616e+01 3.61794576e+01 3.61817616e+01 3.61894576e+01 3.61897397e+01 3.61944496e+01 3.62444496e+01 3.62472678e+01 3.62475558e+01 3.62572678e+01 3.62575558e+01 3.62672678e+01 3.62675558e+01 3.62772678e+01 3.62787718e+01 3.63287718e+01 3.63287851e+01 3.63310891e+01 3.63387851e+01 3.63410891e+01 3.63487851e+01 3.63577451e+01 3.64077451e+01 3.64083048e+01 3.64106088e+01 3.64183048e+01 3.64206088e+01 3.64283048e+01 3.64380328e+01 3.64880328e+01 3.64917507e+01 3.64940547e+01 3.65017507e+01 3.65040547e+01 3.65117507e+01 3.65188547e+01 3.65688547e+01 3.65749270e+01 3.65752150e+01 3.65849270e+01 3.65852150e+01 3.65949270e+01 3.65964310e+01 3.66464310e+01 3.66502880e+01 3.66525920e+01 3.66602880e+01 3.66625920e+01 3.66702880e+01 3.66796320e+01 3.67296320e+01 3.67337278e+01 3.67340158e+01 3.67437278e+01 3.67440158e+01 3.67537278e+01 3.67540158e+01 3.67637278e+01 3.67658078e+01 3.68158078e+01 3.68230303e+01 3.68253343e+01 3.68330303e+01 3.68353343e+01 3.68430303e+01 3.68453343e+01 3.68530303e+01 3.68587903e+01 3.69714480e+01 3.69771683e+01 3.69774563e+01 3.69871683e+01 3.69874563e+01 3.69971683e+01 3.69974563e+01 3.70071683e+01 3.70074563e+01 3.70171683e+01 3.70192483e+01 3.70349855e+01 3.70424060e+01 3.70426940e+01 3.70524060e+01 3.70526940e+01 3.70624060e+01 3.70626940e+01 3.70724060e+01 3.70726940e+01 3.70824060e+01 3.70826940e+01 3.70924060e+01 3.70939100e+01 3.70951507e+01 3.71151507e+01 3.71154387e+01 3.71251507e+01 3.71254387e+01 3.71351507e+01 3.71354387e+01 3.71451507e+01 3.71454387e+01 3.71551507e+01 3.71554387e+01 3.71651507e+01 3.71666547e+01 3.72166547e+01 3.72186548e+01 3.72209588e+01 3.72230128e+01 3.72233008e+01 3.72286548e+01 3.72309588e+01 3.72330128e+01 3.72333008e+01 3.72386548e+01 3.72396366e+01 3.72453108e+01 3.72953108e+01 3.72958298e+01 3.72981338e+01 3.73058298e+01 3.73081338e+01 3.73158298e+01 3.73181338e+01 3.73258298e+01 3.73316538e+01 3.73816538e+01 3.73883407e+01 3.73886287e+01 3.73983407e+01 3.74004207e+01 3.74504207e+01 3.74518358e+01 3.74595318e+01 3.74618358e+01 3.74695318e+01 3.74718358e+01 3.74795318e+01 3.74818358e+01 3.74895318e+01 3.74958038e+01 3.75458038e+01 3.75469102e+01 3.75471982e+01 3.75569102e+01 3.75571982e+01 3.75669102e+01 3.75684142e+01 3.76184142e+01 3.76237399e+01 3.76260439e+01 3.76337399e+01 3.76360439e+01 3.76437399e+01 3.76527639e+01 3.77027639e+01 3.77049990e+01 3.77052870e+01 3.77149990e+01 3.77152870e+01 3.77249990e+01 3.77252870e+01 3.77349990e+01 3.77370790e+01 3.77870790e+01 3.77903502e+01 3.77926542e+01 3.77926851e+01 3.78003502e+01 3.78026542e+01 3.78026851e+01 3.78103502e+01 3.78161102e+01 3.78661102e+01 3.78699514e+01 3.78702394e+01 3.78799514e+01 3.78802394e+01 3.78899514e+01 3.78902394e+01 3.78999514e+01 3.79020314e+01 3.79107965e+01 3.79307965e+01 3.79310845e+01 3.79407965e+01 3.79410845e+01 3.79507965e+01 3.79510845e+01 3.79607965e+01 3.79610845e+01 3.79707965e+01 3.79710845e+01 3.79807965e+01 3.79823005e+01 3.80323005e+01 3.80355743e+01 3.80358623e+01 3.80455743e+01 3.80458623e+01 3.80555743e+01 3.80570783e+01 3.81070783e+01 3.81140220e+01 3.81143100e+01 3.81240220e+01 3.81243100e+01 3.81340220e+01 3.81355260e+01 3.81855260e+01 3.81925622e+01 3.81948662e+01 3.82025622e+01 3.82048662e+01 3.82125622e+01 3.82148662e+01 3.82225622e+01 3.82308822e+01 3.82808822e+01 3.82830926e+01 3.82853966e+01 3.82930926e+01 3.82953966e+01 3.83030926e+01 3.83038441e+01 3.83096206e+01 3.83596206e+01 3.83611185e+01 3.83634225e+01 3.83711185e+01 3.83734225e+01 3.83811185e+01 3.83889905e+01 3.84389905e+01 3.84410523e+01 3.84487483e+01 3.84510523e+01 3.84587483e+01 3.84610523e+01 3.84687483e+01 3.84710523e+01 3.84787483e+01 3.84838683e+01 3.85338683e+01 3.85393768e+01 3.85416808e+01 3.85493768e+01 3.85516808e+01 3.85593768e+01 3.85659688e+01 3.86159688e+01 3.86212719e+01 3.86215599e+01 3.86312719e+01 3.86327759e+01 3.86827759e+01 3.86910246e+01 3.86913126e+01 3.87010246e+01 3.87013126e+01 3.87110246e+01 3.87131046e+01 3.87631046e+01 3.87663910e+01 3.87666790e+01 3.87763910e+01 3.87766790e+01 3.87863910e+01 3.87884710e+01 3.88384710e+01 3.88412388e+01 3.88435428e+01 3.88512388e+01 3.88535428e+01 3.88612388e+01 3.88635428e+01 3.88712388e+01 3.88781508e+01 3.89238026e+01 3.89328867e+01 3.89331747e+01 3.89428867e+01 3.89431747e+01 3.89528867e+01 3.89543907e+01 3.89609837e+01 3.89809837e+01 3.89812717e+01 3.89909837e+01 3.89912717e+01 3.90009837e+01 3.90012717e+01 3.90109837e+01 3.90112717e+01 3.90209837e+01 3.90212717e+01 3.90309837e+01 3.90324877e+01 3.90824877e+01 3.90838654e+01 3.90841534e+01 3.90938654e+01 3.90941534e+01 3.91038654e+01 3.91059454e+01 3.91559454e+01 3.91637918e+01 3.91640798e+01 3.91737918e+01 3.91740798e+01 3.91837918e+01 3.91858718e+01 3.92358718e+01 3.92402961e+01 3.92405841e+01 3.92502961e+01 3.92505841e+01 3.92602961e+01 3.92623761e+01 3.93123761e+01 3.93144251e+01 3.93147131e+01 3.93244251e+01 3.93247131e+01 3.93344251e+01 3.93359291e+01 3.93859291e+01 3.93907389e+01 3.93910269e+01 3.94007389e+01 3.94010269e+01 3.94107389e+01 3.94128189e+01 3.94628189e+01 3.94669471e+01 3.94672351e+01 3.94769471e+01 3.94772351e+01 3.94869471e+01 3.94872351e+01 3.94969471e+01 3.94990271e+01 3.95490271e+01 3.95536386e+01 3.95539266e+01 3.95636386e+01 3.95639266e+01 3.95736386e+01 3.95757186e+01 3.96257186e+01 3.96343636e+01 3.96346516e+01 3.96443636e+01 3.96446516e+01 3.96543636e+01 3.96546516e+01 3.96643636e+01 3.96658676e+01 3.97158676e+01 3.97179268e+01 3.97256228e+01 3.97279268e+01 3.97356228e+01 3.97379268e+01 3.97456228e+01 3.97465045e+01 3.97479268e+01 3.97556228e+01 3.97634948e+01 3.98134948e+01 3.98138939e+01 3.98141819e+01 3.98238939e+01 3.98241819e+01 3.98338939e+01 3.98341819e+01 3.98438939e+01 3.98459739e+01 3.99687833e+01 3.99707198e+01 3.99784158e+01 3.99807198e+01 3.99884158e+01 3.99907198e+01 3.99984158e+01 4.00032798e+01 4.00211339e+01 4.00239553e+01 4.00242433e+01 4.00339553e+01 4.00342433e+01 4.00439553e+01 4.00442433e+01 4.00539553e+01 4.00542433e+01 4.00639553e+01 4.00642433e+01 4.00739553e+01 4.00754593e+01 4.00907760e+01 4.00971169e+01 4.00974049e+01 4.01071169e+01 4.01074049e+01 4.01171169e+01 4.01174049e+01 4.01271169e+01 4.01274049e+01 4.01371169e+01 4.01374049e+01 4.01471169e+01 4.01491969e+01 4.01676660e+01 4.01764614e+01 4.01787654e+01 4.01864614e+01 4.01887654e+01 4.01964614e+01 4.01987654e+01 4.02064614e+01 4.02087654e+01 4.02164614e+01 4.02187654e+01 4.02264614e+01 4.02322214e+01 4.02382044e+01 4.02552671e+01 4.02555551e+01 4.02652671e+01 4.02655551e+01 4.02752671e+01 4.02755551e+01 4.02852671e+01 4.02855551e+01 4.02952671e+01 4.02955551e+01 4.03052671e+01 4.03067711e+01 4.03185342e+01 4.03364966e+01 4.03367846e+01 4.03464966e+01 4.03467846e+01 4.03564966e+01 4.03567846e+01 4.03664966e+01 4.03667846e+01 4.03764966e+01 4.03767846e+01 4.03864966e+01 4.03885766e+01 4.04026559e+01 4.04226559e+01 4.04229439e+01 4.04326559e+01 4.04329439e+01 4.04426559e+01 4.04429439e+01 4.04526559e+01 4.04529439e+01 4.04626559e+01 4.04629439e+01 4.04726559e+01 4.04741599e+01 4.05241599e+01 4.05281066e+01 4.05304106e+01 4.05381066e+01 4.05404106e+01 4.05481066e+01 4.05504106e+01 4.05581066e+01 4.05647626e+01 4.06147626e+01 4.06200379e+01 4.06223419e+01 4.06300379e+01 4.06323419e+01 4.06400379e+01 4.06479099e+01 4.06979099e+01 4.07006209e+01 4.07029249e+01 4.07106209e+01 4.07129249e+01 4.07206209e+01 4.07287195e+01 4.07305409e+01 4.07805409e+01 4.07864860e+01 4.07867740e+01 4.07964860e+01 4.07967740e+01 4.08064860e+01 4.08067740e+01 4.08164860e+01 4.08179900e+01 4.08679900e+01 4.08709849e+01 4.08712729e+01 4.08809849e+01 4.08812729e+01 4.08909849e+01 4.08930649e+01 4.09116245e+01 4.09163518e+01 4.09166398e+01 4.09263518e+01 4.09266398e+01 4.09363518e+01 4.09366398e+01 4.09463518e+01 4.09466398e+01 4.09563518e+01 4.09566398e+01 4.09663518e+01 4.09678558e+01 4.09841788e+01 4.09943231e+01 4.09946111e+01 4.10043231e+01 4.10046111e+01 4.10143231e+01 4.10146111e+01 4.10243231e+01 4.10246111e+01 4.10343231e+01 4.10346111e+01 4.10443231e+01 4.10464031e+01 4.10624502e+01 4.10719299e+01 4.10742339e+01 4.10819299e+01 4.10842339e+01 4.10919299e+01 4.10942339e+01 4.11019299e+01 4.11042339e+01 4.11119299e+01 4.11142339e+01 4.11219299e+01 4.11307619e+01 4.11442197e+01 4.11564964e+01 4.11567844e+01 4.11664964e+01 4.11667844e+01 4.11764964e+01 4.11767844e+01 4.11864964e+01 4.11867844e+01 4.11964964e+01 4.11967844e+01 4.12064964e+01 4.12080004e+01 4.12140265e+01 4.12308709e+01 4.12311589e+01 4.12408709e+01 4.12411589e+01 4.12508709e+01 4.12511589e+01 4.12608709e+01 4.12611589e+01 4.12708709e+01 4.12711589e+01 4.12808709e+01 4.12829509e+01 4.12898093e+01 4.13098093e+01 4.13100973e+01 4.13198093e+01 4.13200973e+01 4.13298093e+01 4.13300973e+01 4.13398093e+01 4.13400973e+01 4.13498093e+01 4.13500973e+01 4.13598093e+01 4.13613133e+01 4.14113133e+01 4.14132856e+01 4.14135736e+01 4.14232856e+01 4.14235736e+01 4.14332856e+01 4.14353656e+01 4.14853656e+01 4.14859971e+01 4.14862851e+01 4.14959971e+01 4.14962851e+01 4.15059971e+01 4.15080771e+01 4.15580771e+01 4.15582647e+01 4.15605687e+01 4.15682647e+01 4.15705687e+01 4.15782647e+01 4.15869687e+01 4.16369687e+01 4.16379888e+01 4.16402928e+01 4.16479888e+01 4.16502928e+01 4.16579888e+01 4.16638768e+01 4.17138768e+01 4.17196848e+01 4.17217648e+01 4.17717648e+01 4.17717848e+01 4.17794808e+01 4.17817848e+01 4.17894808e+01 4.17917848e+01 4.17994808e+01 4.18017848e+01 4.18094808e+01 4.18171608e+01 4.18671608e+01 4.18701283e+01 4.18724323e+01 4.18801283e+01 4.18824323e+01 4.18901283e+01 4.18902711e+01 4.18963363e+01 4.19159963e+01 4.19266257e+01 4.19269137e+01 4.19366257e+01 4.19369137e+01 4.19466257e+01 4.19469137e+01 4.19566257e+01 4.19569137e+01 4.19666257e+01 4.19669137e+01 4.19766257e+01 4.19781297e+01 4.19781435e+01 4.19981435e+01 4.19984315e+01 4.20081435e+01 4.20084315e+01 4.20181435e+01 4.20184315e+01 4.20281435e+01 4.20284315e+01 4.20381435e+01 4.20384315e+01 4.20481435e+01 4.20496475e+01 4.20996475e+01 4.21020199e+01 4.21023079e+01 4.21120199e+01 4.21123079e+01 4.21220199e+01 4.21240999e+01 4.21740999e+01 4.21761111e+01 4.21838071e+01 4.21861111e+01 4.21938071e+01 4.21961111e+01 4.22038071e+01 4.22061111e+01 4.22138071e+01 4.22235991e+01 4.22735991e+01 4.22784905e+01 4.22807945e+01 4.22884905e+01 4.22907945e+01 4.22984905e+01 4.23051465e+01 4.23551465e+01 4.23582009e+01 4.23605049e+01 4.23682009e+01 4.23705049e+01 4.23782009e+01 4.23805049e+01 4.23882009e+01 4.23970969e+01 4.24470969e+01 4.24494282e+01 4.24497162e+01 4.24594282e+01 4.24597162e+01 4.24694282e+01 4.24709322e+01 4.25209322e+01 4.25210253e+01 4.25233293e+01 4.25310253e+01 4.25333293e+01 4.25410253e+01 4.25461453e+01 4.25961453e+01 4.26039088e+01 4.26041968e+01 4.26139088e+01 4.26141968e+01 4.26239088e+01 4.26254128e+01 4.26754128e+01 4.26766666e+01 4.26769546e+01 4.26866666e+01 4.26869546e+01 4.26966666e+01 4.26987466e+01 4.27487466e+01 4.27521328e+01 4.27524208e+01 4.27621328e+01 4.27624208e+01 4.27721328e+01 4.27742128e+01 4.28242128e+01 4.28272374e+01 4.28275254e+01 4.28372374e+01 4.28375254e+01 4.28472374e+01 4.28493174e+01 4.29770050e+01 4.29865685e+01 4.29868565e+01 4.29965685e+01 4.29968565e+01 4.30065685e+01 4.30080725e+01 4.30153494e+01 4.30292219e+01 4.30315259e+01 4.30392219e+01 4.30415259e+01 4.30492219e+01 4.30515259e+01 4.30592219e+01 4.30615259e+01 4.30692219e+01 4.30713014e+01 4.30715259e+01 4.30792219e+01 4.30886299e+01 4.30997358e+01 4.31197358e+01 4.31200238e+01 4.31297358e+01 4.31300238e+01 4.31397358e+01 4.31400238e+01 4.31497358e+01 4.31500238e+01 4.31597358e+01 4.31600238e+01 4.31697358e+01 4.31712398e+01 4.32212398e+01 4.32232063e+01 4.32234943e+01 4.32332063e+01 4.32334943e+01 4.32432063e+01 4.32434943e+01 4.32532063e+01 4.32547103e+01 4.33047103e+01 4.33053952e+01 4.33056832e+01 4.33153952e+01 4.33156832e+01 4.33253952e+01 4.33274752e+01 4.33774752e+01 4.33781300e+01 4.33858260e+01 4.33881300e+01 4.33958260e+01 4.33981300e+01 4.34058260e+01 4.34152980e+01 4.34652980e+01 4.34657767e+01 4.34734727e+01 4.34757767e+01 4.34834727e+01 4.34857767e+01 4.34934727e+01 4.34957767e+01 4.35034727e+01 4.35113447e+01 4.35613447e+01 4.35666633e+01 4.35689673e+01 4.35766633e+01 4.35789673e+01 4.35866633e+01 4.35935113e+01 4.36435113e+01 4.36473925e+01 4.36496965e+01 4.36573925e+01 4.36596965e+01 4.36673925e+01 4.36757765e+01 4.37257765e+01 4.37257769e+01 4.37280809e+01 4.37357769e+01 4.37380809e+01 4.37457769e+01 4.37480809e+01 4.37557769e+01 4.37637769e+01 4.38137769e+01 4.38212812e+01 4.38215692e+01 4.38312812e+01 4.38315692e+01 4.38412812e+01 4.38433612e+01 4.38967570e+01 4.39019612e+01 4.39042652e+01 4.39119612e+01 4.39142652e+01 4.39219612e+01 4.39225087e+01 4.39316252e+01 4.39474965e+01 4.39604422e+01 4.39607302e+01 4.39704422e+01 4.39707302e+01 4.39804422e+01 4.39807302e+01 4.39904422e+01 4.39907302e+01 4.40004422e+01 4.40007302e+01 4.40104422e+01 4.40119462e+01 4.40229231e+01 4.40429231e+01 4.40432111e+01 4.40529231e+01 4.40532111e+01 4.40629231e+01 4.40632111e+01 4.40729231e+01 4.40732111e+01 4.40829231e+01 4.40832111e+01 4.40929231e+01 4.40944271e+01 4.41444271e+01 4.41586365e+01 4.41589245e+01 4.41686365e+01 4.41689245e+01 4.41786365e+01 4.41789245e+01 4.41886365e+01 4.41889245e+01 4.41986365e+01 4.41989245e+01 4.42086365e+01 4.42107165e+01 4.42607165e+01 4.42677243e+01 4.42680123e+01 4.42777243e+01 4.42780123e+01 4.42877243e+01 4.42898043e+01 4.43398043e+01 4.43465699e+01 4.43488739e+01 4.43565699e+01 4.43588739e+01 4.43665699e+01 4.43746339e+01 4.44246339e+01 4.44315370e+01 4.44338410e+01 4.44415370e+01 4.44438410e+01 4.44515370e+01 4.44538410e+01 4.44615370e+01 4.44692810e+01 4.45192810e+01 4.45266102e+01 4.45289142e+01 4.45366102e+01 4.45389142e+01 4.45466102e+01 4.45489142e+01 4.45566102e+01 4.45620502e+01 4.46120502e+01 4.46320502e+01 4.46820502e+01 4.46892551e+01 4.46915591e+01 4.46992551e+01 4.47048871e+01 4.47548871e+01 4.47551280e+01 4.47648400e+01 4.47651280e+01 4.47748400e+01 4.47769200e+01 4.48269200e+01 4.48306893e+01 4.48329933e+01 4.48406893e+01 4.48429933e+01 4.48506893e+01 4.48529933e+01 4.48606893e+01 4.48673453e+01 4.49467149e+01 4.49500540e+01 4.49521340e+01 4.49645568e+01 4.49769847e+01 4.49772727e+01 4.49869847e+01 4.49872727e+01 4.49969847e+01 4.49972727e+01 4.50069847e+01 4.50072727e+01 4.50169847e+01 4.50172727e+01 4.50269847e+01 4.50290647e+01 4.50467519e+01 4.50510209e+01 4.50513089e+01 4.50610209e+01 4.50613089e+01 4.50710209e+01 4.50713089e+01 4.50810209e+01 4.50813089e+01 4.50910209e+01 4.50913089e+01 4.51010209e+01 4.51025249e+01 4.51167623e+01 4.51233772e+01 4.51236652e+01 4.51333772e+01 4.51334255e+01 4.51336652e+01 4.51433772e+01 4.51436652e+01 4.51533772e+01 4.51536652e+01 4.51633772e+01 4.51636652e+01 4.51733772e+01 4.51754572e+01 4.51833817e+01 4.51965320e+01 4.51968200e+01 4.52065320e+01 4.52068200e+01 4.52165320e+01 4.52168200e+01 4.52265320e+01 4.52268200e+01 4.52365320e+01 4.52368200e+01 4.52465320e+01 4.52480360e+01 4.52513847e+01 4.52713847e+01 4.52716727e+01 4.52813847e+01 4.52816727e+01 4.52913847e+01 4.52916727e+01 4.53013847e+01 4.53016727e+01 4.53113847e+01 4.53116727e+01 4.53213847e+01 4.53228887e+01 4.53728887e+01 4.53768993e+01 4.53792033e+01 4.53868993e+01 4.53892033e+01 4.53968993e+01 4.53992033e+01 4.54068993e+01 4.54132993e+01 4.54632993e+01 4.54832993e+01 4.55332993e+01 4.55399569e+01 4.55402449e+01 4.55499569e+01 4.55502449e+01 4.55599569e+01 4.55602449e+01 4.55699569e+01 4.55702449e+01 4.55799569e+01 4.55820369e+01 4.56320369e+01 4.56385064e+01 4.56387944e+01 4.56485064e+01 4.56487944e+01 4.56585064e+01 4.56587944e+01 4.56685064e+01 4.56700104e+01 4.57200104e+01 4.57389046e+01 4.57400104e+01 4.57900104e+01 4.57985046e+01 4.58100104e+01 4.58600104e+01 4.58635286e+01 4.58658326e+01 4.58735286e+01 4.58810806e+01 4.58922404e+01 4.59120095e+01 4.59122404e+01 4.59125284e+01 4.59222404e+01 4.59225284e+01 4.59322404e+01 4.59325284e+01 4.59422404e+01 4.59425284e+01 4.59522404e+01 4.59525284e+01 4.59622404e+01 4.59637444e+01 4.60137444e+01 4.60140319e+01 4.60143199e+01 4.60240319e+01 4.60243199e+01 4.60340319e+01 4.60343199e+01 4.60440319e+01 4.60461119e+01 4.60961119e+01 4.61008623e+01 4.61031663e+01 4.61108623e+01 4.61131663e+01 4.61208623e+01 4.61267503e+01 4.61767503e+01 4.61806779e+01 4.61809659e+01 4.61906779e+01 4.61909659e+01 4.62006779e+01 4.62021819e+01 4.62521819e+01 4.62527235e+01 4.62550275e+01 4.62627235e+01 4.62650275e+01 4.62727235e+01 4.62816835e+01 4.63316835e+01 4.63357473e+01 4.63380513e+01 4.63457473e+01 4.63480513e+01 4.63557473e+01 4.63580513e+01 4.63657473e+01 4.63719553e+01 4.64219553e+01 4.64266116e+01 4.64268996e+01 4.64366116e+01 4.64368996e+01 4.64466116e+01 4.64486916e+01 4.64986916e+01 4.64990340e+01 4.64993172e+01 4.65013380e+01 4.65090340e+01 4.65113380e+01 4.65190340e+01 4.65213380e+01 4.65290340e+01 4.65379940e+01 4.65879940e+01 4.65913726e+01 4.65936766e+01 4.66013726e+01 4.66036766e+01 4.66113726e+01 4.66193726e+01 4.66693726e+01 4.66776482e+01 4.66779362e+01 4.66876482e+01 4.66879362e+01 4.66976482e+01 4.66991522e+01 4.66991522e+01 4.67491522e+01 4.67494479e+01 4.67497359e+01 4.67594479e+01 4.67597359e+01 4.67694479e+01 4.67715279e+01 4.68215279e+01 4.68286457e+01 4.68309497e+01 4.68386457e+01 4.68409497e+01 4.68486457e+01 4.68549177e+01 4.68887300e+01 4.68971320e+01 4.68974200e+01 4.69071320e+01 4.69074200e+01 4.69171320e+01 4.69174200e+01 4.69271320e+01 4.69274200e+01 4.69371320e+01 4.69386360e+01 4.69549005e+01 4.69724097e+01 4.69726977e+01 4.69824097e+01 4.69826977e+01 4.69924097e+01 4.69926977e+01 4.70024097e+01 4.70026977e+01 4.70124097e+01 4.70126977e+01 4.70224097e+01 4.70244897e+01 4.70353567e+01 4.70549696e+01 4.70553567e+01 4.70556447e+01 4.70653567e+01 4.70656447e+01 4.70753567e+01 4.70756447e+01 4.70853567e+01 4.70856447e+01 4.70953567e+01 4.70956447e+01 4.71053567e+01 4.71068607e+01 4.71568607e+01 4.71630433e+01 4.71633313e+01 4.71730433e+01 4.71733313e+01 4.71830433e+01 4.71833313e+01 4.71930433e+01 4.71951233e+01 4.72451233e+01 4.72465175e+01 4.72488215e+01 4.72565175e+01 4.72588215e+01 4.72665175e+01 4.72688215e+01 4.72765175e+01 4.72813815e+01 4.73313815e+01 4.73365072e+01 4.73388112e+01 4.73465072e+01 4.73488112e+01 4.73565072e+01 4.73588112e+01 4.73665072e+01 4.73718832e+01 4.74218832e+01 4.74222057e+01 4.74245097e+01 4.74322057e+01 4.74345097e+01 4.74422057e+01 4.74445097e+01 4.74522057e+01 4.74585929e+01 4.74607177e+01 4.75107177e+01 4.75126301e+01 4.75203261e+01 4.75226301e+01 4.75303261e+01 4.75326301e+01 4.75403261e+01 4.75497981e+01 4.75997981e+01 4.76028175e+01 4.76031055e+01 4.76128175e+01 4.76131055e+01 4.76228175e+01 4.76248975e+01 4.76748975e+01 4.76758266e+01 4.76835004e+01 4.76837884e+01 4.76858266e+01 4.76935004e+01 4.76937884e+01 4.76958266e+01 4.77035004e+01 4.77055804e+01 4.77120986e+01 4.77356283e+01 4.77359163e+01 4.77456283e+01 4.77459163e+01 4.77537884e+01 4.78037884e+01 4.78210922e+01 4.78233962e+01 4.78310922e+01 4.78333962e+01 4.78410922e+01 4.78433962e+01 4.78510922e+01 4.78533962e+01 4.78610922e+01 4.78633962e+01 4.78710922e+01 4.78768522e+01 4.79456854e+01 4.79476886e+01 4.79499926e+01 4.79576886e+01 4.79638966e+01 4.79696257e+01 4.79896257e+01 4.79899137e+01 4.79996257e+01 4.79999137e+01 4.80096257e+01 4.80099137e+01 4.80196257e+01 4.80199137e+01 4.80296257e+01 4.80299137e+01 4.80396257e+01 4.80411297e+01 4.80911297e+01 4.80939745e+01 4.80962785e+01 4.81039745e+01 4.81062785e+01 4.81139745e+01 4.81162785e+01 4.81239745e+01 4.81333825e+01 4.81833825e+01 4.81847716e+01 4.81850596e+01 4.81947716e+01 4.81950596e+01 4.82047716e+01 4.82062756e+01 4.82562756e+01 4.82593976e+01 4.82617016e+01 4.82693976e+01 4.82717016e+01 4.82793976e+01 4.82845176e+01 4.83345176e+01 4.83375470e+01 4.83398510e+01 4.83475470e+01 4.83498510e+01 4.83575470e+01 4.83598510e+01 4.83675470e+01 4.83752851e+01 4.83754830e+01 4.84254830e+01 4.84277162e+01 4.84280042e+01 4.84377162e+01 4.84380042e+01 4.84477162e+01 4.84497962e+01 4.84997962e+01 4.85056823e+01 4.85059703e+01 4.85156823e+01 4.85159703e+01 4.85256823e+01 4.85259703e+01 4.85356823e+01 4.85377623e+01 4.85877623e+01 4.85902172e+01 4.85905052e+01 4.86002172e+01 4.86005052e+01 4.86102172e+01 4.86117212e+01 4.86617212e+01 4.86646057e+01 4.86648937e+01 4.86746057e+01 4.86748937e+01 4.86846057e+01 4.86848937e+01 4.86946057e+01 4.86966857e+01 4.87466857e+01 4.87478872e+01 4.87481752e+01 4.87578872e+01 4.87581752e+01 4.87678872e+01 4.87699672e+01 4.88199672e+01 4.88215729e+01 4.88218609e+01 4.88315729e+01 4.88318609e+01 4.88415729e+01 4.88436529e+01 4.89000942e+01 4.89065145e+01 4.89088185e+01 4.89165145e+01 4.89238745e+01 4.89247731e+01 4.89447731e+01 4.89450611e+01 4.89547731e+01 4.89550611e+01 4.89647731e+01 4.89650611e+01 4.89747731e+01 4.89750611e+01 4.89847731e+01 4.89850611e+01 4.89947731e+01 4.89962771e+01 4.90462771e+01 4.90477487e+01 4.90480367e+01 4.90577487e+01 4.90580367e+01 4.90677487e+01 4.90692527e+01 4.91192527e+01 4.91243541e+01 4.91246421e+01 4.91343541e+01 4.91346421e+01 4.91443541e+01 4.91458581e+01 4.91958581e+01 4.91962505e+01 4.92039465e+01 4.92062505e+01 4.92139465e+01 4.92162505e+01 4.92239465e+01 4.92294505e+01 4.92794505e+01 4.92817150e+01 4.92894110e+01 4.92917150e+01 4.92994110e+01 4.93017150e+01 4.93094110e+01 4.93117150e+01 4.93194110e+01 4.93262590e+01 4.93762590e+01 4.93804913e+01 4.93827953e+01 4.93904913e+01 4.93927953e+01 4.94004913e+01 4.94027953e+01 4.94104913e+01 4.94194513e+01 4.94694513e+01 4.94696875e+01 4.94773835e+01 4.94796875e+01 4.94873835e+01 4.94896875e+01 4.94973835e+01 4.95044875e+01 4.95544875e+01 4.95549670e+01 4.95626630e+01 4.95649670e+01 4.95726630e+01 4.95749670e+01 4.95826630e+01 4.95873123e+01 4.95882310e+01 4.96382310e+01 4.96473877e+01 4.96476757e+01 4.96573877e+01 4.96576757e+01 4.96673877e+01 4.96688917e+01 4.97188917e+01 4.97191415e+01 4.97214455e+01 4.97291415e+01 4.97314455e+01 4.97391415e+01 4.97414455e+01 4.97491415e+01 4.97548375e+01 4.98048375e+01 4.98063625e+01 4.98140585e+01 4.98163625e+01 4.98240585e+01 4.98263625e+01 4.98340585e+01 4.98389865e+01 4.99494042e+01 4.99548692e+01 4.99551572e+01 4.99648692e+01 4.99651572e+01 4.99748692e+01 4.99751572e+01 4.99848692e+01 4.99851572e+01 4.99948692e+01 4.99969492e+01 5.00136622e+01 5.00184477e+01 5.00187357e+01 5.00284477e+01 5.00287357e+01 5.00384477e+01 5.00387357e+01 5.00484477e+01 5.00487357e+01 5.00584477e+01 5.00587357e+01 5.00684477e+01 5.00705277e+01 5.00718042e+01 5.00914170e+01 5.00917050e+01 5.01014170e+01 5.01017050e+01 5.01114170e+01 5.01117050e+01 5.01214170e+01 5.01217050e+01 5.01314170e+01 5.01317050e+01 5.01414170e+01 5.01434970e+01 5.01487962e+01 5.01687962e+01 5.01690842e+01 5.01787962e+01 5.01790842e+01 5.01887962e+01 5.01890842e+01 5.01987962e+01 5.01990842e+01 5.02087962e+01 5.02090842e+01 5.02187962e+01 5.02203002e+01 5.02703002e+01 5.02742333e+01 5.02745213e+01 5.02842333e+01 5.02845213e+01 5.02942333e+01 5.02957373e+01 5.03457373e+01 5.03459154e+01 5.03462034e+01 5.03559154e+01 5.03562034e+01 5.03659154e+01 5.03674194e+01 5.04174194e+01 5.04237685e+01 5.04260725e+01 5.04337685e+01 5.04360725e+01 5.04437685e+01 5.04460725e+01 5.04537685e+01 5.04618325e+01 5.05118325e+01 5.05131057e+01 5.05133937e+01 5.05231057e+01 5.05233937e+01 5.05331057e+01 5.05333937e+01 5.05431057e+01 5.05451857e+01 5.05951857e+01 5.06029177e+01 5.06032057e+01 5.06129177e+01 5.06132057e+01 5.06229177e+01 5.06244217e+01 5.06744217e+01 5.06808184e+01 5.06831224e+01 5.06908184e+01 5.06931224e+01 5.07008184e+01 5.07082424e+01 5.07582424e+01 5.07599546e+01 5.07676506e+01 5.07699546e+01 5.07776506e+01 5.07799546e+01 5.07876506e+01 5.07899546e+01 5.07976506e+01 5.08064826e+01 5.08564826e+01 5.08621937e+01 5.08644977e+01 5.08721937e+01 5.08732013e+01 5.08744977e+01 5.08821937e+01 5.08844977e+01 5.08921937e+01 5.09010897e+01 5.09132422e+01 5.09227151e+01 5.09230031e+01 5.09327151e+01 5.09330031e+01 5.09427151e+01 5.09430031e+01 5.09527151e+01 5.09530031e+01 5.09627151e+01 5.09630031e+01 5.09727151e+01 5.09747951e+01 5.09836525e+01 5.10036525e+01 5.10039405e+01 5.10136525e+01 5.10139405e+01 5.10236525e+01 5.10239405e+01 5.10336525e+01 5.10339405e+01 5.10436525e+01 5.10439405e+01 5.10536525e+01 5.10551565e+01 5.11051565e+01 5.11083022e+01 5.11106062e+01 5.11183022e+01 5.11206062e+01 5.11283022e+01 5.11343182e+01 5.11843182e+01 5.11874009e+01 5.11876889e+01 5.11974009e+01 5.11976889e+01 5.12074009e+01 5.12089049e+01 5.12589049e+01 5.12608055e+01 5.12617138e+01 5.12620018e+01 5.12622478e+01 5.12685015e+01 5.12708055e+01 5.12717138e+01 5.12720018e+01 5.12722478e+01 5.12785015e+01 5.12808055e+01 5.12817138e+01 5.12832178e+01 5.12840398e+01 5.12885015e+01 5.12948375e+01 5.13448375e+01 5.13481809e+01 5.13504849e+01 5.13581809e+01 5.13604849e+01 5.13681809e+01 5.13704849e+01 5.13781809e+01 5.13836849e+01 5.14336849e+01 5.14364023e+01 5.14387063e+01 5.14464023e+01 5.14487063e+01 5.14564023e+01 5.14587063e+01 5.14664023e+01 5.14713303e+01 5.15213303e+01 5.15248314e+01 5.15271354e+01 5.15348314e+01 5.15371354e+01 5.15448314e+01 5.15471354e+01 5.15548314e+01 5.15623834e+01 5.16123834e+01 5.16200674e+01 5.16203554e+01 5.16300674e+01 5.16303554e+01 5.16400674e+01 5.16421474e+01 5.16921474e+01 5.16946616e+01 5.16969656e+01 5.16973372e+01 5.16976252e+01 5.17046616e+01 5.17069656e+01 5.17073372e+01 5.17076252e+01 5.17146616e+01 5.17170425e+01 5.17204216e+01 5.17704216e+01 5.17706571e+01 5.17783531e+01 5.17806571e+01 5.17883531e+01 5.17906571e+01 5.17983531e+01 5.18006571e+01 5.18083531e+01 5.18131531e+01 5.18631531e+01 5.18700634e+01 5.18723674e+01 5.18800634e+01 5.18823674e+01 5.18900634e+01 5.18956314e+01 5.19150586e+01 5.19168522e+01 5.19171402e+01 5.19268522e+01 5.19271402e+01 5.19368522e+01 5.19371402e+01 5.19468522e+01 5.19471402e+01 5.19568522e+01 5.19571402e+01 5.19668522e+01 5.19689322e+01 5.19695940e+01 5.19895940e+01 5.19898820e+01 5.19995940e+01 5.19998820e+01 5.20095940e+01 5.20098820e+01 5.20195940e+01 5.20198820e+01 5.20295940e+01 5.20298820e+01 5.20395940e+01 5.20410980e+01 5.20910980e+01 5.20970205e+01 5.20973085e+01 5.20993637e+01 5.21070205e+01 5.21073085e+01 5.21093637e+01 5.21170205e+01 5.21173085e+01 5.21193637e+01 5.21270205e+01 5.21285245e+01 5.21332677e+01 5.21603843e+01 5.21606723e+01 5.21673085e+01 5.22173085e+01 5.22358223e+01 5.22373085e+01 5.22873085e+01 5.22933103e+01 5.23073085e+01 5.23573085e+01 5.23615721e+01 5.23638761e+01 5.23715721e+01 5.23791881e+01 5.24291881e+01 5.24333892e+01 5.24356932e+01 5.24433892e+01 5.24456932e+01 5.24533892e+01 5.24556932e+01 5.24633892e+01 5.24712612e+01 5.25212612e+01 5.25237371e+01 5.25260411e+01 5.25337371e+01 5.25360411e+01 5.25437371e+01 5.25533371e+01 5.26033371e+01 5.26066904e+01 5.26069784e+01 5.26166904e+01 5.26169784e+01 5.26266904e+01 5.26281944e+01 5.26781944e+01 5.26836144e+01 5.26839024e+01 5.26936144e+01 5.26939024e+01 5.27036144e+01 5.27039024e+01 5.27136144e+01 5.27156944e+01 5.27656944e+01 5.27675168e+01 5.27678048e+01 5.27775168e+01 5.27778048e+01 5.27875168e+01 5.27895968e+01 5.28395968e+01 5.28419913e+01 5.28442953e+01 5.28519913e+01 5.28542953e+01 5.28619913e+01 5.28685062e+01 5.28692233e+01 5.29218019e+01 5.29303891e+01 5.29306771e+01 5.29403891e+01 5.29406771e+01 5.29503891e+01 5.29518931e+01 5.29599859e+01 5.29739950e+01 5.29762990e+01 5.29839950e+01 5.29862990e+01 5.29939950e+01 5.29962990e+01 5.30039950e+01 5.30062990e+01 5.30139950e+01 5.30162990e+01 5.30239950e+01 5.30302030e+01 5.30477121e+01 5.30575857e+01 5.30578737e+01 5.30675857e+01 5.30678737e+01 5.30775857e+01 5.30778737e+01 5.30875857e+01 5.30878737e+01 5.30975857e+01 5.30978737e+01 5.31075857e+01 5.31096657e+01 5.31173125e+01 5.31373125e+01 5.31376005e+01 5.31473125e+01 5.31476005e+01 5.31573125e+01 5.31576005e+01 5.31673125e+01 5.31676005e+01 5.31773125e+01 5.31776005e+01 5.31873125e+01 5.31888165e+01 5.32388165e+01 5.32431359e+01 5.32434239e+01 5.32531359e+01 5.32534239e+01 5.32631359e+01 5.32646399e+01 5.33146399e+01 5.33149324e+01 5.33152204e+01 5.33249324e+01 5.33252204e+01 5.33349324e+01 5.33352204e+01 5.33449324e+01 5.33470124e+01 5.33970124e+01 5.33997812e+01 5.34020852e+01 5.34097812e+01 5.34120852e+01 5.34197812e+01 5.34282292e+01 5.34782292e+01 5.34846176e+01 5.34869216e+01 5.34946176e+01 5.34969216e+01 5.35046176e+01 5.35133216e+01 5.35633216e+01 5.35692865e+01 5.35695745e+01 5.35792865e+01 5.35795745e+01 5.35892865e+01 5.35907905e+01 5.36407905e+01 5.36495775e+01 5.36498655e+01 5.36595775e+01 5.36598655e+01 5.36695775e+01 5.36716575e+01 5.37216575e+01 5.37231060e+01 5.37254100e+01 5.37331060e+01 5.37354100e+01 5.37431060e+01 5.37505300e+01 5.38005300e+01 5.38075033e+01 5.38098073e+01 5.38175033e+01 5.38198073e+01 5.38275033e+01 5.38337753e+01 5.39131624e+01 5.39331624e+01 5.39334504e+01 5.39431624e+01 5.39434504e+01 5.39531624e+01 5.39534504e+01 5.39631624e+01 5.39634504e+01 5.39731624e+01 5.39734504e+01 5.39831624e+01 5.39835484e+01 5.39846664e+01 5.40346664e+01 5.40372165e+01 5.40375045e+01 5.40472165e+01 5.40475045e+01 5.40572165e+01 5.40587205e+01 5.41087205e+01 5.41099157e+01 5.41122197e+01 5.41199157e+01 5.41222197e+01 5.41299157e+01 5.41388757e+01 5.41888757e+01 5.41972705e+01 5.41975585e+01 5.42072705e+01 5.42075585e+01 5.42172705e+01 5.42175585e+01 5.42272705e+01 5.42287745e+01 5.42787745e+01 5.42814631e+01 5.42817511e+01 5.42914631e+01 5.42917511e+01 5.43014631e+01 5.43035431e+01 5.43535431e+01 5.43611364e+01 5.43634404e+01 5.43711364e+01 5.43734404e+01 5.43811364e+01 5.43884324e+01 5.44384324e+01 5.44392814e+01 5.44415854e+01 5.44492814e+01 5.44515854e+01 5.44592814e+01 5.44674094e+01 5.45174094e+01 5.45242115e+01 5.45265155e+01 5.45280190e+01 5.45283070e+01 5.45342115e+01 5.45365155e+01 5.45380190e+01 5.45383070e+01 5.45442115e+01 5.45496515e+01 5.45996515e+01 5.46113415e+01 5.46136455e+01 5.46213415e+01 5.46236455e+01 5.46313415e+01 5.46336455e+01 5.46413415e+01 5.46436455e+01 5.46513415e+01 5.46536455e+01 5.46613415e+01 5.46701095e+01 5.47201095e+01 5.47274325e+01 5.47297365e+01 5.47374325e+01 5.47397365e+01 5.47474325e+01 5.47549205e+01 5.48049205e+01 5.48053143e+01 5.48076183e+01 5.48153143e+01 5.48176183e+01 5.48253143e+01 5.48306746e+01 5.48346583e+01 5.49573404e+01 5.49585531e+01 5.49608571e+01 5.49685531e+01 5.49708571e+01 5.49785531e+01 5.49808571e+01 5.49885531e+01 5.49968091e+01 5.50116850e+01 5.50312156e+01 5.50315036e+01 5.50412156e+01 5.50415036e+01 5.50512156e+01 5.50515036e+01 5.50612156e+01 5.50615036e+01 5.50712156e+01 5.50715036e+01 5.50812156e+01 5.50827196e+01 5.51006961e+01 5.51074293e+01 5.51077173e+01 5.51174293e+01 5.51177173e+01 5.51274293e+01 5.51277173e+01 5.51374293e+01 5.51377173e+01 5.51474293e+01 5.51477173e+01 5.51574293e+01 5.51589333e+01 5.51706964e+01 5.51795149e+01 5.51818189e+01 5.51895149e+01 5.51918189e+01 5.51995149e+01 5.52018189e+01 5.52095149e+01 5.52118189e+01 5.52195149e+01 5.52218189e+01 5.52295149e+01 5.52359149e+01 5.52366003e+01 5.52566003e+01 5.52568883e+01 5.52666003e+01 5.52668883e+01 5.52766003e+01 5.52768883e+01 5.52866003e+01 5.52868883e+01 5.52966003e+01 5.52968883e+01 5.53066003e+01 5.53081043e+01 5.53581043e+01 5.53602570e+01 5.53625610e+01 5.53702570e+01 5.53725610e+01 5.53802570e+01 5.53825610e+01 5.53902570e+01 5.53967850e+01 5.54467850e+01 5.54494165e+01 5.54517205e+01 5.54594165e+01 5.54617205e+01 5.54694165e+01 5.54744085e+01 5.55244085e+01 5.55308197e+01 5.55311077e+01 5.55408197e+01 5.55428997e+01 5.55928997e+01 5.55968368e+01 5.55991408e+01 5.56068368e+01 5.56091408e+01 5.56168368e+01 5.56250288e+01 5.56750288e+01 5.56770041e+01 5.56772921e+01 5.56870041e+01 5.56872921e+01 5.56970041e+01 5.56985081e+01 5.57485081e+01 5.57498895e+01 5.57501775e+01 5.57598895e+01 5.57601775e+01 5.57698895e+01 5.57719695e+01 5.58219695e+01 5.58271929e+01 5.58274809e+01 5.58371929e+01 5.58374809e+01 5.58471929e+01 5.58492729e+01 5.59094908e+01 5.59123989e+01 5.59126869e+01 5.59223989e+01 5.59226869e+01 5.59323989e+01 5.59339029e+01 5.59535159e+01 5.59727642e+01 5.59728003e+01 5.59730522e+01 5.59827642e+01 5.59830522e+01 5.59927642e+01 5.59930522e+01 5.60027642e+01 5.60030522e+01 5.60127642e+01 5.60130522e+01 5.60227642e+01 5.60248442e+01 5.60269741e+01 5.60469741e+01 5.60472621e+01 5.60569741e+01 5.60572621e+01 5.60669741e+01 5.60672621e+01 5.60769741e+01 5.60772621e+01 5.60869741e+01 5.60872621e+01 5.60969741e+01 5.60984781e+01 5.61484781e+01 5.61521681e+01 5.61524561e+01 5.61621681e+01 5.61624561e+01 5.61721681e+01 5.61724561e+01 5.61821681e+01 5.61842481e+01 5.62342481e+01 5.62371830e+01 5.62374710e+01 5.62471830e+01 5.62474710e+01 5.62571830e+01 5.62592630e+01 5.63092630e+01 5.63092822e+01 5.63110573e+01 5.63113453e+01 5.63169782e+01 5.63192822e+01 5.63210573e+01 5.63213453e+01 5.63269782e+01 5.63292822e+01 5.63310573e+01 5.63313453e+01 5.63369782e+01 5.63468982e+01 5.63968982e+01 5.63982641e+01 5.64005681e+01 5.64082641e+01 5.64105681e+01 5.64182641e+01 5.64231921e+01 5.64731921e+01 5.64785451e+01 5.64788331e+01 5.64885451e+01 5.64888331e+01 5.64985451e+01 5.65006251e+01 5.65506251e+01 5.65528696e+01 5.65551736e+01 5.65628696e+01 5.65651736e+01 5.65728696e+01 5.65826616e+01 5.66326616e+01 5.66365283e+01 5.66388323e+01 5.66465283e+01 5.66488323e+01 5.66565283e+01 5.66632483e+01 5.67132483e+01 5.67201805e+01 5.67224845e+01 5.67301805e+01 5.67324845e+01 5.67401805e+01 5.67449805e+01 5.67949805e+01 5.67970130e+01 5.67993170e+01 5.68070130e+01 5.68093170e+01 5.68170130e+01 5.68193170e+01 5.68270130e+01 5.68346290e+01 5.69452497e+01 5.69536402e+01 5.69539282e+01 5.69636402e+01 5.69639282e+01 5.69736402e+01 5.69739282e+01 5.69836402e+01 5.69839282e+01 5.69936402e+01 5.69957202e+01 5.70023196e+01 5.70162682e+01 5.70165562e+01 5.70262682e+01 5.70265562e+01 5.70362682e+01 5.70365562e+01 5.70462682e+01 5.70465207e+01 5.70465562e+01 5.70562682e+01 5.70565562e+01 5.70662682e+01 5.70677722e+01 5.70865341e+01 5.70886275e+01 5.70909315e+01 5.70986275e+01 5.71009315e+01 5.71086275e+01 5.71109315e+01 5.71186275e+01 5.71209315e+01 5.71286275e+01 5.71309315e+01 5.71386275e+01 5.71438115e+01 5.71438189e+01 5.71638189e+01 5.71641069e+01 5.71738189e+01 5.71741069e+01 5.71838189e+01 5.71841069e+01 5.71938189e+01 5.71941069e+01 5.72038189e+01 5.72041069e+01 5.72138189e+01 5.72153229e+01 5.72653229e+01 5.72661432e+01 5.72664312e+01 5.72668689e+01 5.72680903e+01 5.72683783e+01 5.72745649e+01 5.72768689e+01 5.72780903e+01 5.72783783e+01 5.72845649e+01 5.72868689e+01 5.72880903e+01 5.72883783e+01 5.72945649e+01 5.73021809e+01 5.73521809e+01 5.73572944e+01 5.73575824e+01 5.73672944e+01 5.73675824e+01 5.73772944e+01 5.73775824e+01 5.73872944e+01 5.73893744e+01 5.74393744e+01 5.74397741e+01 5.74400621e+01 5.74497741e+01 5.74500621e+01 5.74597741e+01 5.74600621e+01 5.74697741e+01 5.74718541e+01 5.75218541e+01 5.75240591e+01 5.75243471e+01 5.75340591e+01 5.75343471e+01 5.75440591e+01 5.75461391e+01 5.75961391e+01 5.75976990e+01 5.76000030e+01 5.76076990e+01 5.76100030e+01 5.76176990e+01 5.76236510e+01 5.76736510e+01 5.76783704e+01 5.76786584e+01 5.76883704e+01 5.76886584e+01 5.76983704e+01 5.76998744e+01 5.77498744e+01 5.77530173e+01 5.77553213e+01 5.77630173e+01 5.77653213e+01 5.77730173e+01 5.77753213e+01 5.77830173e+01 5.77896733e+01 5.78396733e+01 5.78418402e+01 5.78421282e+01 5.78518402e+01 5.78521282e+01 5.78618402e+01 5.78639202e+01 5.79031654e+01 5.79033267e+01 5.79036147e+01 5.79133267e+01 5.79136147e+01 5.79233267e+01 5.79236147e+01 5.79333267e+01 5.79336147e+01 5.79433267e+01 5.79448307e+01 5.79498366e+01 5.79696366e+01 5.79698366e+01 5.79701246e+01 5.79798366e+01 5.79801246e+01 5.79898366e+01 5.79901246e+01 5.79998366e+01 5.80001246e+01 5.80098366e+01 5.80101246e+01 5.80198366e+01 5.80213406e+01 5.80713406e+01 5.80752317e+01 5.80775357e+01 5.80852317e+01 5.80875357e+01 5.80952317e+01 5.80975357e+01 5.81052317e+01 5.81075551e+01 5.81107357e+01 5.81607357e+01 5.81616159e+01 5.81693119e+01 5.81716159e+01 5.81793119e+01 5.81816159e+01 5.81893119e+01 5.81948159e+01 5.82448159e+01 5.82459198e+01 5.82482238e+01 5.82559198e+01 5.82582238e+01 5.82659198e+01 5.82682238e+01 5.82759198e+01 5.82839198e+01 5.83339198e+01 5.83419293e+01 5.83422173e+01 5.83519293e+01 5.83522173e+01 5.83619293e+01 5.83634333e+01 5.84134333e+01 5.84219987e+01 5.84222867e+01 5.84319987e+01 5.84340787e+01 5.84840787e+01 5.84879856e+01 5.84902896e+01 5.84979856e+01 5.85002896e+01 5.85079856e+01 5.85102896e+01 5.85179856e+01 5.85266256e+01 5.85766256e+01 5.85784827e+01 5.85807867e+01 5.85884827e+01 5.85907867e+01 5.85984827e+01 5.86080827e+01 5.86580827e+01 5.86604441e+01 5.86627481e+01 5.86704441e+01 5.86727481e+01 5.86804441e+01 5.86827481e+01 5.86904441e+01 5.86971001e+01 5.87471001e+01 5.87527293e+01 5.87530173e+01 5.87627293e+01 5.87630173e+01 5.87727293e+01 5.87742333e+01 5.88242333e+01 5.88299823e+01 5.88302703e+01 5.88399823e+01 5.88402703e+01 5.88499823e+01 5.88502703e+01 5.88599823e+01 5.88620623e+01 5.89462268e+01 5.89605888e+01 5.89628928e+01 5.89705888e+01 5.89728928e+01 5.89805888e+01 5.89828928e+01 5.89905888e+01 5.89928928e+01 5.90005888e+01 5.90028928e+01 5.90105888e+01 5.90180243e+01 5.90194208e+01 5.90195158e+01 5.90395158e+01 5.90398038e+01 5.90495158e+01 5.90498038e+01 5.90595158e+01 5.90598038e+01 5.90695158e+01 5.90698038e+01 5.90795158e+01 5.90798038e+01 5.90895158e+01 5.90910198e+01 5.91410198e+01 5.91421275e+01 5.91444315e+01 5.91521275e+01 5.91544315e+01 5.91621275e+01 5.91644315e+01 5.91721275e+01 5.91785915e+01 5.92285915e+01 5.92314728e+01 5.92317608e+01 5.92414728e+01 5.92417608e+01 5.92514728e+01 5.92529768e+01 5.93029768e+01 5.93062405e+01 5.93085445e+01 5.93162405e+01 5.93185445e+01 5.93262405e+01 5.93357125e+01 5.93857125e+01 5.93910179e+01 5.93933219e+01 5.94010179e+01 5.94033219e+01 5.94110179e+01 5.94133219e+01 5.94210179e+01 5.94294019e+01 5.94794019e+01 5.94815933e+01 5.94838973e+01 5.94915933e+01 5.94938973e+01 5.95015933e+01 5.95086333e+01 5.95586333e+01 5.95593420e+01 5.95670380e+01 5.95693420e+01 5.95770380e+01 5.95793420e+01 5.95848399e+01 5.95851279e+01 5.95870380e+01 5.95948460e+01 5.96448460e+01 5.96648460e+01 5.97148460e+01 5.97179359e+01 5.97200159e+01 5.97700159e+01 5.97706748e+01 5.97729788e+01 5.97806748e+01 5.97829788e+01 5.97906748e+01 5.97997628e+01 5.98497628e+01 5.98507794e+01 5.98510674e+01 5.98607794e+01 5.98610674e+01 5.98707794e+01 5.98728594e+01 5.99167321e+01 5.99211785e+01 5.99214665e+01 5.99311785e+01 5.99314665e+01 5.99411785e+01 5.99414665e+01 5.99511785e+01 5.99519929e+01 5.99526825e+01 5.99714473e+01 5.99788400e+01 5.99791280e+01 5.99888400e+01 5.99891280e+01 5.99988400e+01 5.99991280e+01 6.00088400e+01 6.00091280e+01 6.00188400e+01 6.00191280e+01 6.00288400e+01 6.00309200e+01 6.00372674e+01 6.00568036e+01 6.00572674e+01 6.00575554e+01 6.00672674e+01 6.00675554e+01 6.00772674e+01 6.00775554e+01 6.00872674e+01 6.00875554e+01 6.00972674e+01 6.00975554e+01 6.01072674e+01 6.01087714e+01 6.01587714e+01 6.01682040e+01 6.01684920e+01 6.01782040e+01 6.01784920e+01 6.01882040e+01 6.01897080e+01 6.02397080e+01 6.02438371e+01 6.02461411e+01 6.02538371e+01 6.02561411e+01 6.02638371e+01 6.02726051e+01 6.03226051e+01 6.03285556e+01 6.03308596e+01 6.03385556e+01 6.03408596e+01 6.03485556e+01 6.03508596e+01 6.03585556e+01 6.03673236e+01 6.04173236e+01 6.04183591e+01 6.04206631e+01 6.04283591e+01 6.04306631e+01 6.04383591e+01 6.04406631e+01 6.04483591e+01 6.04580871e+01 6.05080871e+01 6.05082743e+01 6.05105783e+01 6.05182743e+01 6.05205783e+01 6.05282743e+01 6.05344183e+01 6.05844183e+01 6.05889861e+01 6.05892741e+01 6.05895189e+01 6.05989861e+01 6.05992741e+01 6.05995189e+01 6.06089861e+01 6.06110661e+01 6.06610661e+01 6.06629486e+01 6.06652526e+01 6.06729486e+01 6.06752526e+01 6.06829486e+01 6.06927406e+01 6.07427406e+01 6.07492553e+01 6.07515593e+01 6.07592553e+01 6.07615593e+01 6.07692553e+01 6.07715593e+01 6.07792553e+01 6.07827781e+01 6.07857193e+01 6.08357193e+01 6.08375514e+01 6.08452474e+01 6.08475514e+01 6.08552474e+01 6.08575514e+01 6.08652474e+01 6.08675514e+01 6.08752474e+01 6.08826714e+01 6.08834528e+01 6.09034528e+01 6.09037408e+01 6.09134528e+01 6.09137408e+01 6.09234528e+01 6.09237408e+01 6.09334528e+01 6.09337408e+01 6.09434528e+01 6.09437408e+01 6.09534528e+01 6.09549568e+01 6.10049568e+01 6.10068021e+01 6.10070901e+01 6.10168021e+01 6.10170901e+01 6.10268021e+01 6.10283061e+01 6.10783061e+01 6.10804522e+01 6.10807402e+01 6.10904522e+01 6.10907402e+01 6.11004522e+01 6.11025322e+01 6.11525322e+01 6.11563667e+01 6.11566547e+01 6.11663667e+01 6.11666547e+01 6.11763667e+01 6.11784467e+01 6.12284467e+01 6.12319935e+01 6.12322815e+01 6.12419935e+01 6.12422815e+01 6.12519935e+01 6.12534975e+01 6.13034975e+01 6.13041519e+01 6.13044399e+01 6.13141519e+01 6.13144399e+01 6.13241519e+01 6.13262319e+01 6.13762319e+01 6.13764793e+01 6.13767673e+01 6.13864793e+01 6.13867673e+01 6.13964793e+01 6.13967673e+01 6.14064793e+01 6.14085593e+01 6.14585593e+01 6.14656208e+01 6.14679248e+01 6.14756208e+01 6.14779248e+01 6.14856208e+01 6.14933008e+01 6.15433008e+01 6.15463893e+01 6.15486933e+01 6.15563893e+01 6.15586933e+01 6.15663893e+01 6.15722773e+01 6.16222773e+01 6.16319035e+01 6.16321915e+01 6.16419035e+01 6.16421915e+01 6.16519035e+01 6.16534075e+01 6.17034075e+01 6.17075578e+01 6.17078458e+01 6.17175578e+01 6.17178458e+01 6.17275578e+01 6.17296378e+01 6.17796378e+01 6.17797627e+01 6.17820667e+01 6.17897627e+01 6.17920667e+01 6.17997627e+01 6.18020667e+01 6.18097627e+01 6.18151387e+01 6.18651387e+01 6.18681269e+01 6.18684149e+01 6.18781269e+01 6.18784149e+01 6.18881269e+01 6.18902069e+01 6.19037808e+01 6.19153697e+01 6.19156577e+01 6.19253697e+01 6.19256577e+01 6.19353697e+01 6.19356577e+01 6.19453697e+01 6.19456577e+01 6.19553697e+01 6.19556577e+01 6.19653697e+01 6.19668737e+01 6.19799969e+01 6.19974486e+01 6.19997526e+01 6.20074486e+01 6.20097526e+01 6.20174486e+01 6.20197526e+01 6.20274486e+01 6.20297526e+01 6.20374486e+01 6.20397526e+01 6.20474486e+01 6.20488378e+01 6.20534646e+01 6.20686536e+01 6.20807791e+01 6.20810671e+01 6.20907791e+01 6.20910671e+01 6.21007791e+01 6.21010671e+01 6.21107791e+01 6.21110671e+01 6.21207791e+01 6.21210671e+01 6.21307791e+01 6.21328591e+01 6.21499688e+01 6.21543416e+01 6.21546296e+01 6.21643416e+01 6.21646296e+01 6.21743416e+01 6.21746296e+01 6.21843416e+01 6.21846296e+01 6.21943416e+01 6.21946296e+01 6.22043416e+01 6.22064216e+01 6.22261149e+01 6.22278736e+01 6.22301776e+01 6.22378736e+01 6.22401776e+01 6.22478736e+01 6.22501776e+01 6.22578736e+01 6.22601776e+01 6.22678736e+01 6.22701776e+01 6.22778736e+01 6.22872176e+01 6.22945896e+01 6.23145896e+01 6.23148776e+01 6.23245896e+01 6.23248776e+01 6.23345896e+01 6.23348776e+01 6.23445896e+01 6.23448776e+01 6.23545896e+01 6.23548776e+01 6.23645896e+01 6.23660936e+01 6.24160936e+01 6.24180521e+01 6.24183401e+01 6.24280521e+01 6.24283401e+01 6.24380521e+01 6.24401321e+01 6.24901321e+01 6.24931740e+01 6.24954780e+01 6.25031740e+01 6.25054780e+01 6.25131740e+01 6.25154780e+01 6.25231740e+01 6.25298940e+01 6.25798940e+01 6.25810745e+01 6.25833785e+01 6.25910745e+01 6.25933785e+01 6.26010745e+01 6.26082425e+01 6.26582425e+01 6.26609922e+01 6.26612802e+01 6.26709922e+01 6.26712802e+01 6.26809922e+01 6.26830722e+01 6.27330722e+01 6.27342947e+01 6.27365987e+01 6.27442947e+01 6.27465987e+01 6.27542947e+01 6.27565987e+01 6.27642947e+01 6.27742147e+01 6.28242147e+01 6.28244722e+01 6.28267762e+01 6.28344722e+01 6.28367762e+01 6.28444722e+01 6.28504722e+01 6.28512562e+01 6.28805379e+01 6.28821952e+01 6.28844992e+01 6.28906204e+01 6.28909084e+01 6.28921952e+01 6.28944992e+01 6.29006204e+01 6.29009084e+01 6.29021952e+01 6.29044992e+01 6.29106204e+01 6.29109084e+01 6.29121952e+01 6.29144992e+01 6.29206204e+01 6.29209084e+01 6.29221952e+01 6.29244992e+01 6.29306204e+01 6.29309084e+01 6.29321952e+01 6.29417952e+01 6.29536307e+01 6.29623625e+01 6.29646665e+01 6.29723625e+01 6.29746665e+01 6.29823625e+01 6.29846665e+01 6.29923625e+01 6.29946665e+01 6.30023625e+01 6.30046665e+01 6.30123625e+01 6.30182505e+01 6.30323451e+01 6.30519203e+01 6.30523451e+01 6.30526331e+01 6.30623451e+01 6.30626331e+01 6.30723451e+01 6.30726331e+01 6.30823451e+01 6.30826331e+01 6.30923451e+01 6.30926331e+01 6.31023451e+01 6.31038491e+01 6.31538491e+01 6.31569823e+01 6.31592863e+01 6.31669823e+01 6.31692863e+01 6.31769823e+01 6.31792863e+01 6.31869823e+01 6.31892863e+01 6.31969823e+01 6.32024223e+01 6.32524223e+01 6.32574348e+01 6.32597388e+01 6.32674348e+01 6.32697388e+01 6.32774348e+01 6.32826188e+01 6.33326188e+01 6.33345904e+01 6.33348784e+01 6.33445904e+01 6.33448784e+01 6.33545904e+01 6.33560944e+01 6.34060944e+01 6.34062904e+01 6.34065784e+01 6.34162904e+01 6.34165784e+01 6.34262904e+01 6.34265784e+01 6.34362904e+01 6.34383704e+01 6.34883704e+01 6.34936765e+01 6.34959805e+01 6.35036765e+01 6.35059805e+01 6.35136765e+01 6.35227645e+01 6.35727645e+01 6.35728805e+01 6.35751845e+01 6.35828805e+01 6.35851845e+01 6.35928805e+01 6.35946238e+01 6.35951845e+01 6.36028805e+01 6.36099845e+01 6.36599845e+01 6.36668126e+01 6.36671006e+01 6.36768126e+01 6.36771006e+01 6.36868126e+01 6.36883166e+01 6.37383166e+01 6.37414241e+01 6.37417121e+01 6.37514241e+01 6.37517121e+01 6.37614241e+01 6.37635041e+01 6.38135041e+01 6.38137444e+01 6.38160484e+01 6.38237444e+01 6.38260484e+01 6.38337444e+01 6.38360484e+01 6.38437444e+01 6.38513604e+01 6.39266255e+01 6.39311714e+01 6.39384034e+01 6.39406449e+01 6.39606449e+01 6.39609329e+01 6.39706449e+01 6.39709329e+01 6.39806449e+01 6.39809329e+01 6.39906449e+01 6.39909329e+01 6.40006449e+01 6.40009329e+01 6.40106449e+01 6.40121489e+01 6.40621489e+01 6.40678445e+01 6.40701485e+01 6.40778445e+01 6.40801485e+01 6.40878445e+01 6.40975085e+01 6.41475085e+01 6.41493736e+01 6.41516776e+01 6.41593736e+01 6.41616776e+01 6.41693736e+01 6.41765416e+01 6.42265416e+01 6.42348441e+01 6.42351321e+01 6.42448441e+01 6.42469241e+01 6.42969241e+01 6.42995871e+01 6.42998751e+01 6.43095871e+01 6.43098751e+01 6.43195871e+01 6.43210911e+01 6.43710911e+01 6.43727122e+01 6.43750162e+01 6.43827122e+01 6.43850162e+01 6.43927122e+01 6.43998162e+01 6.44498162e+01 6.44567654e+01 6.44590694e+01 6.44667654e+01 6.44690694e+01 6.44767654e+01 6.44845734e+01 6.45345734e+01 6.45359620e+01 6.45436580e+01 6.45455641e+01 6.45459620e+01 6.45536580e+01 6.45559620e+01 6.45636580e+01 6.45684580e+01 6.46184580e+01 6.46237155e+01 6.46240035e+01 6.46337155e+01 6.46357955e+01 6.46857955e+01 6.46879590e+01 6.46902630e+01 6.46979590e+01 6.47002630e+01 6.47079590e+01 6.47102630e+01 6.47179590e+01 6.47255750e+01 6.47755750e+01 6.47825568e+01 6.47828448e+01 6.47925568e+01 6.47928448e+01 6.48025568e+01 6.48040608e+01 6.48540608e+01 6.48548945e+01 6.48623235e+01 6.48626115e+01 6.48648945e+01 6.48723235e+01 6.48726115e+01 6.48748945e+01 6.48823235e+01 6.48844035e+01 6.48884145e+01 6.49089036e+01 6.49091916e+01 6.49189036e+01 6.49191916e+01 6.49289036e+01 6.49291916e+01 6.49326115e+01 6.49391504e+01 6.49391916e+01 6.49489036e+01 6.49491916e+01 6.49589036e+01 6.49604076e+01 6.49625043e+01 6.49825043e+01 6.49827923e+01 6.49925043e+01 6.49927923e+01 6.50025043e+01 6.50027923e+01 6.50125043e+01 6.50127923e+01 6.50225043e+01 6.50227923e+01 6.50325043e+01 6.50340083e+01 6.50840083e+01 6.50885931e+01 6.50908971e+01 6.50985931e+01 6.51008971e+01 6.51085931e+01 6.51164011e+01 6.51664011e+01 6.51686561e+01 6.51709601e+01 6.51786561e+01 6.51809601e+01 6.51886561e+01 6.51958881e+01 6.52458881e+01 6.52502658e+01 6.52505538e+01 6.52602658e+01 6.52605538e+01 6.52702658e+01 6.52705538e+01 6.52802658e+01 6.52817698e+01 6.53317698e+01 6.53377163e+01 6.53400203e+01 6.53477163e+01 6.53500203e+01 6.53577163e+01 6.53659083e+01 6.54159083e+01 6.54161553e+01 6.54184593e+01 6.54261553e+01 6.54284593e+01 6.54361553e+01 6.54384593e+01 6.54461553e+01 6.54521073e+01 6.55021073e+01 6.55029503e+01 6.55052543e+01 6.55129503e+01 6.55152543e+01 6.55229503e+01 6.55249314e+01 6.55293503e+01 6.55793503e+01 6.55838989e+01 6.55841869e+01 6.55938989e+01 6.55941869e+01 6.56038989e+01 6.56054029e+01 6.56554029e+01 6.56567680e+01 6.56590720e+01 6.56667680e+01 6.56690720e+01 6.56767680e+01 6.56855360e+01 6.57355360e+01 6.57355967e+01 6.57432927e+01 6.57455967e+01 6.57532927e+01 6.57555967e+01 6.57632927e+01 6.57655967e+01 6.57732927e+01 6.57809727e+01 6.58309727e+01 6.58371448e+01 6.58394488e+01 6.58471448e+01 6.58494488e+01 6.58571448e+01 6.58594488e+01 6.58671448e+01 6.58732888e+01 6.59145568e+01 6.59189924e+01 6.59192804e+01 6.59289924e+01 6.59292804e+01 6.59389924e+01 6.59392804e+01 6.59489924e+01 6.59504964e+01 6.59556327e+01 6.59706777e+01 6.59709657e+01 6.59806777e+01 6.59809657e+01 6.59906777e+01 6.59909657e+01 6.60006777e+01 6.60009657e+01 6.60106777e+01 6.60109657e+01 6.60206777e+01 6.60227577e+01 6.60413466e+01 6.60543299e+01 6.60566339e+01 6.60643299e+01 6.60666339e+01 6.60743299e+01 6.60766339e+01 6.60843299e+01 6.60866339e+01 6.60943299e+01 6.60966339e+01 6.61018693e+01 6.61021573e+01 6.61043299e+01 6.61098979e+01 6.61124932e+01 6.61218693e+01 6.61221573e+01 6.61318693e+01 6.61321573e+01 6.61418693e+01 6.61421573e+01 6.61518693e+01 6.61533733e+01 6.61715815e+01 6.61745495e+01 6.61768535e+01 6.61845495e+01 6.61868535e+01 6.61945495e+01 6.61968535e+01 6.62045495e+01 6.62068535e+01 6.62145495e+01 6.62168535e+01 6.62245495e+01 6.62340215e+01 6.62490123e+01 6.62577693e+01 6.62580573e+01 6.62677693e+01 6.62680573e+01 6.62777693e+01 6.62780573e+01 6.62877693e+01 6.62880573e+01 6.62977693e+01 6.62980573e+01 6.63077693e+01 6.63098493e+01 6.63188860e+01 6.63388860e+01 6.63391740e+01 6.63488860e+01 6.63491740e+01 6.63536827e+01 6.63588860e+01 6.63591740e+01 6.63688860e+01 6.63691740e+01 6.63788860e+01 6.63791740e+01 6.63888860e+01 6.63903900e+01 6.64403900e+01 6.64414497e+01 6.64417377e+01 6.64514497e+01 6.64517377e+01 6.64614497e+01 6.64617377e+01 6.64714497e+01 6.64735297e+01 6.65235297e+01 6.65325018e+01 6.65327898e+01 6.65425018e+01 6.65427898e+01 6.65525018e+01 6.65545818e+01 6.66045818e+01 6.66132618e+01 6.66135498e+01 6.66232618e+01 6.66247658e+01 6.66747658e+01 6.66777266e+01 6.66800306e+01 6.66877266e+01 6.66900306e+01 6.66977266e+01 6.67049586e+01 6.67549586e+01 6.67611895e+01 6.67634935e+01 6.67711895e+01 6.67734935e+01 6.67811895e+01 6.67883575e+01 6.68383575e+01 6.68421192e+01 6.68444232e+01 6.68521192e+01 6.68544232e+01 6.68621192e+01 6.68671112e+01 6.68949900e+01 6.68978868e+01 6.68981748e+01 6.69078868e+01 6.69081748e+01 6.69178868e+01 6.69181748e+01 6.69278868e+01 6.69281748e+01 6.69378868e+01 6.69381748e+01 6.69478868e+01 6.69499668e+01 6.69621487e+01 6.69730457e+01 6.69753497e+01 6.69830457e+01 6.69853497e+01 6.69930457e+01 6.69953497e+01 6.70030457e+01 6.70053497e+01 6.70130457e+01 6.70153497e+01 6.70230457e+01 6.70326457e+01 6.70363481e+01 6.70532661e+01 6.70535541e+01 6.70632661e+01 6.70635541e+01 6.70732661e+01 6.70735541e+01 6.70832661e+01 6.70835541e+01 6.70932661e+01 6.70935541e+01 6.71032661e+01 6.71053461e+01 6.71124758e+01 6.71302485e+01 6.71305365e+01 6.71402485e+01 6.71405365e+01 6.71502485e+01 6.71505365e+01 6.71602485e+01 6.71605365e+01 6.71702485e+01 6.71705365e+01 6.71802485e+01 6.71817525e+01 6.71960385e+01 6.72113584e+01 6.72136624e+01 6.72213584e+01 6.72236624e+01 6.72313584e+01 6.72336624e+01 6.72413584e+01 6.72436624e+01 6.72513584e+01 6.72536624e+01 6.72613584e+01 6.72710910e+01 6.72711504e+01 6.72829922e+01 6.72936779e+01 6.72939659e+01 6.73036779e+01 6.73039659e+01 6.73136779e+01 6.73139659e+01 6.73236779e+01 6.73239659e+01 6.73336779e+01 6.73339659e+01 6.73436779e+01 6.73451819e+01 6.73627183e+01 6.73680391e+01 6.73703431e+01 6.73780391e+01 6.73803431e+01 6.73880391e+01 6.73903431e+01 6.73980391e+01 6.74003431e+01 6.74080391e+01 6.74103431e+01 6.74180391e+01 6.74245031e+01 6.74397189e+01 6.74551775e+01 6.74574815e+01 6.74651775e+01 6.74674815e+01 6.74751775e+01 6.74774815e+01 6.74851775e+01 6.74874815e+01 6.74951775e+01 6.74974815e+01 6.75051775e+01 6.75150975e+01 6.75269851e+01 6.75396379e+01 6.75399259e+01 6.75496379e+01 6.75499259e+01 6.75596379e+01 6.75599259e+01 6.75696379e+01 6.75699259e+01 6.75796379e+01 6.75799259e+01 6.75896379e+01 6.75911419e+01 6.75984276e+01 6.76136452e+01 6.76159492e+01 6.76236452e+01 6.76259492e+01 6.76336452e+01 6.76359492e+01 6.76436452e+01 6.76459492e+01 6.76536452e+01 6.76559492e+01 6.76636452e+01 6.76722852e+01 6.76892540e+01 6.77092540e+01 6.77095420e+01 6.77192540e+01 6.77195420e+01 6.77292540e+01 6.77295420e+01 6.77392540e+01 6.77395420e+01 6.77492540e+01 6.77495420e+01 6.77592540e+01 6.77607580e+01 6.78107580e+01 6.78140845e+01 6.78163885e+01 6.78240845e+01 6.78263885e+01 6.78340845e+01 6.78422765e+01 6.79094605e+01 6.79106889e+01 6.79183849e+01 6.79206889e+01 6.79283849e+01 6.79346569e+01 6.79361692e+01 6.79561692e+01 6.79564572e+01 6.79661692e+01 6.79664572e+01 6.79761692e+01 6.79764572e+01 6.79818678e+01 6.79861692e+01 6.79864572e+01 6.79961692e+01 6.79964572e+01 6.80061692e+01 6.80076732e+01 6.80576732e+01 6.80577690e+01 6.80580570e+01 6.80677690e+01 6.80680570e+01 6.80777690e+01 6.80792730e+01 6.81292730e+01 6.81315509e+01 6.81318389e+01 6.81415509e+01 6.81418389e+01 6.81515509e+01 6.81536309e+01 6.82036309e+01 6.82071576e+01 6.82094616e+01 6.82171576e+01 6.82194616e+01 6.82271576e+01 6.82333656e+01 6.82833656e+01 6.82877865e+01 6.82900905e+01 6.82977865e+01 6.83000905e+01 6.83077865e+01 6.83100905e+01 6.83177865e+01 6.83272585e+01 6.83772585e+01 6.83814431e+01 6.83837471e+01 6.83914431e+01 6.83937471e+01 6.84014431e+01 6.84037471e+01 6.84114431e+01 6.84170751e+01 6.84670751e+01 6.84739197e+01 6.84762237e+01 6.84839197e+01 6.84862237e+01 6.84939197e+01 6.84992957e+01 6.85492957e+01 6.85520312e+01 6.85523192e+01 6.85620312e+01 6.85623192e+01 6.85720312e+01 6.85735352e+01 6.86235352e+01 6.86269991e+01 6.86272871e+01 6.86369991e+01 6.86372871e+01 6.86469991e+01 6.86485031e+01 6.86985031e+01 6.87020774e+01 6.87043814e+01 6.87120774e+01 6.87143814e+01 6.87220774e+01 6.87316774e+01 6.87816774e+01 6.87822305e+01 6.87845345e+01 6.87922305e+01 6.87945345e+01 6.88022305e+01 6.88085665e+01 6.88585665e+01 6.88598246e+01 6.88621286e+01 6.88698246e+01 6.88721286e+01 6.88798246e+01 6.88859137e+01 6.88880806e+01 6.88911901e+01 6.89111901e+01 6.89114781e+01 6.89211901e+01 6.89214781e+01 6.89311901e+01 6.89314781e+01 6.89411901e+01 6.89414781e+01 6.89511901e+01 6.89514781e+01 6.89611901e+01 6.89626941e+01 6.90126941e+01 6.90140959e+01 6.90163999e+01 6.90240959e+01 6.90263999e+01 6.90340959e+01 6.90395999e+01 6.90895999e+01 6.90969265e+01 6.90992305e+01 6.91069265e+01 6.91092305e+01 6.91169265e+01 6.91229425e+01 6.91729425e+01 6.91790006e+01 6.91813046e+01 6.91890006e+01 6.91913046e+01 6.91990006e+01 6.92060406e+01 6.92560406e+01 6.92594341e+01 6.92617381e+01 6.92694341e+01 6.92717381e+01 6.92794341e+01 6.92850661e+01 6.93350661e+01 6.93355708e+01 6.93378748e+01 6.93455708e+01 6.93478748e+01 6.93555708e+01 6.93648508e+01 6.94148508e+01 6.94166522e+01 6.94243482e+01 6.94266522e+01 6.94343482e+01 6.94366522e+01 6.94443482e+01 6.94519002e+01 6.95019002e+01 6.95052559e+01 6.95055439e+01 6.95078174e+01 6.95152559e+01 6.95155439e+01 6.95178174e+01 6.95252559e+01 6.95273359e+01 6.95328734e+01 6.95539915e+01 6.95542795e+01 6.95639915e+01 6.95642795e+01 6.95739915e+01 6.95742795e+01 6.95755439e+01 6.96255439e+01 6.96419216e+01 6.96422096e+01 6.96519216e+01 6.96522096e+01 6.96619216e+01 6.96622096e+01 6.96719216e+01 6.96722096e+01 6.96819216e+01 6.96822096e+01 6.96919216e+01 6.96940016e+01 6.97440016e+01 6.97440334e+01 6.97443214e+01 6.97540334e+01 6.97543214e+01 6.97640334e+01 6.97661134e+01 6.98161134e+01 6.98245511e+01 6.98248391e+01 6.98345511e+01 6.98348391e+01 6.98445511e+01 6.98466311e+01 6.99326639e+01 6.99501388e+01 6.99504268e+01 6.99601388e+01 6.99604268e+01 6.99701388e+01 6.99704268e+01 6.99801388e+01 6.99804268e+01 6.99901388e+01 6.99904268e+01 7.00001388e+01 7.00022188e+01 7.00142577e+01 7.00228159e+01 7.00231039e+01 7.00328159e+01 7.00331039e+01 7.00428159e+01 7.00431039e+01 7.00528159e+01 7.00531039e+01 7.00628159e+01 7.00631039e+01 7.00728159e+01 7.00748959e+01 7.00893459e+01 7.00961633e+01 7.00964513e+01 7.01061633e+01 7.01062912e+01 7.01064513e+01 7.01161633e+01 7.01164513e+01 7.01261633e+01 7.01264513e+01 7.01361633e+01 7.01364513e+01 7.01461633e+01 7.01482433e+01 7.01608256e+01 7.01727510e+01 7.01730390e+01 7.01733061e+01 7.01827510e+01 7.01830390e+01 7.01833061e+01 7.01927510e+01 7.01930390e+01 7.01933061e+01 7.02027510e+01 7.02030390e+01 7.02033061e+01 7.02127510e+01 7.02130390e+01 7.02133061e+01 7.02227510e+01 7.02248310e+01 7.02275550e+01 7.02475550e+01 7.02478430e+01 7.02575550e+01 7.02578430e+01 7.02675550e+01 7.02678430e+01 7.02775550e+01 7.02778430e+01 7.02875550e+01 7.02878430e+01 7.02975550e+01 7.02990590e+01 7.03490590e+01 7.03584181e+01 7.03587061e+01 7.03684181e+01 7.03687061e+01 7.03784181e+01 7.03804981e+01 7.04304981e+01 7.04327972e+01 7.04330852e+01 7.04427972e+01 7.04430852e+01 7.04527972e+01 7.04543012e+01 7.05043012e+01 7.05074911e+01 7.05097951e+01 7.05174911e+01 7.05197951e+01 7.05274911e+01 7.05322911e+01 7.05822911e+01 7.05844614e+01 7.05847494e+01 7.05944614e+01 7.05947494e+01 7.06044614e+01 7.06065414e+01 7.06565414e+01 7.06587900e+01 7.06664860e+01 7.06687900e+01 7.06764860e+01 7.06787900e+01 7.06864860e+01 7.06914780e+01 7.07414780e+01 7.07416334e+01 7.07493185e+01 7.07496065e+01 7.07516334e+01 7.07593185e+01 7.07596065e+01 7.07616334e+01 7.07693185e+01 7.07708225e+01 7.07758574e+01 7.07989961e+01 7.07992841e+01 7.08089961e+01 7.08092841e+01 7.08189961e+01 7.08192841e+01 7.08196065e+01 7.08696065e+01 7.08743722e+01 7.08746602e+01 7.08843722e+01 7.08846602e+01 7.08943722e+01 7.08946602e+01 7.09043722e+01 7.09046602e+01 7.09143722e+01 7.09146602e+01 7.09243722e+01 7.09264522e+01 7.09428460e+01 7.09465073e+01 7.09467953e+01 7.09565073e+01 7.09567953e+01 7.09665073e+01 7.09667953e+01 7.09765073e+01 7.09767953e+01 7.09865073e+01 7.09867953e+01 7.09965073e+01 7.09985873e+01 7.10159619e+01 7.10212727e+01 7.10235767e+01 7.10312727e+01 7.10335767e+01 7.10412727e+01 7.10435767e+01 7.10512727e+01 7.10535767e+01 7.10612727e+01 7.10635767e+01 7.10712727e+01 7.10782487e+01 7.10955622e+01 7.11041549e+01 7.11064589e+01 7.11141549e+01 7.11164589e+01 7.11241549e+01 7.11264589e+01 7.11341549e+01 7.11364589e+01 7.11441549e+01 7.11464589e+01 7.11541549e+01 7.11629229e+01 7.11673492e+01 7.11873492e+01 7.11876372e+01 7.11973492e+01 7.11976372e+01 7.12073492e+01 7.12076372e+01 7.12173492e+01 7.12176372e+01 7.12273492e+01 7.12276372e+01 7.12373492e+01 7.12385722e+01 7.12388532e+01 7.12888532e+01 7.12936700e+01 7.12959740e+01 7.13036700e+01 7.13059740e+01 7.13136700e+01 7.13235900e+01 7.13735900e+01 7.13787508e+01 7.13810548e+01 7.13887508e+01 7.13910548e+01 7.13987508e+01 7.14059188e+01 7.14559188e+01 7.14602548e+01 7.14605428e+01 7.14702548e+01 7.14705428e+01 7.14802548e+01 7.14805428e+01 7.14902548e+01 7.14917588e+01 7.15417588e+01 7.15457930e+01 7.15480970e+01 7.15557930e+01 7.15580970e+01 7.15657930e+01 7.15720010e+01 7.16220010e+01 7.16229136e+01 7.16252176e+01 7.16274688e+01 7.16277568e+01 7.16329136e+01 7.16352176e+01 7.16374688e+01 7.16377568e+01 7.16429136e+01 7.16452176e+01 7.16474688e+01 7.16477568e+01 7.16529136e+01 7.16616816e+01 7.17116816e+01 7.17177925e+01 7.17200965e+01 7.17277925e+01 7.17300965e+01 7.17377925e+01 7.17400965e+01 7.17477925e+01 7.17500965e+01 7.17577925e+01 7.17670085e+01 7.18170085e+01 7.18176013e+01 7.18252973e+01 7.18276013e+01 7.18352973e+01 7.18376013e+01 7.18452973e+01 7.18518253e+01 7.19308772e+01 7.19361483e+01 7.19508772e+01 7.19511652e+01 7.19608772e+01 7.19611652e+01 7.19708772e+01 7.19711652e+01 7.19808772e+01 7.19811652e+01 7.19908772e+01 7.19911652e+01 7.20008772e+01 7.20023812e+01 7.20523812e+01 7.20567963e+01 7.20570843e+01 7.20667963e+01 7.20670843e+01 7.20767963e+01 7.20783003e+01 7.21283003e+01 7.21310569e+01 7.21333609e+01 7.21410569e+01 7.21413345e+01 7.21433609e+01 7.21510569e+01 7.21603369e+01 7.22103369e+01 7.22149524e+01 7.22172564e+01 7.22249524e+01 7.22272564e+01 7.22349524e+01 7.22423124e+01 7.22923124e+01 7.22997320e+01 7.23000200e+01 7.23097320e+01 7.23100200e+01 7.23197320e+01 7.23212360e+01 7.23712360e+01 7.23724805e+01 7.23747845e+01 7.23824805e+01 7.23847845e+01 7.23924805e+01 7.23981125e+01 7.24481125e+01 7.24681125e+01 7.25181125e+01 7.25199408e+01 7.25276368e+01 7.25375568e+01 7.25875568e+01 7.25895972e+01 7.25919012e+01 7.25995972e+01 7.26019012e+01 7.26095972e+01 7.26149092e+01 7.26649092e+01 7.26656515e+01 7.26733475e+01 7.26756515e+01 7.26761220e+01 7.26764100e+01 7.26833475e+01 7.26856515e+01 7.26861220e+01 7.26864100e+01 7.26933475e+01 7.26956515e+01 7.26961220e+01 7.26964100e+01 7.27033475e+01 7.27105155e+01 7.27605155e+01 7.27682058e+01 7.27684938e+01 7.27782058e+01 7.27784938e+01 7.27882058e+01 7.27884938e+01 7.27982058e+01 7.28002858e+01 7.28502858e+01 7.28566819e+01 7.28569699e+01 7.28666819e+01 7.28669699e+01 7.28766819e+01 7.28787619e+01 7.29279462e+01 7.29349749e+01 7.29372789e+01 7.29449749e+01 7.29472789e+01 7.29549749e+01 7.29620149e+01 7.29672964e+01 7.29872964e+01 7.29875844e+01 7.29972964e+01 7.29975844e+01 7.30072964e+01 7.30075844e+01 7.30172964e+01 7.30175844e+01 7.30272964e+01 7.30275844e+01 7.30372964e+01 7.30388004e+01 7.30888004e+01 7.30902495e+01 7.30905375e+01 7.31002495e+01 7.31005375e+01 7.31102495e+01 7.31105375e+01 7.31202495e+01 7.31223295e+01 7.31723295e+01 7.31727888e+01 7.31729009e+01 7.31730768e+01 7.31827888e+01 7.31830768e+01 7.31927888e+01 7.31942928e+01 7.32442928e+01 7.32518004e+01 7.32520884e+01 7.32618004e+01 7.32620884e+01 7.32718004e+01 7.32733044e+01 7.33233044e+01 7.33315449e+01 7.33318329e+01 7.33415449e+01 7.33418329e+01 7.33515449e+01 7.33536249e+01 7.34036249e+01 7.34112463e+01 7.34135503e+01 7.34212463e+01 7.34235503e+01 7.34312463e+01 7.34335503e+01 7.34412463e+01 7.34496943e+01 7.34996943e+01 7.34998399e+01 7.35021439e+01 7.35098399e+01 7.35121439e+01 7.35198399e+01 7.35283519e+01 7.35783519e+01 7.35790201e+01 7.35813241e+01 7.35890201e+01 7.35913241e+01 7.35990201e+01 7.36052921e+01 7.36552921e+01 7.36604251e+01 7.36607131e+01 7.36704251e+01 7.36707131e+01 7.36804251e+01 7.36819291e+01 7.37319291e+01 7.37368946e+01 7.37371826e+01 7.37468946e+01 7.37471826e+01 7.37568946e+01 7.37589746e+01 7.38089746e+01 7.38124838e+01 7.38147878e+01 7.38148213e+01 7.38224838e+01 7.38247878e+01 7.38248213e+01 7.38324838e+01 7.38418918e+01 7.39457058e+01 7.39505780e+01 7.39508660e+01 7.39605780e+01 7.39608660e+01 7.39705780e+01 7.39708660e+01 7.39805780e+01 7.39808660e+01 7.39905780e+01 7.39926580e+01 7.39942673e+01 7.40142673e+01 7.40145553e+01 7.40242673e+01 7.40245553e+01 7.40342673e+01 7.40345553e+01 7.40442673e+01 7.40445553e+01 7.40542673e+01 7.40545553e+01 7.40642673e+01 7.40657713e+01 7.41157713e+01 7.41160446e+01 7.41163326e+01 7.41260446e+01 7.41263326e+01 7.41360446e+01 7.41375486e+01 7.41875486e+01 7.41897922e+01 7.41900802e+01 7.41997922e+01 7.42000802e+01 7.42097922e+01 7.42100802e+01 7.42197922e+01 7.42218722e+01 7.42718722e+01 7.42761050e+01 7.42784090e+01 7.42861050e+01 7.42884090e+01 7.42961050e+01 7.43020570e+01 7.43520570e+01 7.43539802e+01 7.43542682e+01 7.43639802e+01 7.43642682e+01 7.43739802e+01 7.43760602e+01 7.44260602e+01 7.44274577e+01 7.44277457e+01 7.44319533e+01 7.44342573e+01 7.44343472e+01 7.44374577e+01 7.44377457e+01 7.44419533e+01 7.44434607e+01 7.44442573e+01 7.44443472e+01 7.44474577e+01 7.44477457e+01 7.44519533e+01 7.44609133e+01 7.45109133e+01 7.45132474e+01 7.45155514e+01 7.45232474e+01 7.45255514e+01 7.45332474e+01 7.45393274e+01 7.45893274e+01 7.45916192e+01 7.45939232e+01 7.46016192e+01 7.46039232e+01 7.46116192e+01 7.46203872e+01 7.46703872e+01 7.46730252e+01 7.46753292e+01 7.46830252e+01 7.46853292e+01 7.46930252e+01 7.46953292e+01 7.47030252e+01 7.47128172e+01 7.47628172e+01 7.47704812e+01 7.47707692e+01 7.47804812e+01 7.47807692e+01 7.47904812e+01 7.47919852e+01 7.48419852e+01 7.48460308e+01 7.48463188e+01 7.48560308e+01 7.48563188e+01 7.48660308e+01 7.48681108e+01 7.49255662e+01 7.49282289e+01 7.49305329e+01 7.49382289e+01 7.49405329e+01 7.49482289e+01 7.49532849e+01 7.49710925e+01 7.49761107e+01 7.49763987e+01 7.49861107e+01 7.49863987e+01 7.49961107e+01 7.49963987e+01 7.50061107e+01 7.50063987e+01 7.50161107e+01 7.50163987e+01 7.50261107e+01 7.50281907e+01 7.50396987e+01 7.50502321e+01 7.50525361e+01 7.50602321e+01 7.50625361e+01 7.50635207e+01 7.50638087e+01 7.50702321e+01 7.50725361e+01 7.50735207e+01 7.50738087e+01 7.50802321e+01 7.50825361e+01 7.50835207e+01 7.50838087e+01 7.50902321e+01 7.50925361e+01 7.50935207e+01 7.50938087e+01 7.51002321e+01 7.51076561e+01 7.51204155e+01 7.51364537e+01 7.51367417e+01 7.51464537e+01 7.51467417e+01 7.51564537e+01 7.51567417e+01 7.51664537e+01 7.51667417e+01 7.51764537e+01 7.51767417e+01 7.51864537e+01 7.51879577e+01 7.51956742e+01 7.52156742e+01 7.52159622e+01 7.52256742e+01 7.52259622e+01 7.52356742e+01 7.52359622e+01 7.52456742e+01 7.52459622e+01 7.52556742e+01 7.52559622e+01 7.52656742e+01 7.52664554e+01 7.52671782e+01 7.53171782e+01 7.53216031e+01 7.53218911e+01 7.53316031e+01 7.53318911e+01 7.53416031e+01 7.53436831e+01 7.53936831e+01 7.53943629e+01 7.54020589e+01 7.54043629e+01 7.54120589e+01 7.54143629e+01 7.54220589e+01 7.54293549e+01 7.54793549e+01 7.54830306e+01 7.54853346e+01 7.54930306e+01 7.54953346e+01 7.55030306e+01 7.55053346e+01 7.55130306e+01 7.55186626e+01 7.55686626e+01 7.55696685e+01 7.55699565e+01 7.55796685e+01 7.55799565e+01 7.55896685e+01 7.55911725e+01 7.56411725e+01 7.56463120e+01 7.56466000e+01 7.56563120e+01 7.56566000e+01 7.56663120e+01 7.56683920e+01 7.57183920e+01 7.57197456e+01 7.57274416e+01 7.57297456e+01 7.57374416e+01 7.57397456e+01 7.57474416e+01 7.57572336e+01 7.58072336e+01 7.58103176e+01 7.58126216e+01 7.58203176e+01 7.58226216e+01 7.58303176e+01 7.58326216e+01 7.58403176e+01 7.58451176e+01 7.59007193e+01 7.59088822e+01 7.59091702e+01 7.59188822e+01 7.59209622e+01 7.59240296e+01 7.59417892e+01 7.59440296e+01 7.59443176e+01 7.59540296e+01 7.59543176e+01 7.59640296e+01 7.59643176e+01 7.59740296e+01 7.59743176e+01 7.59840296e+01 7.59843176e+01 7.59940296e+01 7.59955336e+01 7.60455336e+01 7.60478604e+01 7.60501644e+01 7.60578604e+01 7.60601644e+01 7.60678604e+01 7.60701644e+01 7.60778604e+01 7.60840684e+01 7.61340684e+01 7.61433478e+01 7.61436358e+01 7.61533478e+01 7.61554278e+01 7.62054278e+01 7.62078988e+01 7.62081868e+01 7.62178988e+01 7.62181868e+01 7.62278988e+01 7.62294028e+01 7.62794028e+01 7.62822229e+01 7.62845269e+01 7.62922229e+01 7.62945269e+01 7.63022229e+01 7.63045269e+01 7.63122229e+01 7.63147804e+01 7.63188149e+01 7.63688149e+01 7.63760624e+01 7.63763504e+01 7.63860624e+01 7.63863504e+01 7.63960624e+01 7.63981424e+01 7.64481424e+01 7.64482523e+01 7.64485403e+01 7.64582523e+01 7.64585403e+01 7.64682523e+01 7.64703323e+01 7.65203323e+01 7.65261927e+01 7.65264807e+01 7.65361927e+01 7.65364807e+01 7.65461927e+01 7.65482727e+01 7.65982727e+01 7.65983281e+01 7.66059805e+01 7.66062685e+01 7.66083281e+01 7.66159805e+01 7.66162685e+01 7.66182727e+01 7.66682727e+01 7.66715046e+01 7.66717926e+01 7.66815046e+01 7.66817926e+01 7.66915046e+01 7.66917926e+01 7.67015046e+01 7.67030086e+01 7.67530086e+01 7.67606957e+01 7.67609837e+01 7.67706957e+01 7.67709837e+01 7.67806957e+01 7.67827757e+01 7.68327757e+01 7.68401022e+01 7.68403902e+01 7.68501022e+01 7.68503902e+01 7.68601022e+01 7.68621822e+01 7.68843510e+01 7.68930383e+01 7.68933263e+01 7.69030383e+01 7.69033263e+01 7.69130383e+01 7.69133263e+01 7.69230383e+01 7.69233263e+01 7.69330383e+01 7.69333263e+01 7.69430383e+01 7.69451183e+01 7.69643802e+01 7.69732437e+01 7.69735317e+01 7.69832437e+01 7.69835317e+01 7.69932437e+01 7.69935317e+01 7.70032437e+01 7.70035317e+01 7.70132437e+01 7.70135317e+01 7.70232437e+01 7.70253237e+01 7.70367701e+01 7.70488521e+01 7.70491401e+01 7.70588521e+01 7.70591401e+01 7.70688521e+01 7.70691401e+01 7.70788521e+01 7.70791401e+01 7.70888521e+01 7.70891401e+01 7.70988521e+01 7.71009321e+01 7.71125657e+01 7.71254862e+01 7.71257742e+01 7.71354862e+01 7.71357742e+01 7.71454862e+01 7.71457742e+01 7.71554862e+01 7.71557742e+01 7.71654862e+01 7.71657742e+01 7.71754862e+01 7.71775662e+01 7.71960438e+01 7.72065127e+01 7.72068007e+01 7.72165127e+01 7.72168007e+01 7.72265127e+01 7.72268007e+01 7.72365127e+01 7.72368007e+01 7.72465127e+01 7.72468007e+01 7.72565127e+01 7.72585927e+01 7.72689600e+01 7.72823668e+01 7.72846708e+01 7.72923668e+01 7.72946708e+01 7.73023668e+01 7.73046708e+01 7.73123668e+01 7.73146708e+01 7.73223668e+01 7.73246708e+01 7.73323668e+01 7.73394068e+01 7.73452932e+01 7.73652932e+01 7.73655812e+01 7.73752932e+01 7.73755812e+01 7.73852932e+01 7.73855812e+01 7.73952932e+01 7.73955812e+01 7.74052932e+01 7.74055812e+01 7.74152932e+01 7.74167972e+01 7.74667972e+01 7.74678455e+01 7.74681335e+01 7.74778455e+01 7.74781335e+01 7.74878455e+01 7.74893495e+01 7.75393495e+01 7.75400381e+01 7.75403261e+01 7.75500381e+01 7.75503261e+01 7.75600381e+01 7.75603261e+01 7.75700381e+01 7.75715421e+01 7.76215421e+01 7.76218557e+01 7.76221437e+01 7.76318557e+01 7.76321437e+01 7.76418557e+01 7.76439357e+01 7.76939357e+01 7.76984224e+01 7.76987104e+01 7.76990855e+01 7.77013895e+01 7.77084224e+01 7.77087104e+01 7.77090855e+01 7.77113895e+01 7.77184224e+01 7.77187104e+01 7.77190855e+01 7.77274695e+01 7.77774695e+01 7.77812016e+01 7.77814896e+01 7.77912016e+01 7.77914896e+01 7.78012016e+01 7.78032816e+01 7.78532816e+01 7.78549615e+01 7.78572655e+01 7.78649615e+01 7.78672655e+01 7.78749615e+01 7.78809567e+01 7.78831535e+01 7.78912568e+01 7.79096863e+01 7.79112568e+01 7.79115448e+01 7.79212568e+01 7.79215448e+01 7.79312568e+01 7.79315448e+01 7.79412568e+01 7.79415448e+01 7.79512568e+01 7.79515448e+01 7.79612568e+01 7.79627608e+01 7.80127608e+01 7.80180176e+01 7.80203216e+01 7.80280176e+01 7.80303216e+01 7.80380176e+01 7.80403216e+01 7.80480176e+01 7.80553136e+01 7.81053136e+01 7.81053841e+01 7.81076881e+01 7.81153841e+01 7.81176881e+01 7.81253841e+01 7.81276881e+01 7.81353841e+01 7.81431921e+01 7.81931921e+01 7.81939504e+01 7.81942384e+01 7.82039504e+01 7.82042384e+01 7.82139504e+01 7.82154544e+01 7.82654544e+01 7.82703715e+01 7.82706595e+01 7.82803715e+01 7.82806595e+01 7.82903715e+01 7.82918755e+01 7.83418755e+01 7.83419778e+01 7.83442818e+01 7.83519778e+01 7.83542818e+01 7.83619778e+01 7.83642818e+01 7.83719778e+01 7.83780578e+01 7.84280578e+01 7.84329366e+01 7.84352406e+01 7.84429366e+01 7.84452406e+01 7.84529366e+01 7.84611926e+01 7.85111926e+01 7.85134484e+01 7.85157524e+01 7.85234484e+01 7.85257524e+01 7.85334484e+01 7.85413204e+01 7.85913204e+01 7.85937427e+01 7.85960467e+01 7.86037427e+01 7.86060467e+01 7.86137427e+01 7.86189907e+01 7.86689907e+01 7.86744909e+01 7.86747789e+01 7.86844909e+01 7.86847789e+01 7.86944909e+01 7.86959949e+01 7.87459949e+01 7.87506859e+01 7.87509739e+01 7.87606859e+01 7.87609739e+01 7.87706859e+01 7.87727659e+01 7.88227659e+01 7.88265711e+01 7.88268591e+01 7.88365711e+01 7.88368591e+01 7.88465711e+01 7.88469021e+01 7.88486511e+01 7.89781884e+01 7.89792052e+01 7.89815092e+01 7.89892052e+01 7.89915092e+01 7.89992052e+01 7.90067572e+01 7.90246100e+01 7.90333322e+01 7.90336202e+01 7.90433322e+01 7.90436202e+01 7.90533322e+01 7.90536202e+01 7.90633322e+01 7.90636202e+01 7.90733322e+01 7.90736202e+01 7.90833322e+01 7.90848362e+01 7.90990867e+01 7.91172920e+01 7.91190867e+01 7.91193747e+01 7.91290867e+01 7.91293747e+01 7.91390867e+01 7.91393747e+01 7.91490867e+01 7.91493747e+01 7.91590867e+01 7.91593747e+01 7.91690867e+01 7.91705907e+01 7.92205907e+01 7.92278715e+01 7.92281595e+01 7.92378715e+01 7.92381595e+01 7.92478715e+01 7.92481595e+01 7.92578715e+01 7.92599515e+01 7.93099515e+01 7.93144813e+01 7.93147693e+01 7.93244813e+01 7.93247693e+01 7.93344813e+01 7.93365613e+01 7.93865613e+01 7.93961834e+01 7.93964714e+01 7.94061834e+01 7.94064714e+01 7.94161834e+01 7.94182634e+01 7.94682634e+01 7.94732938e+01 7.94735818e+01 7.94832938e+01 7.94835818e+01 7.94932938e+01 7.94953738e+01 7.95453738e+01 7.95518593e+01 7.95521473e+01 7.95618593e+01 7.95621473e+01 7.95718593e+01 7.95733633e+01 7.96233633e+01 7.96254184e+01 7.96277224e+01 7.96354184e+01 7.96377224e+01 7.96454184e+01 7.96513704e+01 7.97013704e+01 7.97031702e+01 7.97108662e+01 7.97131702e+01 7.97208662e+01 7.97231702e+01 7.97308662e+01 7.97331702e+01 7.97408662e+01 7.97502742e+01 7.98002742e+01 7.98202742e+01 7.98702742e+01 7.98770297e+01 7.98773177e+01 7.98870297e+01 7.98873177e+01 7.98970297e+01 7.98991097e+01 7.99071126e+01 7.99271126e+01 7.99274006e+01 7.99371126e+01 7.99374006e+01 7.99471126e+01 7.99474006e+01 7.99571126e+01 7.99574006e+01 7.99671126e+01 7.99674006e+01 7.99771126e+01 7.99786166e+01 8.00286166e+01 8.00332609e+01 8.00355649e+01 8.00432609e+01 8.00455649e+01 8.00532609e+01 8.00588929e+01 8.01088929e+01 8.01105520e+01 8.01108400e+01 8.01205520e+01 8.01208400e+01 8.01305520e+01 8.01326320e+01 8.01826320e+01 8.01849425e+01 8.01852305e+01 8.01949425e+01 8.01952305e+01 8.02049425e+01 8.02064465e+01 8.02564465e+01 8.02609352e+01 8.02632392e+01 8.02709352e+01 8.02732392e+01 8.02809352e+01 8.02815686e+01 8.02888072e+01 8.03388072e+01 8.03404708e+01 8.03481668e+01 8.03504708e+01 8.03581668e+01 8.03604708e+01 8.03681668e+01 8.03752708e+01 8.04252708e+01 8.04281529e+01 8.04304569e+01 8.04381529e+01 8.04404569e+01 8.04481529e+01 8.04504569e+01 8.04581529e+01 8.04651929e+01 8.05151929e+01 8.05224289e+01 8.05247329e+01 8.05324289e+01 8.05347329e+01 8.05424289e+01 8.05477409e+01 8.05977409e+01 8.05991121e+01 8.06014161e+01 8.06091121e+01 8.06114161e+01 8.06191121e+01 8.06214161e+01 8.06291121e+01 8.06342961e+01 8.06842961e+01 8.06894971e+01 8.06897851e+01 8.06994971e+01 8.06997851e+01 8.07094971e+01 8.07110011e+01 8.07610011e+01 8.07683685e+01 8.07706725e+01 8.07783685e+01 8.07806725e+01 8.07883685e+01 8.07936165e+01 8.08436165e+01 8.08486234e+01 8.08509274e+01 8.08586234e+01 8.08609274e+01 8.08686234e+01 8.08709274e+01 8.08786234e+01 8.08845114e+01 8.08882356e+01 8.09081489e+01 8.09082356e+01 8.09085236e+01 8.09182356e+01 8.09185236e+01 8.09282356e+01 8.09285236e+01 8.09382356e+01 8.09385236e+01 8.09482356e+01 8.09485236e+01 8.09582356e+01 8.09597396e+01 8.10097396e+01 8.10165255e+01 8.10168135e+01 8.10265255e+01 8.10268135e+01 8.10365255e+01 8.10380295e+01 8.10880295e+01 8.10928945e+01 8.10951985e+01 8.11028945e+01 8.11051985e+01 8.11128945e+01 8.11171570e+01 8.11215985e+01 8.11715985e+01 8.11756942e+01 8.11779982e+01 8.11788053e+01 8.11790933e+01 8.11856942e+01 8.11879982e+01 8.11888053e+01 8.11890933e+01 8.11956942e+01 8.12036302e+01 8.12536302e+01 8.12539414e+01 8.12562454e+01 8.12639414e+01 8.12662454e+01 8.12739414e+01 8.12811094e+01 8.13311094e+01 8.13331235e+01 8.13354275e+01 8.13431235e+01 8.13454275e+01 8.13531235e+01 8.13622115e+01 8.14122115e+01 8.14152131e+01 8.14155011e+01 8.14252131e+01 8.14255011e+01 8.14352131e+01 8.14372931e+01 8.14872931e+01 8.14915967e+01 8.14939007e+01 8.15015967e+01 8.15039007e+01 8.15115967e+01 8.15204287e+01 8.15704287e+01 8.15769260e+01 8.15792300e+01 8.15869260e+01 8.15892300e+01 8.15969260e+01 8.15992300e+01 8.16069260e+01 8.16158860e+01 8.16658860e+01 8.16674452e+01 8.16751412e+01 8.16774452e+01 8.16851412e+01 8.16874452e+01 8.16951412e+01 8.17038452e+01 8.17538452e+01 8.17573560e+01 8.17576440e+01 8.17673560e+01 8.17676440e+01 8.17773560e+01 8.17794360e+01 8.18294360e+01 8.18349131e+01 8.18372171e+01 8.18449131e+01 8.18472171e+01 8.18549131e+01 8.18572171e+01 8.18649131e+01 8.18669996e+01 8.18722731e+01 8.19198936e+01 8.19281983e+01 8.19284863e+01 8.19381983e+01 8.19384863e+01 8.19481983e+01 8.19497023e+01 8.19516365e+01 8.19716365e+01 8.19719245e+01 8.19816365e+01 8.19819245e+01 8.19916365e+01 8.19919245e+01 8.20016365e+01 8.20019245e+01 8.20116365e+01 8.20119245e+01 8.20216365e+01 8.20231405e+01 8.20731405e+01 8.20737326e+01 8.20740206e+01 8.20837326e+01 8.20840206e+01 8.20937326e+01 8.20958126e+01 8.21458126e+01 8.21494765e+01 8.21497645e+01 8.21594765e+01 8.21597645e+01 8.21694765e+01 8.21697645e+01 8.21794765e+01 8.21815565e+01 8.22315565e+01 8.22345553e+01 8.22348433e+01 8.22445553e+01 8.22448433e+01 8.22545553e+01 8.22566353e+01 8.23066353e+01 8.23138065e+01 8.23140945e+01 8.23238065e+01 8.23240945e+01 8.23338065e+01 8.23353105e+01 8.23853105e+01 8.23871359e+01 8.23894399e+01 8.23971359e+01 8.23994399e+01 8.24071359e+01 8.24153279e+01 8.24653279e+01 8.24729585e+01 8.24732465e+01 8.24829585e+01 8.24832465e+01 8.24929585e+01 8.24944625e+01 8.25444625e+01 8.25507245e+01 8.25530285e+01 8.25607245e+01 8.25630285e+01 8.25707245e+01 8.25799405e+01 8.26299405e+01 8.26308594e+01 8.26331634e+01 8.26408594e+01 8.26431634e+01 8.26508594e+01 8.26531634e+01 8.26608594e+01 8.26663634e+01 8.27163634e+01 8.27175702e+01 8.27198742e+01 8.27200440e+01 8.27275702e+01 8.27298742e+01 8.27300440e+01 8.27375702e+01 8.27398742e+01 8.27400440e+01 8.27475702e+01 8.27498742e+01 8.27500440e+01 8.27575702e+01 8.27598742e+01 8.27600440e+01 8.27675702e+01 8.27766582e+01 8.28266582e+01 8.28270715e+01 8.28273595e+01 8.28370715e+01 8.28373595e+01 8.28470715e+01 8.28473595e+01 8.28570715e+01 8.28591515e+01 8.29453299e+01 8.29540878e+01 8.29563918e+01 8.29640878e+01 8.29663918e+01 8.29740878e+01 8.29763918e+01 8.29840878e+01 8.29854940e+01 8.29863918e+01 8.29940878e+01 8.29963918e+01 8.30040878e+01 8.30094638e+01 8.30209725e+01 8.30409725e+01 8.30412605e+01 8.30509725e+01 8.30512605e+01 8.30609725e+01 8.30612605e+01 8.30709725e+01 8.30712605e+01 8.30809725e+01 8.30812605e+01 8.30909725e+01 8.30924765e+01 8.31424765e+01 8.31434870e+01 8.31437750e+01 8.31534870e+01 8.31537750e+01 8.31634870e+01 8.31637750e+01 8.31734870e+01 8.31755670e+01 8.32255670e+01 8.32260593e+01 8.32263473e+01 8.32264141e+01 8.32360593e+01 8.32363473e+01 8.32364141e+01 8.32460593e+01 8.32481393e+01 8.32981393e+01 8.33015969e+01 8.33039009e+01 8.33115969e+01 8.33139009e+01 8.33215969e+01 8.33271009e+01 8.33771009e+01 8.33774417e+01 8.33797457e+01 8.33874417e+01 8.33897457e+01 8.33974417e+01 8.34055057e+01 8.34555057e+01 8.34555210e+01 8.34578250e+01 8.34655210e+01 8.34678250e+01 8.34755210e+01 8.34778250e+01 8.34855210e+01 8.34905770e+01 8.35405770e+01 8.35470324e+01 8.35473204e+01 8.35570324e+01 8.35573204e+01 8.35670324e+01 8.35691124e+01 8.36191124e+01 8.36212680e+01 8.36215560e+01 8.36312680e+01 8.36315560e+01 8.36412680e+01 8.36433480e+01 8.36933480e+01 8.36981881e+01 8.36984761e+01 8.37081881e+01 8.37084761e+01 8.37181881e+01 8.37184761e+01 8.37281881e+01 8.37302681e+01 8.37802681e+01 8.37821712e+01 8.37824592e+01 8.37873750e+01 8.37896790e+01 8.37921712e+01 8.37924592e+01 8.37973750e+01 8.37996790e+01 8.38021712e+01 8.38024592e+01 8.38073750e+01 8.38160150e+01 8.38660150e+01 8.38720265e+01 8.38743305e+01 8.38820265e+01 8.38843305e+01 8.38920265e+01 8.38998345e+01 8.39073831e+01 8.39222572e+01 8.39245612e+01 8.39322572e+01 8.39345612e+01 8.39422572e+01 8.39445612e+01 8.39522572e+01 8.39523181e+01 8.39545612e+01 8.39622572e+01 8.39645612e+01 8.39722572e+01 8.39821132e+01 8.39915465e+01 8.40024642e+01 8.40027522e+01 8.40124642e+01 8.40127522e+01 8.40224642e+01 8.40227522e+01 8.40324642e+01 8.40327522e+01 8.40424642e+01 8.40427522e+01 8.40524642e+01 8.40539682e+01 8.40610291e+01 8.40777997e+01 8.40801037e+01 8.40877997e+01 8.40901037e+01 8.40977997e+01 8.41001037e+01 8.41077997e+01 8.41101037e+01 8.41177997e+01 8.41201037e+01 8.41277997e+01 8.41361837e+01 8.41532102e+01 8.41615051e+01 8.41638091e+01 8.41715051e+01 8.41738091e+01 8.41815051e+01 8.41838091e+01 8.41915051e+01 8.41938091e+01 8.42015051e+01 8.42038091e+01 8.42115051e+01 8.42164971e+01 8.42312233e+01 8.42512233e+01 8.42515113e+01 8.42612233e+01 8.42615113e+01 8.42712233e+01 8.42715113e+01 8.42812233e+01 8.42815113e+01 8.42912233e+01 8.42915113e+01 8.43012233e+01 8.43027273e+01 8.43527273e+01 8.43558130e+01 8.43561010e+01 8.43658130e+01 8.43661010e+01 8.43758130e+01 8.43773170e+01 8.44273170e+01 8.44324762e+01 8.44347802e+01 8.44424762e+01 8.44447802e+01 8.44524762e+01 8.44585562e+01 8.45085562e+01 8.45180552e+01 8.45183432e+01 8.45280552e+01 8.45283432e+01 8.45380552e+01 8.45383432e+01 8.45480552e+01 8.45483432e+01 8.45580552e+01 8.45583432e+01 8.45680552e+01 8.45695592e+01 8.46195592e+01 8.46242599e+01 8.46265639e+01 8.46342599e+01 8.46365639e+01 8.46442599e+01 8.46500839e+01 8.47000839e+01 8.47057550e+01 8.47080590e+01 8.47157550e+01 8.47180590e+01 8.47257550e+01 8.47319281e+01 8.47322830e+01 8.47822830e+01 8.47839881e+01 8.47916841e+01 8.47939881e+01 8.48016841e+01 8.48039881e+01 8.48116841e+01 8.48167401e+01 8.48667401e+01 8.48670534e+01 8.48673414e+01 8.48770534e+01 8.48773414e+01 8.48870534e+01 8.48873414e+01 8.48970534e+01 8.48991334e+01 8.49064784e+01 8.49237651e+01 8.49260691e+01 8.49337651e+01 8.49360691e+01 8.49437651e+01 8.49460691e+01 8.49537651e+01 8.49560691e+01 8.49637651e+01 8.49660691e+01 8.49737651e+01 8.49795251e+01 8.49983067e+01 8.50034975e+01 8.50058015e+01 8.50134975e+01 8.50158015e+01 8.50234975e+01 8.50258015e+01 8.50334975e+01 8.50358015e+01 8.50434975e+01 8.50458015e+01 8.50534975e+01 8.50631615e+01 8.50642514e+01 8.50842514e+01 8.50845394e+01 8.50942514e+01 8.50945394e+01 8.51042514e+01 8.51045394e+01 8.51142514e+01 8.51145394e+01 8.51242514e+01 8.51245394e+01 8.51342514e+01 8.51357554e+01 8.51857554e+01 8.51938252e+01 8.51941132e+01 8.52038252e+01 8.52041132e+01 8.52138252e+01 8.52153292e+01 8.52653292e+01 8.52717494e+01 8.52740534e+01 8.52817494e+01 8.52840534e+01 8.52917494e+01 8.53001334e+01 8.53501334e+01 8.53593267e+01 8.53596147e+01 8.53693267e+01 8.53696147e+01 8.53793267e+01 8.53796147e+01 8.53893267e+01 8.53908307e+01 8.54408307e+01 8.54501325e+01 8.54504205e+01 8.54601325e+01 8.54604205e+01 8.54701325e+01 8.54722125e+01 8.55222125e+01 8.55249038e+01 8.55272078e+01 8.55349038e+01 8.55372078e+01 8.55449038e+01 8.55472078e+01 8.55549038e+01 8.55637358e+01 8.56137358e+01 8.56137429e+01 8.56234549e+01 8.56237429e+01 8.56334549e+01 8.56337429e+01 8.56434549e+01 8.56449589e+01 8.56949589e+01 8.56985202e+01 8.56988082e+01 8.57085202e+01 8.57088082e+01 8.57185202e+01 8.57192757e+01 8.57206002e+01 8.57706002e+01 8.57727237e+01 8.57750277e+01 8.57827237e+01 8.57850277e+01 8.57927237e+01 8.57950277e+01 8.58027237e+01 8.58101477e+01 8.58601477e+01 8.58607904e+01 8.58610784e+01 8.58707904e+01 8.58710784e+01 8.58807904e+01 8.58810784e+01 8.58907904e+01 8.58910784e+01 8.59007904e+01 8.59010784e+01 8.59107904e+01 8.59128704e+01 8.59191295e+01 8.59391295e+01 8.59394175e+01 8.59491295e+01 8.59494175e+01 8.59591295e+01 8.59594175e+01 8.59691295e+01 8.59694175e+01 8.59791295e+01 8.59794175e+01 8.59891295e+01 8.59906335e+01 8.60406335e+01 8.60477586e+01 8.60480466e+01 8.60577586e+01 8.60580466e+01 8.60677586e+01 8.60692626e+01 8.61192626e+01 8.61197891e+01 8.61200771e+01 8.61297891e+01 8.61300771e+01 8.61397891e+01 8.61400771e+01 8.61497891e+01 8.61518691e+01 8.62018691e+01 8.62021624e+01 8.62024504e+01 8.62121624e+01 8.62124504e+01 8.62221624e+01 8.62242424e+01 8.62742424e+01 8.62743323e+01 8.62746203e+01 8.62824504e+01 8.62843323e+01 8.62846203e+01 8.62943323e+01 8.62958363e+01 8.63458363e+01 8.63511204e+01 8.63534244e+01 8.63611204e+01 8.63634244e+01 8.63711204e+01 8.63763044e+01 8.64263044e+01 8.64277460e+01 8.64300500e+01 8.64377460e+01 8.64400500e+01 8.64477460e+01 8.64544660e+01 8.65044660e+01 8.65062553e+01 8.65139513e+01 8.65162553e+01 8.65239513e+01 8.65262553e+01 8.65339513e+01 8.65435513e+01 8.65935513e+01 8.65981353e+01 8.65984233e+01 8.66081353e+01 8.66084233e+01 8.66181353e+01 8.66196393e+01 8.66696393e+01 8.66739827e+01 8.66762867e+01 8.66839827e+01 8.66862867e+01 8.66939827e+01 8.67008307e+01 8.67508307e+01 8.67548038e+01 8.67550918e+01 8.67648038e+01 8.67650918e+01 8.67748038e+01 8.67750918e+01 8.67848038e+01 8.67868838e+01 8.68368838e+01 8.68463390e+01 8.68466270e+01 8.68563390e+01 8.68566270e+01 8.68663390e+01 8.68684190e+01 8.68953550e+01 8.69000232e+01 8.69003112e+01 8.69100232e+01 8.69103112e+01 8.69200232e+01 8.69203112e+01 8.69300232e+01 8.69303112e+01 8.69400232e+01 8.69421032e+01 8.69569700e+01 8.69694210e+01 8.69697090e+01 8.69794210e+01 8.69797090e+01 8.69894210e+01 8.69897090e+01 8.69994210e+01 8.69997090e+01 8.70094210e+01 8.70097090e+01 8.70194210e+01 8.70209250e+01 8.70294151e+01 8.70452765e+01 8.70455645e+01 8.70552765e+01 8.70555645e+01 8.70652765e+01 8.70655645e+01 8.70752765e+01 8.70754917e+01 8.70755645e+01 8.70852765e+01 8.70855645e+01 8.70952765e+01 8.70973565e+01 8.71162133e+01 8.71208347e+01 8.71211227e+01 8.71308347e+01 8.71311227e+01 8.71408347e+01 8.71411227e+01 8.71508347e+01 8.71511227e+01 8.71608347e+01 8.71611227e+01 8.71708347e+01 8.71723387e+01 8.71819498e+01 8.71991231e+01 8.71994111e+01 8.72091231e+01 8.72094111e+01 8.72191231e+01 8.72194111e+01 8.72291231e+01 8.72294111e+01 8.72391231e+01 8.72394111e+01 8.72491231e+01 8.72512031e+01 8.72576612e+01 8.72776612e+01 8.72779492e+01 8.72876612e+01 8.72879492e+01 8.72976612e+01 8.72979492e+01 8.73076612e+01 8.73079492e+01 8.73176612e+01 8.73179492e+01 8.73276612e+01 8.73291652e+01 8.73791652e+01 8.73873836e+01 8.73876716e+01 8.73973836e+01 8.73976716e+01 8.74073836e+01 8.74094636e+01 8.74594636e+01 8.74631930e+01 8.74634810e+01 8.74731930e+01 8.74734810e+01 8.74831930e+01 8.74834810e+01 8.74931930e+01 8.74952730e+01 8.75452730e+01 8.75465099e+01 8.75467979e+01 8.75565099e+01 8.75567979e+01 8.75665099e+01 8.75685899e+01 8.76185899e+01 8.76207065e+01 8.76209945e+01 8.76307065e+01 8.76309945e+01 8.76407065e+01 8.76427865e+01 8.76927865e+01 8.76957055e+01 8.76959935e+01 8.77057055e+01 8.77059935e+01 8.77157055e+01 8.77172095e+01 8.77672095e+01 8.77693544e+01 8.77716584e+01 8.77793544e+01 8.77816584e+01 8.77893544e+01 8.77916584e+01 8.77993544e+01 8.78042824e+01 8.78542824e+01 8.78561280e+01 8.78584320e+01 8.78661280e+01 8.78684320e+01 8.78761280e+01 8.78820800e+01 8.78993233e+01 8.79191729e+01 8.79193233e+01 8.79196113e+01 8.79293233e+01 8.79296113e+01 8.79393233e+01 8.79396113e+01 8.79493233e+01 8.79496113e+01 8.79593233e+01 8.79596113e+01 8.79693233e+01 8.79708273e+01 8.80208273e+01 8.80230891e+01 8.80253931e+01 8.80330891e+01 8.80353931e+01 8.80430891e+01 8.80453931e+01 8.80530891e+01 8.80620491e+01 8.81120491e+01 8.81208979e+01 8.81211859e+01 8.81308979e+01 8.81311859e+01 8.81408979e+01 8.81424019e+01 8.81924019e+01 8.81942556e+01 8.81945436e+01 8.82042556e+01 8.82045436e+01 8.82142556e+01 8.82163356e+01 8.82663356e+01 8.82754337e+01 8.82757217e+01 8.82854337e+01 8.82857217e+01 8.82954337e+01 8.82975137e+01 8.83475137e+01 8.83478953e+01 8.83501993e+01 8.83578953e+01 8.83601993e+01 8.83678953e+01 8.83769725e+01 8.83774313e+01 8.84274313e+01 8.84288662e+01 8.84291542e+01 8.84388662e+01 8.84391542e+01 8.84488662e+01 8.84509462e+01 8.85009462e+01 8.85011152e+01 8.85014032e+01 8.85111152e+01 8.85114032e+01 8.85211152e+01 8.85231952e+01 8.85731952e+01 8.85738374e+01 8.85741254e+01 8.85838374e+01 8.85841254e+01 8.85938374e+01 8.85941254e+01 8.86038374e+01 8.86059174e+01 8.86559174e+01 8.86591401e+01 8.86594281e+01 8.86691401e+01 8.86694281e+01 8.86791401e+01 8.86812201e+01 8.87312201e+01 8.87326549e+01 8.87329429e+01 8.87426549e+01 8.87429429e+01 8.87526549e+01 8.87541589e+01 8.88041589e+01 8.88064357e+01 8.88141317e+01 8.88164357e+01 8.88241317e+01 8.88264357e+01 8.88341317e+01 8.88419397e+01 8.89775699e+01 8.89784243e+01 8.89787123e+01 8.89884243e+01 8.89887123e+01 8.89984243e+01 8.90005043e+01 8.90024875e+01 8.90224875e+01 8.90227755e+01 8.90324875e+01 8.90327755e+01 8.90424875e+01 8.90427755e+01 8.90524875e+01 8.90527755e+01 8.90624875e+01 8.90627755e+01 8.90724875e+01 8.90739915e+01 8.91239915e+01 8.91253116e+01 8.91276156e+01 8.91277934e+01 8.91353116e+01 8.91376156e+01 8.91377934e+01 8.91453116e+01 8.91476156e+01 8.91477934e+01 8.91553116e+01 8.91639516e+01 8.92139516e+01 8.92203816e+01 8.92226856e+01 8.92303816e+01 8.92326856e+01 8.92403816e+01 8.92426856e+01 8.92503816e+01 8.92526856e+01 8.92603816e+01 8.92674856e+01 8.93174856e+01 8.93243635e+01 8.93246515e+01 8.93343635e+01 8.93346515e+01 8.93443635e+01 8.93464435e+01 8.93964435e+01 8.93966590e+01 8.93969470e+01 8.94066590e+01 8.94069470e+01 8.94166590e+01 8.94187390e+01 8.94687390e+01 8.94693373e+01 8.94696253e+01 8.94793373e+01 8.94796253e+01 8.94893373e+01 8.94914173e+01 8.95414173e+01 8.95455856e+01 8.95458736e+01 8.95555856e+01 8.95558736e+01 8.95655856e+01 8.95670896e+01 8.96170896e+01 8.96221668e+01 8.96224548e+01 8.96321668e+01 8.96324548e+01 8.96421668e+01 8.96442468e+01 8.96942468e+01 8.97018863e+01 8.97021743e+01 8.97118863e+01 8.97121743e+01 8.97218863e+01 8.97233903e+01 8.97733903e+01 8.97797478e+01 8.97820518e+01 8.97897478e+01 8.97920518e+01 8.97997478e+01 8.98053158e+01 8.98553158e+01 8.98593889e+01 8.98596769e+01 8.98693889e+01 8.98696769e+01 8.98793889e+01 8.98814689e+01 8.98946010e+01 8.99048030e+01 8.99071070e+01 8.99148030e+01 8.99151474e+01 8.99171070e+01 8.99248030e+01 8.99271070e+01 8.99348030e+01 8.99371070e+01 8.99448030e+01 8.99471070e+01 8.99548030e+01 8.99620990e+01 8.99654218e+01 8.99854218e+01 8.99857098e+01 8.99954218e+01 8.99957098e+01 9.00054218e+01 9.00057098e+01 9.00154218e+01 9.00157098e+01 9.00254218e+01 9.00257098e+01 9.00354218e+01 9.00369258e+01 9.00869258e+01 9.00879790e+01 9.00902830e+01 9.00979790e+01 9.01002830e+01 9.01079790e+01 9.01143790e+01 9.01643790e+01 9.01656789e+01 9.01733749e+01 9.01756789e+01 9.01833749e+01 9.01856789e+01 9.01933749e+01 9.01956789e+01 9.02033749e+01 9.02120149e+01 9.02620149e+01 9.02707092e+01 9.02709972e+01 9.02807092e+01 9.02809972e+01 9.02907092e+01 9.02909972e+01 9.03007092e+01 9.03022132e+01 9.03522132e+01 9.03543962e+01 9.03567002e+01 9.03643962e+01 9.03667002e+01 9.03743962e+01 9.03767002e+01 9.03843962e+01 9.03942522e+01 9.04442522e+01 9.04483861e+01 9.04486741e+01 9.04583861e+01 9.04586741e+01 9.04683861e+01 9.04704661e+01 9.05204661e+01 9.05231799e+01 9.05234679e+01 9.05331799e+01 9.05334679e+01 9.05431799e+01 9.05452599e+01 9.05952599e+01 9.05955641e+01 9.05978681e+01 9.06055641e+01 9.06078681e+01 9.06155641e+01 9.06234361e+01 9.06734361e+01 9.06744277e+01 9.06821237e+01 9.06844277e+01 9.06921237e+01 9.06944277e+01 9.07021237e+01 9.07085509e+01 9.07111477e+01 9.07611477e+01 9.07650385e+01 9.07653265e+01 9.07673454e+01 9.07750385e+01 9.07753265e+01 9.07773454e+01 9.07850385e+01 9.07871185e+01 9.07947694e+01 9.08138701e+01 9.08141581e+01 9.08238701e+01 9.08241581e+01 9.08338701e+01 9.08341581e+01 9.08438701e+01 9.08441581e+01 9.08453265e+01 9.08947700e+01 9.08968971e+01 9.08971851e+01 9.09068971e+01 9.09071851e+01 9.09168971e+01 9.09171851e+01 9.09268971e+01 9.09271851e+01 9.09368971e+01 9.09384011e+01 9.09517027e+01 9.09650459e+01 9.09653339e+01 9.09750459e+01 9.09753339e+01 9.09850459e+01 9.09853339e+01 9.09950459e+01 9.09953339e+01 9.10050459e+01 9.10053339e+01 9.10150459e+01 9.10171259e+01 9.10288899e+01 9.10488899e+01 9.10491779e+01 9.10588899e+01 9.10591779e+01 9.10688899e+01 9.10691779e+01 9.10788899e+01 9.10791779e+01 9.10888899e+01 9.10891779e+01 9.10988899e+01 9.11003939e+01 9.11503939e+01 9.11506712e+01 9.11603832e+01 9.11606712e+01 9.11703832e+01 9.11706712e+01 9.11803832e+01 9.11824632e+01 9.12324632e+01 9.12351891e+01 9.12354771e+01 9.12451891e+01 9.12454771e+01 9.12551891e+01 9.12566931e+01 9.13066931e+01 9.13104189e+01 9.13107069e+01 9.13204189e+01 9.13207069e+01 9.13304189e+01 9.13307069e+01 9.13404189e+01 9.13424989e+01 9.13924989e+01 9.13945405e+01 9.13948285e+01 9.14045405e+01 9.14048285e+01 9.14145405e+01 9.14148285e+01 9.14245405e+01 9.14266205e+01 9.14766205e+01 9.14784289e+01 9.14787169e+01 9.14884289e+01 9.14887169e+01 9.14984289e+01 9.14987169e+01 9.15084289e+01 9.15105089e+01 9.15605089e+01 9.15607147e+01 9.15630187e+01 9.15707147e+01 9.15730187e+01 9.15807147e+01 9.15830187e+01 9.15907147e+01 9.15988427e+01 9.16488427e+01 9.16492187e+01 9.16495067e+01 9.16514258e+01 9.16537298e+01 9.16592187e+01 9.16595067e+01 9.16614258e+01 9.16637298e+01 9.16692187e+01 9.16695067e+01 9.16714258e+01 9.16798098e+01 9.17298098e+01 9.17347096e+01 9.17370136e+01 9.17447096e+01 9.17470136e+01 9.17547096e+01 9.17615576e+01 9.18115576e+01 9.18177077e+01 9.18200117e+01 9.18277077e+01 9.18300117e+01 9.18377077e+01 9.18400117e+01 9.18477077e+01 9.18500117e+01 9.18577077e+01 9.18662197e+01 9.19548006e+01 9.19690464e+01 9.19693344e+01 9.19790464e+01 9.19793344e+01 9.19890464e+01 9.19893344e+01 9.19990464e+01 9.19993344e+01 9.20090464e+01 9.20093344e+01 9.20190464e+01 9.20211264e+01 9.20304249e+01 9.20435497e+01 9.20458537e+01 9.20535497e+01 9.20541356e+01 9.20558537e+01 9.20635497e+01 9.20658537e+01 9.20735497e+01 9.20758537e+01 9.20835497e+01 9.20858537e+01 9.20935497e+01 9.21011657e+01 9.21027456e+01 9.21227456e+01 9.21230336e+01 9.21327456e+01 9.21330336e+01 9.21427456e+01 9.21430336e+01 9.21527456e+01 9.21530336e+01 9.21627456e+01 9.21630336e+01 9.21727456e+01 9.21742496e+01 9.22242496e+01 9.22265859e+01 9.22268739e+01 9.22365859e+01 9.22368739e+01 9.22465859e+01 9.22480899e+01 9.22980899e+01 9.23067418e+01 9.23070298e+01 9.23167418e+01 9.23170298e+01 9.23267418e+01 9.23288218e+01 9.23788218e+01 9.23820179e+01 9.23823059e+01 9.23920179e+01 9.23923059e+01 9.24020179e+01 9.24023059e+01 9.24120179e+01 9.24140979e+01 9.24640979e+01 9.24659877e+01 9.24662757e+01 9.24759877e+01 9.24762757e+01 9.24859877e+01 9.24880677e+01 9.25380677e+01 9.25402683e+01 9.25405563e+01 9.25502683e+01 9.25505563e+01 9.25602683e+01 9.25623483e+01 9.26123483e+01 9.26149987e+01 9.26152867e+01 9.26249987e+01 9.26252867e+01 9.26349987e+01 9.26365027e+01 9.26865027e+01 9.26897209e+01 9.26920249e+01 9.26997209e+01 9.27020249e+01 9.27097209e+01 9.27150969e+01 9.27650969e+01 9.27691827e+01 9.27714867e+01 9.27791827e+01 9.27814867e+01 9.27891827e+01 9.27978867e+01 9.28478867e+01 9.28536271e+01 9.28559311e+01 9.28636271e+01 9.28659311e+01 9.28736271e+01 9.28788751e+01 9.29387707e+01 9.29416856e+01 9.29419736e+01 9.29516856e+01 9.29519736e+01 9.29616856e+01 9.29631896e+01 9.29822317e+01 9.29918765e+01 9.29941805e+01 9.30018765e+01 9.30041805e+01 9.30118765e+01 9.30141805e+01 9.30218765e+01 9.30241805e+01 9.30318765e+01 9.30341805e+01 9.30418765e+01 9.30499405e+01 9.30621550e+01 9.30816798e+01 9.30819678e+01 9.30916798e+01 9.30919678e+01 9.31016798e+01 9.31019678e+01 9.31116798e+01 9.31119678e+01 9.31216798e+01 9.31219678e+01 9.31316798e+01 9.31337598e+01 9.31529908e+01 9.31555825e+01 9.31558705e+01 9.31579234e+01 9.31655825e+01 9.31658705e+01 9.31679234e+01 9.31755825e+01 9.31758705e+01 9.31779234e+01 9.31855825e+01 9.31857267e+01 9.31858705e+01 9.31879234e+01 9.31955825e+01 9.31958705e+01 9.31979234e+01 9.32055825e+01 9.32076625e+01 9.32112514e+01 9.32258705e+01 9.32321743e+01 9.32382817e+01 9.32385697e+01 9.32482817e+01 9.32485697e+01 9.32582817e+01 9.32585697e+01 9.32682817e+01 9.32685697e+01 9.32782817e+01 9.32803617e+01 9.32997848e+01 9.33124225e+01 9.33147265e+01 9.33224225e+01 9.33247265e+01 9.33324225e+01 9.33347265e+01 9.33424225e+01 9.33447265e+01 9.33524225e+01 9.33547265e+01 9.33624225e+01 9.33679265e+01 9.33752201e+01 9.33929988e+01 9.33932868e+01 9.34029988e+01 9.34032868e+01 9.34129988e+01 9.34132868e+01 9.34229988e+01 9.34232868e+01 9.34329988e+01 9.34332868e+01 9.34429988e+01 9.34445028e+01 9.34476180e+01 9.34676180e+01 9.34679060e+01 9.34776180e+01 9.34779060e+01 9.34876180e+01 9.34879060e+01 9.34976180e+01 9.34979060e+01 9.35076180e+01 9.35079060e+01 9.35176180e+01 9.35191220e+01 9.35691220e+01 9.35737421e+01 9.35740301e+01 9.35837421e+01 9.35840301e+01 9.35937421e+01 9.35952461e+01 9.36452461e+01 9.36473008e+01 9.36496048e+01 9.36573008e+01 9.36596048e+01 9.36673008e+01 9.36754928e+01 9.37254928e+01 9.37265521e+01 9.37288561e+01 9.37365521e+01 9.37388561e+01 9.37465521e+01 9.37488561e+01 9.37565521e+01 9.37634641e+01 9.38134641e+01 9.38155522e+01 9.38232482e+01 9.38255522e+01 9.38332482e+01 9.38355522e+01 9.38432482e+01 9.38455522e+01 9.38532482e+01 9.38611202e+01 9.39304266e+01 9.39315558e+01 9.39338598e+01 9.39340584e+01 9.39415558e+01 9.39485318e+01 9.39615132e+01 9.39684124e+01 9.39687004e+01 9.39784124e+01 9.39787004e+01 9.39884124e+01 9.39887004e+01 9.39984124e+01 9.39987004e+01 9.40084124e+01 9.40087004e+01 9.40184124e+01 9.40204924e+01 9.40280312e+01 9.40480312e+01 9.40483192e+01 9.40580312e+01 9.40583192e+01 9.40680312e+01 9.40683192e+01 9.40780312e+01 9.40783192e+01 9.40880312e+01 9.40883192e+01 9.40980312e+01 9.40991288e+01 9.40995352e+01 9.41495352e+01 9.41535721e+01 9.41538601e+01 9.41635721e+01 9.41638601e+01 9.41735721e+01 9.41756521e+01 9.42256521e+01 9.42265611e+01 9.42268491e+01 9.42365611e+01 9.42368491e+01 9.42465611e+01 9.42480651e+01 9.42980651e+01 9.43001469e+01 9.43024509e+01 9.43101469e+01 9.43124509e+01 9.43201469e+01 9.43281469e+01 9.43781469e+01 9.43808286e+01 9.43831326e+01 9.43908286e+01 9.43931326e+01 9.44008286e+01 9.44031326e+01 9.44108286e+01 9.44180606e+01 9.44680606e+01 9.44702625e+01 9.44705505e+01 9.44802625e+01 9.44805505e+01 9.44902625e+01 9.44923425e+01 9.45423425e+01 9.45452434e+01 9.45455314e+01 9.45552434e+01 9.45555314e+01 9.45652434e+01 9.45655314e+01 9.45752434e+01 9.45767474e+01 9.46267474e+01 9.46276714e+01 9.46279594e+01 9.46281175e+01 9.46358135e+01 9.46381175e+01 9.46458135e+01 9.46481175e+01 9.46558135e+01 9.46619575e+01 9.47119575e+01 9.47184380e+01 9.47187260e+01 9.47284380e+01 9.47287260e+01 9.47384380e+01 9.47405180e+01 9.47905180e+01 9.47960874e+01 9.47963754e+01 9.48060874e+01 9.48063754e+01 9.48160874e+01 9.48181674e+01 9.48681674e+01 9.48734975e+01 9.48758015e+01 9.48834975e+01 9.48858015e+01 9.48934975e+01 9.49005375e+01 9.49064892e+01 9.49264892e+01 9.49267772e+01 9.49364892e+01 9.49367772e+01 9.49464892e+01 9.49467772e+01 9.49564892e+01 9.49567772e+01 9.49664892e+01 9.49667772e+01 9.49764892e+01 9.49779932e+01 9.50279932e+01 9.50290508e+01 9.50293388e+01 9.50390508e+01 9.50393388e+01 9.50490508e+01 9.50493388e+01 9.50590508e+01 9.50611308e+01 9.51111308e+01 9.51151994e+01 9.51154874e+01 9.51251994e+01 9.51254874e+01 9.51351994e+01 9.51354874e+01 9.51451994e+01 9.51467034e+01 9.51967034e+01 9.52045573e+01 9.52048453e+01 9.52145573e+01 9.52148453e+01 9.52245573e+01 9.52260613e+01 9.52760613e+01 9.52768172e+01 9.52845132e+01 9.52868172e+01 9.52945132e+01 9.52968172e+01 9.53045132e+01 9.53068172e+01 9.53145132e+01 9.53197612e+01 9.53697612e+01 9.53761266e+01 9.53784306e+01 9.53861266e+01 9.53884306e+01 9.53961266e+01 9.53975144e+01 9.53984306e+01 9.54061266e+01 9.54115026e+01 9.54615026e+01 9.54637539e+01 9.54714499e+01 9.54737539e+01 9.54814499e+01 9.54837539e+01 9.54914499e+01 9.55006019e+01 9.55506019e+01 9.55524571e+01 9.55547611e+01 9.55624571e+01 9.55647611e+01 9.55724571e+01 9.55747611e+01 9.55824571e+01 9.55893691e+01 9.56393691e+01 9.56459216e+01 9.56482256e+01 9.56559216e+01 9.56582256e+01 9.56659216e+01 9.56756496e+01 9.57256496e+01 9.57264687e+01 9.57267567e+01 9.57364687e+01 9.57367567e+01 9.57464687e+01 9.57479727e+01 9.57979727e+01 9.58033915e+01 9.58036795e+01 9.58133915e+01 9.58136795e+01 9.58233915e+01 9.58236795e+01 9.58333915e+01 9.58354715e+01 9.59262399e+01 9.59386359e+01 9.59389239e+01 9.59486359e+01 9.59489239e+01 9.59586359e+01 9.59589239e+01 9.59686359e+01 9.59689239e+01 9.59786359e+01 9.59789239e+01 9.59886359e+01 9.59907159e+01 9.59969235e+01 9.60116388e+01 9.60119268e+01 9.60216388e+01 9.60219268e+01 9.60316388e+01 9.60319268e+01 9.60416388e+01 9.60419268e+01 9.60516388e+01 9.60519268e+01 9.60616388e+01 9.60631428e+01 9.60693178e+01 9.60885406e+01 9.60888286e+01 9.60985406e+01 9.60988286e+01 9.61085406e+01 9.61088286e+01 9.61185406e+01 9.61188286e+01 9.61285406e+01 9.61288286e+01 9.61385406e+01 9.61400446e+01 9.61514382e+01 9.61633444e+01 9.61656484e+01 9.61733444e+01 9.61756484e+01 9.61833444e+01 9.61856484e+01 9.61933444e+01 9.61956484e+01 9.62033444e+01 9.62056484e+01 9.62133444e+01 9.62187844e+01 9.62340937e+01 9.62479381e+01 9.62502421e+01 9.62579381e+01 9.62602421e+01 9.62679381e+01 9.62702421e+01 9.62779381e+01 9.62802421e+01 9.62879381e+01 9.62902421e+01 9.62979381e+01 9.63055541e+01 9.63101238e+01 9.63301238e+01 9.63304118e+01 9.63381202e+01 9.63401238e+01 9.63404118e+01 9.63501238e+01 9.63504118e+01 9.63601238e+01 9.63604118e+01 9.63701238e+01 9.63704118e+01 9.63801238e+01 9.63816278e+01 9.64316278e+01 9.64410767e+01 9.64413647e+01 9.64510767e+01 9.64513647e+01 9.64610767e+01 9.64631567e+01 9.65131567e+01 9.65222759e+01 9.65225639e+01 9.65322759e+01 9.65325639e+01 9.65422759e+01 9.65443559e+01 9.65943559e+01 9.65949888e+01 9.65972928e+01 9.66049888e+01 9.66072928e+01 9.66149888e+01 9.66198528e+01 9.66698528e+01 9.66788065e+01 9.66790945e+01 9.66888065e+01 9.66890945e+01 9.66988065e+01 9.67003105e+01 9.67503105e+01 9.67543987e+01 9.67567027e+01 9.67643987e+01 9.67667027e+01 9.67743987e+01 9.67767027e+01 9.67843987e+01 9.67908627e+01 9.68408627e+01 9.68410906e+01 9.68433946e+01 9.68510906e+01 9.68533946e+01 9.68610906e+01 9.68685786e+01 9.68859228e+01 9.68947510e+01 9.68970550e+01 9.69047510e+01 9.69070550e+01 9.69147510e+01 9.69170550e+01 9.69247510e+01 9.69270550e+01 9.69347510e+01 9.69370550e+01 9.69447510e+01 9.69496150e+01 9.69551074e+01 9.69751074e+01 9.69753954e+01 9.69851074e+01 9.69853954e+01 9.69951074e+01 9.69953954e+01 9.70051074e+01 9.70053954e+01 9.70151074e+01 9.70153954e+01 9.70251074e+01 9.70266114e+01 9.70766114e+01 9.70810466e+01 9.70813346e+01 9.70910466e+01 9.70913346e+01 9.71010466e+01 9.71031266e+01 9.71531266e+01 9.71533729e+01 9.71610689e+01 9.71633729e+01 9.71710689e+01 9.71733729e+01 9.71810689e+01 9.71877249e+01 9.72377249e+01 9.72415859e+01 9.72438899e+01 9.72515859e+01 9.72538899e+01 9.72615859e+01 9.72669589e+01 9.72672819e+01 9.73172819e+01 9.73220136e+01 9.73243176e+01 9.73320136e+01 9.73343176e+01 9.73420136e+01 9.73473256e+01 9.73973256e+01 9.73997376e+01 9.74020416e+01 9.74097376e+01 9.74120416e+01 9.74197376e+01 9.74281856e+01 9.74781856e+01 9.74854777e+01 9.74857657e+01 9.74954777e+01 9.74975577e+01 9.75475577e+01 9.75500296e+01 9.75503176e+01 9.75600296e+01 9.75603176e+01 9.75700296e+01 9.75721096e+01 9.76221096e+01 9.76238739e+01 9.76261779e+01 9.76338739e+01 9.76361779e+01 9.76438739e+01 9.76533459e+01 9.77033459e+01 9.77050541e+01 9.77127501e+01 9.77150541e+01 9.77227501e+01 9.77250541e+01 9.77327501e+01 9.77350541e+01 9.77427501e+01 9.77491501e+01 9.77991501e+01 9.78063926e+01 9.78066806e+01 9.78163926e+01 9.78184726e+01 9.78684726e+01 9.78751112e+01 9.78774152e+01 9.78837479e+01 9.78840359e+01 9.78851112e+01 9.78874152e+01 9.78937479e+01 9.78940359e+01 9.78951112e+01 9.79023432e+01 9.79162875e+01 9.79237479e+01 9.79240359e+01 9.79337479e+01 9.79352519e+01 9.79482925e+01 9.79682925e+01 9.79685805e+01 9.79782925e+01 9.79785805e+01 9.79882925e+01 9.79885805e+01 9.79982925e+01 9.79985805e+01 9.80082925e+01 9.80085805e+01 9.80182925e+01 9.80197965e+01 9.80697965e+01 9.80714257e+01 9.80717137e+01 9.80814257e+01 9.80817137e+01 9.80914257e+01 9.80935057e+01 9.81435057e+01 9.81484616e+01 9.81487496e+01 9.81584616e+01 9.81587496e+01 9.81684616e+01 9.81699656e+01 9.82199656e+01 9.82204699e+01 9.82227739e+01 9.82304699e+01 9.82327739e+01 9.82404699e+01 9.82495218e+01 9.82502619e+01 9.83002619e+01 9.83016279e+01 9.83039319e+01 9.83116279e+01 9.83139319e+01 9.83216279e+01 9.83282199e+01 9.83782199e+01 9.83816185e+01 9.83839225e+01 9.83916185e+01 9.83939225e+01 9.84016185e+01 9.84078905e+01 9.84578905e+01 9.84632659e+01 9.84655699e+01 9.84732659e+01 9.84755699e+01 9.84832659e+01 9.84855699e+01 9.84932659e+01 9.85031219e+01 9.85531219e+01 9.85581206e+01 9.85584086e+01 9.85681206e+01 9.85684086e+01 9.85781206e+01 9.85802006e+01 9.86302006e+01 9.86318083e+01 9.86320963e+01 9.86418083e+01 9.86420963e+01 9.86518083e+01 9.86533123e+01 9.87033123e+01 9.87034685e+01 9.87057725e+01 9.87058267e+01 9.87134685e+01 9.87157725e+01 9.87158267e+01 9.87234685e+01 9.87308285e+01 9.87808285e+01 9.87849577e+01 9.87852457e+01 9.87949577e+01 9.87952457e+01 9.88049577e+01 9.88070377e+01 9.88570377e+01 9.88620969e+01 9.88644009e+01 9.88720969e+01 9.88744009e+01 9.88820969e+01 9.88920169e+01 9.88965408e+01 9.89165408e+01 9.89168288e+01 9.89265408e+01 9.89268288e+01 9.89365408e+01 9.89368288e+01 9.89465408e+01 9.89468288e+01 9.89565408e+01 9.89568288e+01 9.89665408e+01 9.89680448e+01 9.90180448e+01 9.90211182e+01 9.90234222e+01 9.90269348e+01 9.90272228e+01 9.90311182e+01 9.90334222e+01 9.90369348e+01 9.90372228e+01 9.90411182e+01 9.90500142e+01 9.91000142e+01 9.91032026e+01 9.91055066e+01 9.91132026e+01 9.91140385e+01 9.91155066e+01 9.91232026e+01 9.91255066e+01 9.91332026e+01 9.91420346e+01 9.91920346e+01 9.91928825e+01 9.91931705e+01 9.92028825e+01 9.92031705e+01 9.92128825e+01 9.92143865e+01 9.92643865e+01 9.92704096e+01 9.92727136e+01 9.92804096e+01 9.92827136e+01 9.92904096e+01 9.92967456e+01 9.93467456e+01 9.93537835e+01 9.93560875e+01 9.93637835e+01 9.93660875e+01 9.93737835e+01 9.93760875e+01 9.93837835e+01 9.93925515e+01 9.94425515e+01 9.94487616e+01 9.94510656e+01 9.94587616e+01 9.94610656e+01 9.94687616e+01 9.94740736e+01 9.95240736e+01 9.95333642e+01 9.95336522e+01 9.95433642e+01 9.95436522e+01 9.95533642e+01 9.95554442e+01 9.96054442e+01 9.96116442e+01 9.96119322e+01 9.96216442e+01 9.96219322e+01 9.96316442e+01 9.96319322e+01 9.96416442e+01 9.96437242e+01 9.96937242e+01 9.97006476e+01 9.97029516e+01 9.97106476e+01 9.97129516e+01 9.97206476e+01 9.97287116e+01 9.97787116e+01 9.97803471e+01 9.97826511e+01 9.97903471e+01 9.97926511e+01 9.98003471e+01 9.98086031e+01 9.98586031e+01 9.98620792e+01 9.98623672e+01 9.98720792e+01 9.98723672e+01 9.98820792e+01 9.98823672e+01 9.98920792e+01 9.98935832e+01 9.98942654e+01 9.99142654e+01 9.99145534e+01 9.99242654e+01 9.99245534e+01 9.99342654e+01 9.99345534e+01 9.99442654e+01 9.99445534e+01 9.99542654e+01 9.99545534e+01 9.99642654e+01 9.99657694e+01 1.00000000e+02],[0.5        0.49999997 0.49999987 0.49999982 0.49999978 0.49998538 0.49998533 0.49991013 0.49991008 0.49990998 0.49990993 0.49990983 0.49990978 0.49990968 0.49990963 0.49990953 0.49990948 0.49990938 0.49990933 0.49990923 0.49990918 0.49990917 0.49979397 0.49979393 0.49967873 0.49967869 0.49956349 0.49956345 0.49944825 0.49944822 0.49917942 0.49917937 0.49917935 0.49916495 0.49916491 0.49915051 0.49915046 0.49907526 0.49907521 0.49907519 0.49895999 0.49895995 0.49884475 0.49884472 0.49834872 0.49834867 0.49834855 0.49834851 0.49823331 0.49823327 0.49811807 0.49811803 0.49800283 0.49800279 0.49754199 0.49754194 0.49754193 0.49742673 0.49742669 0.49731149 0.49731145 0.49681865 0.4968186  0.49681858 0.49670338 0.49670334 0.49658814 0.4965881  0.4961433  0.49614325 0.49614323 0.49612883 0.49612879 0.49602479 0.49602474 0.49602473 0.49590953 0.4959095  0.4957943  0.49579426 0.49539746 0.49539741 0.49539737 0.49528217 0.49528214 0.49516694 0.4951669  0.495      0.4948341  0.49483405 0.49483403 0.49471883 0.49471879 0.49460359 0.49460355 0.49430275 0.4943027  0.49430266 0.49428826 0.49428821 0.49427381 0.49427377 0.49419857 0.49419852 0.49419841 0.49419837 0.49408317 0.49408313 0.49396793 0.4939679  0.4936255  0.49362545 0.49362544 0.49351024 0.4935102  0.493395   0.49339496 0.49297256 0.49297251 0.49297249 0.49295809 0.49295804 0.49294364 0.49294359 0.49292919 0.49292915 0.49285395 0.4928539  0.49285388 0.49283948 0.49283943 0.49282503 0.49282498 0.49281058 0.49281054 0.49270654 0.49270649 0.49270646 0.49269206 0.49269202 0.49267762 0.49267757 0.49257357 0.49257344 0.49257341 0.49255901 0.49255896 0.49254456 0.49254451 0.49244051 0.4924405  0.4924404  0.4924188  0.49237024 0.49234864 0.49230008 0.49227848 0.49222992 0.49220832 0.49215976 0.49213816 0.4920896  0.4919768  0.49197675 0.49197674 0.49196234 0.49196229 0.49194789 0.49194785 0.49187265 0.4918726  0.49187258 0.49185818 0.49185813 0.49184373 0.49184368 0.49173968 0.49173963 0.49173963 0.49162443 0.49162439 0.49150919 0.49150916 0.49123396 0.49123391 0.4912339  0.4911187  0.49111866 0.49100346 0.49100342 0.49076342 0.49076337 0.49076336 0.49064816 0.49064812 0.49053292 0.49053288 0.49015848 0.49015843 0.49015843 0.49014403 0.49014398 0.49012958 0.49012953 0.49011513 0.49011509 0.49003989 0.49003984 0.49003979 0.49002539 0.49002534 0.49001094 0.49001089 0.49       0.48993569 0.48993564 0.48993564 0.48992124 0.48992119 0.48990679 0.48990675 0.48980275 0.4898027  0.48980267 0.48968747 0.48968743 0.48957223 0.48957219 0.48931299 0.48931294 0.48931275 0.48931271 0.48919751 0.48919747 0.48908227 0.48908223 0.48896703 0.488967   0.4887174  0.48871735 0.48871735 0.48870295 0.4887029  0.4886885  0.48868845 0.48867405 0.488674   0.4885988  0.4885988  0.4885987  0.4885771  0.48852854 0.48850694 0.48845838 0.48843678 0.48838822 0.48836662 0.48831806 0.48829646 0.4882479  0.4881351  0.48813505 0.48813504 0.48812064 0.48812059 0.48810619 0.48810615 0.48809175 0.4880917  0.4879877  0.48798765 0.48798762 0.48797322 0.48797317 0.48795877 0.48795872 0.48785472 0.48785467 0.48785466 0.48773946 0.48773943 0.48762423 0.48762419 0.48713459 0.48713454 0.48713451 0.48712011 0.48712006 0.48710566 0.48710561 0.48703041 0.48703036 0.48703036 0.48691516 0.48691512 0.48679992 0.48679988 0.48637428 0.48637423 0.48637422 0.48625902 0.48625898 0.48614378 0.48614374 0.48575014 0.48575009 0.48575008 0.48573568 0.48573563 0.48572123 0.48572118 0.48564598 0.48564593 0.48564589 0.48553069 0.48553065 0.48541545 0.48541542 0.48506342 0.48506337 0.48506327 0.48506322 0.48506318 0.485      0.48495918 0.48495913 0.48495911 0.48494471 0.48494466 0.48493026 0.48493021 0.48482621 0.48482614 0.48482611 0.48472211 0.4847221  0.48472204 0.48470764 0.48470759 0.48469319 0.48469315 0.48467875 0.4846787  0.4846643  0.48466425 0.48464985 0.4846498  0.4845458  0.48454578 0.48454573 0.48453133 0.48453133 0.48453128 0.48451688 0.48451688 0.48451683 0.48450243 0.48450242 0.48450238 0.48448798 0.48448797 0.48448792 0.48447352 0.48447352 0.48447347 0.48436947 0.48436946 0.48436936 0.48433664 0.48431504 0.48426648 0.48424488 0.48419632 0.48417472 0.48412616 0.48410456 0.484056   0.4840344  0.48398584 0.48387304 0.48387299 0.48387298 0.48375778 0.48375774 0.48364254 0.4836425  0.4835273  0.48352726 0.48310166 0.48310161 0.4831016  0.4830872  0.48308715 0.48307275 0.4830727  0.4829975  0.48299745 0.48299744 0.48288224 0.4828822  0.482767   0.48276696 0.48238936 0.48238931 0.48238928 0.48227408 0.48227404 0.48215884 0.48215881 0.48188361 0.48188356 0.48188354 0.48186914 0.48186909 0.48185469 0.48185464 0.48175064 0.48175059 0.48175058 0.48163538 0.48163536 0.48162096 0.48162094 0.48150574 0.48150572 0.48149132 0.4814913  0.4813761  0.48137608 0.48136168 0.48136166 0.48111526 0.48111521 0.4811152  0.4811008  0.48110075 0.48108635 0.4810863  0.4809823  0.48098225 0.48098223 0.48096783 0.48096778 0.48095338 0.48095333 0.48084933 0.48084922 0.48084917 0.48083477 0.48083477 0.48083472 0.48082032 0.48082032 0.48082027 0.48080587 0.48080587 0.48080582 0.48073062 0.48073062 0.48073052 0.48070892 0.48066036 0.48063876 0.4805902  0.4805686  0.48052004 0.48049844 0.48044988 0.48042828 0.48037972 0.48026692 0.48026687 0.48026682 0.48026678 0.48015158 0.48015154 0.48003634 0.4800363  0.48       0.4796235  0.47962345 0.47962344 0.47960904 0.47960899 0.47959459 0.47959455 0.47951935 0.4795193  0.47951926 0.47950486 0.47950481 0.47949041 0.47949036 0.47938636 0.47938631 0.47938624 0.4793862  0.479271   0.47927096 0.47915576 0.47915573 0.47873653 0.47873648 0.47873645 0.47872205 0.478722   0.4787076  0.47870755 0.47860355 0.4786035  0.47860347 0.47848827 0.47848823 0.47837303 0.47837299 0.47825779 0.47825775 0.47782575 0.4778257  0.4778257  0.4777105  0.47771046 0.47759526 0.47759522 0.47725922 0.47725917 0.47725917 0.47724477 0.47724472 0.47723032 0.47723027 0.47715507 0.47715502 0.47715499 0.47703979 0.47703975 0.47692455 0.47692451 0.47667491 0.47667486 0.47667474 0.4766747  0.4765595  0.47655947 0.47644427 0.47644423 0.47632903 0.47632899 0.47604739 0.47604738 0.47604731 0.47603291 0.47603286 0.47601846 0.47601841 0.47600401 0.47600396 0.47598956 0.47598951 0.47597511 0.47597507 0.47589987 0.47589986 0.47589976 0.47587816 0.4758296  0.475808   0.47575944 0.47573784 0.47568928 0.47566768 0.47561912 0.47559752 0.47554896 0.47543616 0.47543611 0.47543607 0.47542167 0.47542162 0.47540722 0.47540717 0.47530317 0.47530312 0.47530309 0.47528869 0.47528864 0.47527424 0.47527419 0.47517019 0.47517014 0.47517013 0.47515573 0.47515568 0.47514128 0.47514123 0.47512683 0.47512678 0.47505158 0.47505153 0.47505153 0.47503713 0.47503708 0.47502268 0.47502263 0.475      0.47491863 0.47491858 0.47491848 0.47491843 0.47491833 0.47491828 0.47491828 0.47484308 0.47484303 0.474843   0.4747278  0.47472776 0.47461256 0.47461252 0.47449732 0.47449728 0.47424768 0.47424763 0.47424761 0.47413241 0.47413237 0.47401717 0.47401713 0.47390193 0.47390189 0.47341869 0.47341864 0.47341863 0.47340423 0.47340418 0.47338978 0.47338973 0.47328573 0.47328568 0.47328566 0.47317046 0.47317042 0.47305522 0.47305519 0.47261999 0.47261998 0.47261989 0.47258733 0.47256573 0.47251717 0.47249557 0.47244701 0.47242541 0.47237685 0.47235525 0.47230669 0.47228509 0.47223653 0.47212373 0.47212368 0.47212364 0.47200844 0.4720084  0.4718932  0.47189317 0.47153477 0.47153472 0.47153451 0.47153447 0.47141927 0.47141923 0.47130403 0.47130399 0.47089439 0.47089434 0.47089434 0.47087994 0.4708799  0.4708655  0.47086545 0.47076145 0.4707614  0.47076139 0.47074699 0.47074695 0.47073255 0.4707325  0.4706285  0.47062845 0.47062831 0.47062827 0.47051307 0.47051303 0.47039783 0.47039779 0.47009379 0.47009374 0.47009373 0.47       0.46997853 0.46997849 0.46986329 0.46986325 0.46974805 0.46974801 0.46929361 0.46929356 0.46929354 0.46917834 0.4691783  0.4690631  0.46906306 0.46858946 0.46858941 0.46858937 0.46857497 0.46857493 0.46856053 0.46856048 0.46848528 0.46848523 0.46848519 0.46847079 0.46847075 0.46845635 0.4684563  0.4683523  0.46835225 0.46835225 0.46823705 0.46823701 0.46812181 0.46812177 0.46775057 0.46775052 0.46775049 0.46763529 0.46763526 0.46763523 0.46752003 0.46752    0.46751996 0.46708476 0.46708473 0.46708472 0.46707032 0.46707027 0.46705587 0.46705582 0.46704142 0.46704137 0.46702697 0.46702692 0.46701252 0.46701248 0.46690848 0.46690846 0.46690843 0.46689403 0.46689398 0.46687958 0.46687953 0.46686513 0.46686508 0.46685068 0.46685064 0.46683624 0.46683619 0.46676099 0.46676097 0.46676091 0.46664571 0.46664567 0.46653047 0.46653043 0.46641523 0.46641519 0.46629999 0.46629995 0.46618475 0.46618472 0.46583272 0.46583271 0.46583266 0.46581826 0.46581821 0.46580381 0.46580376 0.46578936 0.46578931 0.46577491 0.46577487 0.46576047 0.46576042 0.46568522 0.46568521 0.46568516 0.46556996 0.46556992 0.46545472 0.46545468 0.46533948 0.46533944 0.46522424 0.4652242  0.465109   0.46510897 0.465      0.46474097 0.46474096 0.46474087 0.46469803 0.46467643 0.46462787 0.46460627 0.46455771 0.46453611 0.46448755 0.46446595 0.46441739 0.46439579 0.46434723 0.46423443 0.46423438 0.4642343  0.46423427 0.46411907 0.46411903 0.46400383 0.46400379 0.46368379 0.46368374 0.4636837  0.4635685  0.46356847 0.46345327 0.46345323 0.46310123 0.46310118 0.46310116 0.46310111 0.46308671 0.46308666 0.46307226 0.46307221 0.46296821 0.46296816 0.46296815 0.46295375 0.46295371 0.46293931 0.46293926 0.46286406 0.46286401 0.462864   0.4627488  0.46274876 0.46263356 0.46263352 0.46229752 0.46229747 0.46229745 0.46218225 0.46218221 0.46206701 0.46206697 0.46195177 0.46195173 0.46161893 0.46161888 0.46161887 0.46150367 0.46150363 0.46138843 0.4613884  0.4612732  0.46127316 0.46097556 0.46097554 0.4609755  0.4609611  0.46096105 0.46094665 0.4609466  0.4609322  0.46093216 0.46091776 0.46091771 0.46090331 0.46090326 0.46082806 0.46082806 0.46082796 0.46080636 0.4607578  0.4607362  0.46068764 0.46066604 0.46061748 0.46059588 0.46054732 0.46052572 0.46047716 0.46036436 0.46036431 0.46036431 0.46034991 0.46034986 0.46033546 0.46033541 0.46023141 0.46023136 0.46023134 0.46021694 0.46021689 0.46020249 0.46020245 0.46018805 0.460188   0.4601128  0.46011275 0.46011272 0.46009832 0.46009827 0.46008387 0.46008382 0.46       0.45997982 0.45997977 0.45997976 0.45986456 0.45986453 0.45974933 0.45974929 0.45945489 0.45945484 0.45945481 0.45933961 0.45933957 0.45922437 0.45922433 0.45910913 0.45910909 0.45880829 0.45880824 0.45880823 0.45879383 0.45879378 0.45877938 0.45877933 0.45876493 0.45876488 0.45875048 0.45875043 0.45864643 0.45864638 0.45864636 0.45864631 0.45863191 0.45863186 0.45861746 0.45861741 0.45854221 0.45854216 0.45854214 0.45842694 0.45842691 0.45831171 0.45831167 0.45788607 0.45788602 0.45788602 0.45777082 0.45777078 0.45765558 0.45765554 0.45728114 0.45728109 0.45728105 0.45716585 0.45716581 0.45705061 0.45705058 0.45693538 0.45693534 0.45647774 0.45647772 0.4564777  0.4564633  0.45646325 0.45644885 0.4564488  0.4564344  0.45643435 0.45641995 0.4564199  0.4564055  0.45640545 0.45630145 0.45630145 0.45630135 0.45627975 0.45623119 0.45620959 0.45616103 0.45613943 0.45609087 0.45606927 0.45602071 0.45599911 0.45595055 0.45583775 0.4558377  0.45583767 0.45582327 0.45582322 0.45580882 0.45580877 0.45573357 0.45573352 0.45573351 0.45571911 0.45571906 0.45570466 0.45570461 0.45562941 0.45562936 0.45562935 0.45551415 0.45551412 0.45539892 0.45539888 0.45513648 0.45513643 0.45513638 0.45513635 0.45502115 0.45502111 0.455      0.45490591 0.45490587 0.45443547 0.45443542 0.45443524 0.4544352  0.45432    0.45431997 0.45420477 0.45420473 0.45408953 0.45408949 0.45382389 0.45382384 0.45382383 0.45380943 0.45380938 0.45379498 0.45379494 0.45369094 0.45369089 0.45369087 0.45367647 0.45367643 0.45366203 0.45366198 0.45358678 0.45358673 0.45358669 0.45357229 0.45357225 0.45355785 0.4535578  0.4534538  0.45345375 0.45345374 0.45343934 0.45343929 0.45342489 0.45342484 0.45332084 0.45332079 0.45332075 0.45330635 0.4533063  0.4532919  0.45329185 0.45318785 0.45318779 0.45318778 0.45307258 0.45307255 0.45295735 0.45295731 0.45268211 0.45268211 0.45268201 0.45266041 0.45261185 0.45259025 0.45254169 0.45252009 0.45247153 0.45244993 0.45240137 0.45237977 0.45233121 0.45221841 0.45221836 0.45221826 0.45221822 0.45220382 0.4522036  0.45220356 0.45218916 0.45218894 0.4521889  0.4520849  0.45208435 0.45208427 0.45206987 0.45206982 0.45205542 0.45205537 0.45204097 0.45204094 0.45204089 0.45204089 0.45202649 0.45202644 0.45201204 0.45201199 0.45199759 0.45199754 0.45198314 0.4519831  0.4519687  0.45196865 0.45186465 0.4518646  0.45186457 0.45185017 0.45185012 0.45183572 0.45183567 0.45173167 0.45173162 0.45173162 0.45171722 0.45171721 0.45160201 0.45160198 0.45158758 0.45158758 0.45147238 0.45147235 0.45145795 0.45145794 0.45098114 0.45098109 0.45098108 0.45086588 0.45086585 0.45075065 0.45075061 0.45044021 0.45044016 0.45044015 0.45042575 0.4504257  0.4504113  0.45041125 0.45039685 0.4503968  0.4503216  0.45032155 0.45032153 0.45020633 0.45020629 0.45009109 0.45009105 0.45       0.44982545 0.4498254  0.44982538 0.44971018 0.44971014 0.44959494 0.4495949  0.4493357  0.44933565 0.44933565 0.44922045 0.44922042 0.44910522 0.44910518 0.44865398 0.44865393 0.44865391 0.44853871 0.44853867 0.44842347 0.44842344 0.44810984 0.44810977 0.44810972 0.44803452 0.44803451 0.44803448 0.44802008 0.44802003 0.44800563 0.44800559 0.44799119 0.44799114 0.44797674 0.44797669 0.44796229 0.44796224 0.44785824 0.44785824 0.44785814 0.44783654 0.44778798 0.44776638 0.44771782 0.44769622 0.44764766 0.44762606 0.4475775  0.4475559  0.44750734 0.44739454 0.44739449 0.44739446 0.44738006 0.44738001 0.44736561 0.44736556 0.44729036 0.44729031 0.4472903  0.4471751  0.44717506 0.44705986 0.44705982 0.44666302 0.44666297 0.44666294 0.44654774 0.4465477  0.4464325  0.44643246 0.44601966 0.44601961 0.44601957 0.44601954 0.44590434 0.4459043  0.4457891  0.44578906 0.44567386 0.44567382 0.44536982 0.44536977 0.44536973 0.44535533 0.44535528 0.44534088 0.44534083 0.44523683 0.44523678 0.44523675 0.44523672 0.44512152 0.44512148 0.44500628 0.44500624 0.445      0.44458384 0.44458379 0.44458374 0.44456934 0.44456929 0.44455489 0.44455484 0.44447964 0.44447959 0.44447959 0.44446519 0.44446514 0.44445074 0.44445069 0.44434669 0.44434664 0.44434662 0.44433222 0.44433217 0.44431777 0.44431772 0.44421372 0.44421367 0.44421367 0.44409847 0.44409843 0.44398323 0.44398319 0.44366959 0.44366959 0.44366956 0.44365516 0.44365511 0.44364071 0.44364066 0.44362626 0.44362621 0.44361181 0.44361176 0.44359736 0.44359731 0.44352211 0.4435221  0.44352203 0.44340683 0.44340679 0.44329159 0.44329155 0.44317635 0.44317631 0.44306111 0.44306107 0.44294587 0.44294583 0.44259383 0.44259383 0.44259373 0.44257213 0.44252357 0.44250197 0.44245341 0.44243181 0.44238325 0.44236165 0.44231309 0.44229149 0.44224293 0.44213013 0.44213008 0.44213007 0.44211567 0.44211562 0.44210122 0.44210117 0.44199717 0.44199712 0.44199711 0.44199707 0.44188187 0.44188187 0.44186747 0.44186744 0.44175224 0.44175223 0.44173783 0.4417378  0.4416226  0.44162259 0.44160819 0.44160816 0.44112496 0.44112491 0.44112488 0.44111048 0.44111044 0.44100644 0.44100639 0.44100637 0.44099197 0.44099176 0.44099172 0.44097732 0.44097711 0.44097707 0.44096267 0.44096246 0.44096243 0.44085843 0.44085787 0.44085772 0.44074252 0.44074252 0.44074247 0.44074199 0.44074191 0.44074186 0.44074182 0.44063782 0.44063777 0.44063776 0.44052256 0.44052252 0.44040732 0.44040728 0.44       0.43998168 0.43998163 0.43998159 0.43986639 0.43986639 0.43986635 0.43975115 0.43975114 0.43975111 0.43949191 0.43949186 0.43949182 0.43947742 0.43947737 0.43946297 0.43946292 0.43944852 0.43944848 0.43943408 0.43943403 0.43941963 0.43941958 0.43931558 0.43931557 0.43931551 0.43930111 0.43930106 0.43928666 0.43928661 0.43927221 0.43927216 0.43925776 0.43925771 0.43924331 0.43924326 0.43916806 0.43916805 0.43916799 0.43915359 0.43915354 0.43913914 0.43913909 0.43912469 0.43912464 0.43911024 0.43911019 0.43909579 0.43909575 0.43899175 0.43899175 0.43899165 0.43897005 0.43892149 0.43889989 0.43885133 0.43882973 0.43878117 0.43875957 0.43871101 0.43868941 0.43864085 0.43852805 0.438528   0.43852797 0.43841277 0.43841273 0.43829753 0.43829749 0.43792949 0.43792944 0.43792923 0.43792919 0.43781399 0.43781395 0.43769875 0.43769872 0.43758352 0.43758348 0.43718028 0.43718023 0.43718021 0.43706501 0.43706498 0.43694978 0.43694974 0.43683454 0.4368345  0.4365721  0.43657205 0.43657203 0.43645683 0.4364568  0.4363416  0.43634156 0.43622636 0.43622632 0.43575592 0.43575587 0.43575586 0.43564066 0.43564062 0.43552542 0.43552539 0.43517019 0.43517014 0.43517012 0.43517007 0.43515567 0.43515562 0.43505162 0.43505157 0.43505153 0.435      0.43493633 0.43493629 0.43482109 0.43482105 0.43438265 0.4343826  0.43438258 0.43426738 0.43426734 0.43415214 0.4341521  0.4336657  0.43366565 0.43366561 0.43365121 0.43365116 0.43363676 0.43363671 0.43353271 0.43353264 0.43353209 0.43353201 0.43351041 0.43346185 0.43344025 0.43339169 0.43337009 0.43332153 0.43329993 0.43325137 0.43322977 0.43318121 0.43306841 0.43306836 0.43306833 0.43305393 0.43305388 0.43303948 0.43303943 0.43293543 0.43293538 0.43293536 0.43292096 0.43292091 0.43290651 0.43290646 0.43280246 0.43280241 0.43280238 0.43278798 0.43278794 0.43277354 0.43277349 0.43269829 0.43269824 0.43269821 0.43268381 0.43268376 0.43266936 0.43266931 0.43259411 0.43259406 0.43259405 0.43257965 0.4325796  0.4325652  0.43256515 0.43248995 0.4324899  0.43248986 0.43247546 0.43247541 0.43246101 0.43246096 0.43244656 0.43244651 0.43234251 0.43234246 0.43234246 0.43232806 0.43232801 0.43231361 0.43231356 0.43220956 0.43220951 0.4322095  0.4321951  0.43219505 0.43218065 0.4321806  0.4321054  0.43210535 0.43210531 0.43199011 0.43199007 0.43187487 0.43187483 0.43152283 0.43152278 0.43152276 0.43140756 0.43140752 0.43129232 0.43129228 0.43098188 0.43098183 0.43098179 0.43096739 0.43096734 0.43086334 0.43086332 0.43086328 0.43084888 0.43084867 0.43084863 0.43083423 0.43083401 0.43083397 0.43081957 0.43081935 0.43081932 0.43080492 0.4308047  0.43080466 0.43079026 0.43079004 0.43079    0.4307148  0.43071397 0.43071392 0.43071391 0.43071381 0.43069221 0.43064365 0.43062205 0.43057349 0.43055189 0.43050333 0.43048173 0.43043317 0.43041157 0.43036301 0.43025021 0.43025016 0.43025014 0.43013494 0.4301349  0.4300197  0.43001966 0.43       0.42990446 0.42990442 0.42951722 0.42951717 0.42951716 0.42950276 0.42950271 0.42948831 0.42948826 0.42941306 0.42941301 0.42941279 0.42941275 0.42929755 0.42929752 0.42918232 0.42918228 0.42906708 0.42906704 0.42857104 0.42857099 0.42857097 0.42845577 0.42845573 0.42834053 0.42834049 0.42822529 0.42822525 0.42783485 0.4278348  0.4278348  0.4277196  0.42771956 0.42760436 0.42760432 0.42727792 0.42727787 0.42727785 0.42716265 0.42716262 0.42704742 0.42704738 0.42658658 0.42658653 0.42658651 0.42647131 0.42647128 0.42635608 0.42635604 0.42586324 0.42586319 0.42586315 0.42584875 0.4258487  0.4258343  0.42583425 0.42573025 0.4257302  0.4257302  0.4257158  0.42571575 0.42570135 0.4257013  0.4256261  0.42562605 0.42562604 0.42551084 0.4255108  0.4253956  0.42539556 0.425      0.42493156 0.42493155 0.42493148 0.42491708 0.42491703 0.42490263 0.42490258 0.42488818 0.42488814 0.42487374 0.42487369 0.42485929 0.42485924 0.42478404 0.42478403 0.42478393 0.42476233 0.42471377 0.42469217 0.42464361 0.42462201 0.42457345 0.42455185 0.42450329 0.42448169 0.42443313 0.42432033 0.42432028 0.42432025 0.42430585 0.4243058  0.4242914  0.42429136 0.42418736 0.42418731 0.4241873  0.4241729  0.42417285 0.42415845 0.42415841 0.42405441 0.42405436 0.42405432 0.42393912 0.42393911 0.42393907 0.42382387 0.42382387 0.42382383 0.42370863 0.42370862 0.42370858 0.42344938 0.42344933 0.42344929 0.42343489 0.42343484 0.42333084 0.42333079 0.42333075 0.42331635 0.42331631 0.42330191 0.42330186 0.42319786 0.42319781 0.4231978  0.4230826  0.42308256 0.42296736 0.42296732 0.42250652 0.42250647 0.42250646 0.42249206 0.42249201 0.42247761 0.42247756 0.42240236 0.42240231 0.4224023  0.4222871  0.42228707 0.42217187 0.42217183 0.42205663 0.42205659 0.42157019 0.42157014 0.42157013 0.42145493 0.42145489 0.42133969 0.42133965 0.42122445 0.42122441 0.42088521 0.42088516 0.42088515 0.42088511 0.42076991 0.42076987 0.42065467 0.42065463 0.42053943 0.42053939 0.42018739 0.42018732 0.4201873  0.4200721  0.42007206 0.42       0.41975206 0.41975205 0.41975197 0.41963677 0.41963673 0.41962233 0.41962233 0.41960793 0.41960773 0.41960769 0.41959329 0.41959329 0.41957889 0.41957869 0.41957866 0.41956426 0.41956425 0.41954985 0.41954966 0.41954962 0.41953522 0.41953522 0.41952082 0.41952062 0.41952058 0.41950618 0.41950618 0.41940218 0.41940158 0.41940157 0.41932637 0.41932636 0.41932631 0.41931191 0.41931186 0.41929746 0.41929741 0.41928301 0.41928296 0.41926856 0.41926851 0.41925411 0.41925406 0.41915006 0.41915004 0.41915004 0.41913564 0.41913559 0.41912119 0.41912114 0.41910674 0.41910669 0.41909229 0.41909225 0.41907785 0.4190778  0.4189738  0.4189738  0.4189737  0.4189521  0.41890354 0.41888194 0.41883338 0.41881178 0.41876322 0.41874162 0.41869306 0.41867146 0.4186229  0.4185101  0.41851005 0.41851002 0.41849562 0.41849557 0.41848117 0.41848112 0.41837712 0.41837707 0.41837706 0.41836266 0.41836261 0.41834821 0.41834816 0.41833376 0.41833371 0.41822971 0.41822966 0.41822966 0.41811446 0.41811442 0.41799922 0.41799919 0.41761199 0.41761194 0.4176119  0.4175975  0.41759745 0.41758305 0.417583   0.4175078  0.41750775 0.41750774 0.41749334 0.4174933  0.4174789  0.41747885 0.41740365 0.4174036  0.4174036  0.4172884  0.41728836 0.41717316 0.41717312 0.41705792 0.41705788 0.41671228 0.41671223 0.41671222 0.41659702 0.41659698 0.41648178 0.41648174 0.41620334 0.41620329 0.41620326 0.41608806 0.41608802 0.41597282 0.41597278 0.41585758 0.41585755 0.41547035 0.41547033 0.41547023 0.41544863 0.41540007 0.41537847 0.41532991 0.41530831 0.41525975 0.41523815 0.41518959 0.41516799 0.41511943 0.41500663 0.41500658 0.41500654 0.41500651 0.415      0.41489131 0.41489127 0.41477607 0.41477603 0.41445603 0.41445598 0.41445597 0.41444157 0.41444153 0.41442713 0.41442708 0.41441268 0.41441263 0.41433743 0.41433738 0.41433737 0.41432297 0.41432292 0.41430852 0.41430847 0.41423327 0.41423322 0.4142332  0.4142188  0.41421875 0.41420435 0.4142043  0.4141899  0.41418986 0.41408586 0.41408581 0.41408578 0.41407138 0.41407133 0.41405693 0.41405688 0.41395288 0.41395283 0.41395283 0.41393843 0.41393838 0.41392398 0.41392393 0.41381993 0.41381988 0.41381988 0.41370468 0.41370467 0.41369027 0.41369024 0.41357504 0.41357503 0.41356063 0.4135606  0.4131734  0.41317335 0.41317334 0.41315894 0.41315889 0.41314449 0.41314444 0.41313004 0.41312999 0.41311559 0.41311554 0.41310114 0.4131011  0.4129971  0.41299705 0.41299702 0.41288182 0.41288178 0.41276658 0.41276654 0.41236014 0.41236009 0.41236005 0.41236001 0.41224481 0.41224477 0.41212957 0.41212953 0.41201433 0.41201429 0.41156949 0.41156941 0.41156858 0.41156852 0.41154692 0.41149836 0.41147676 0.4114282  0.4114066  0.41135804 0.41133644 0.41128788 0.41126628 0.41121772 0.41110492 0.41110487 0.41110484 0.41109044 0.4110904  0.411076   0.41107595 0.41097195 0.4109719  0.41097189 0.41095749 0.41095749 0.41095744 0.41094304 0.41094304 0.41094299 0.41083899 0.41083894 0.41083894 0.41082454 0.41082449 0.41081009 0.41081004 0.41070604 0.41070599 0.41070599 0.41069159 0.41069154 0.41067714 0.41067709 0.41060189 0.41060184 0.41060183 0.41048663 0.41048659 0.41037139 0.41037135 0.41025615 0.41025611 0.41       0.40997771 0.40997766 0.40997763 0.40986243 0.40986239 0.40974719 0.40974715 0.40938875 0.4093887  0.40938867 0.40937427 0.40937422 0.40935982 0.40935977 0.40925577 0.40925572 0.40925569 0.40924129 0.40924124 0.40922684 0.4092268  0.4091228  0.40912275 0.40912272 0.40900752 0.40900748 0.40889228 0.40889224 0.40854984 0.40854979 0.40854977 0.40853537 0.40853532 0.40852092 0.40852087 0.40844567 0.40844562 0.40844562 0.40833042 0.40833038 0.40821518 0.40821514 0.40809994 0.4080999  0.4077959  0.40779583 0.4077957  0.40779566 0.40746606 0.40746605 0.407466   0.4074516  0.40745155 0.40743715 0.4074371  0.4074227  0.40742265 0.40740825 0.4074082  0.4073938  0.40739376 0.40731856 0.40731855 0.40731845 0.40729685 0.40724829 0.40722669 0.40717813 0.40715653 0.40710797 0.40708637 0.40703781 0.40701621 0.40696765 0.40685485 0.4068548  0.40685479 0.40673959 0.40673956 0.40662436 0.40662432 0.40650912 0.40650908 0.40618908 0.40618903 0.40618902 0.40617462 0.40617458 0.40616018 0.40616013 0.40608493 0.40608488 0.40608485 0.4060848  0.4060704  0.40607035 0.40605595 0.4060559  0.4060415  0.40604146 0.40593746 0.40593741 0.40593739 0.40592299 0.40592294 0.40590854 0.40590849 0.40589409 0.40589404 0.40579004 0.40578999 0.40578999 0.40577559 0.40577554 0.40576114 0.40576109 0.40574669 0.40574664 0.40564264 0.40564259 0.40564258 0.40562818 0.40562813 0.40561373 0.40561368 0.40553848 0.40553843 0.40553843 0.40542323 0.40542319 0.40530799 0.40530795 0.405      0.40497835 0.4049783  0.40497829 0.40486309 0.40486305 0.40474785 0.40474781 0.40443101 0.40443096 0.40443094 0.40431574 0.40431571 0.40420051 0.40420047 0.40381647 0.40381642 0.40381641 0.40370121 0.40370117 0.40358597 0.40358593 0.40313153 0.40313151 0.40313148 0.40311708 0.40311703 0.40310263 0.40310258 0.40308818 0.40308813 0.40307373 0.40307368 0.40305928 0.40305924 0.40295524 0.40295522 0.40295515 0.40294075 0.4029407  0.4029263  0.40292625 0.40291185 0.4029118  0.4028974  0.40289735 0.40288295 0.4028829  0.4028077  0.4028077  0.40280761 0.40274388 0.40272228 0.40267372 0.40265212 0.40260356 0.40258196 0.4025334  0.4025118  0.40246324 0.40244164 0.40239308 0.40228028 0.40228023 0.40228023 0.40216503 0.40216499 0.40204979 0.40204975 0.40193455 0.40193452 0.40167532 0.40167527 0.40167526 0.40156006 0.40156002 0.40144482 0.40144478 0.40112158 0.40112153 0.40112152 0.40100632 0.40100628 0.40089108 0.40089104 0.40055504 0.40055499 0.40055498 0.40054058 0.40054054 0.40052614 0.40052609 0.40045089 0.40045084 0.40045083 0.40033563 0.4003356  0.4002204  0.40022036 0.4        0.39986196 0.39986191 0.39986189 0.39984749 0.39984744 0.39983304 0.39983299 0.39975779 0.39975774 0.39975772 0.39974332 0.39974327 0.39972887 0.39972882 0.39962482 0.39962477 0.39962476 0.39961036 0.39961032 0.39959592 0.39959587 0.39949187 0.39949182 0.3994918  0.3994774  0.39947736 0.39946296 0.39946291 0.39935891 0.39935877 0.39935874 0.39934434 0.39934429 0.39924029 0.39924028 0.39924022 0.39922582 0.39922577 0.39921137 0.39921133 0.39919693 0.39919688 0.39918248 0.39918243 0.39916803 0.39916798 0.39909278 0.39909278 0.39909268 0.39907108 0.39902252 0.39900092 0.39895236 0.39893076 0.3988822  0.3988606  0.39881204 0.39879044 0.39874188 0.39862908 0.39862903 0.39862902 0.39861462 0.39861458 0.39860018 0.39860013 0.39852493 0.39852488 0.39852487 0.39840967 0.39840963 0.39829443 0.39829439 0.39795199 0.39795194 0.39795193 0.39793753 0.39793748 0.39792308 0.39792303 0.39781903 0.39781898 0.39781898 0.39780458 0.39780453 0.39779013 0.39779008 0.39768608 0.39768603 0.39768599 0.39768595 0.39757075 0.39757072 0.39745552 0.39745548 0.39701708 0.39701703 0.397017   0.3970026  0.39700256 0.39698816 0.39698811 0.39697371 0.39697366 0.39689846 0.39689841 0.39689839 0.39678319 0.39678315 0.39666795 0.39666791 0.39622311 0.39622306 0.39622303 0.39610783 0.39610779 0.39599259 0.39599255 0.39568215 0.3956821  0.39568209 0.39566769 0.39566764 0.39565324 0.3956532  0.3955492  0.39554914 0.39554913 0.39553473 0.39553468 0.39552028 0.39552023 0.39550583 0.39550578 0.39540178 0.39540178 0.39540168 0.3953969  0.3953753  0.39532674 0.39530514 0.39525658 0.39523498 0.39518642 0.39516482 0.39511626 0.39509466 0.3950461  0.395      0.3949333  0.39493325 0.39493325 0.3949332  0.3949188  0.39491875 0.39490435 0.3949043  0.3948899  0.39488986 0.39487546 0.39487541 0.39477141 0.39477136 0.39477135 0.39475695 0.3947569  0.3947425  0.39474245 0.39472805 0.39472801 0.39462401 0.39462396 0.39462391 0.39460951 0.39460946 0.39459506 0.39459501 0.39451981 0.39451976 0.39451974 0.39450534 0.39450529 0.39449089 0.39449085 0.39438685 0.3943868  0.39438671 0.39438667 0.39427147 0.39427143 0.39415623 0.3941562  0.3936666  0.39366655 0.39366652 0.39355132 0.39355128 0.39343608 0.39343604 0.39332084 0.3933208  0.3929752  0.39297515 0.39297514 0.39285994 0.3928599  0.3927447  0.39274467 0.39243107 0.39243102 0.392431   0.3924166  0.39241655 0.39240215 0.3924021  0.3923269  0.39232685 0.39232683 0.39231243 0.39231239 0.39229799 0.39229794 0.39228354 0.39228349 0.39217949 0.39217944 0.3921794  0.392165   0.39216495 0.39215055 0.39215051 0.39204651 0.39204641 0.39204638 0.39203198 0.39203193 0.39201753 0.39201749 0.39200309 0.39200304 0.39198864 0.39198859 0.39197419 0.39197414 0.39189894 0.39189892 0.3918989  0.3917837  0.39178366 0.39166846 0.39166842 0.39155322 0.39155318 0.39143798 0.39143794 0.39132274 0.3913227  0.3909867  0.3909867  0.39098661 0.39091337 0.39089177 0.39084321 0.39082161 0.39077305 0.39075145 0.39070289 0.39068129 0.39063273 0.39061113 0.39056257 0.39044977 0.39044972 0.39044972 0.39043532 0.39043527 0.39042087 0.39042082 0.39040642 0.39040637 0.39033117 0.39033112 0.39033112 0.39031672 0.39031667 0.39030227 0.39030222 0.39028782 0.39028777 0.39018377 0.39018372 0.39018369 0.39016929 0.39016925 0.39015485 0.3901548  0.3900508  0.39005075 0.39005069 0.39005065 0.39       0.38993545 0.38993541 0.38982021 0.38982017 0.38948417 0.38948412 0.38948408 0.38946968 0.38946965 0.38945525 0.38945524 0.38934004 0.38934003 0.38934    0.3893256  0.3893256  0.3892104  0.38921039 0.38921036 0.38919596 0.38919595 0.38876715 0.3887671  0.38876709 0.38875269 0.38875264 0.38873824 0.3887382  0.3887238  0.38872375 0.38861975 0.3886197  0.38861967 0.38850447 0.38850443 0.38838923 0.3883892  0.3881236  0.38812355 0.38812336 0.38812332 0.38800812 0.38800808 0.38789288 0.38789284 0.38777764 0.3877776  0.3873168  0.38731668 0.38731666 0.38731661 0.38730221 0.38730216 0.38728776 0.38728772 0.38727332 0.38727327 0.38719807 0.38719805 0.387198   0.3870828  0.38708276 0.38696756 0.38696752 0.38685232 0.38685228 0.38673708 0.38673704 0.38662184 0.38662181 0.38625701 0.386257   0.3862569  0.3862353  0.38618674 0.38616514 0.38611658 0.38609498 0.38604642 0.38602482 0.38597626 0.38595466 0.3859061  0.3857933  0.38579325 0.38579321 0.38577881 0.38577876 0.38576436 0.38576431 0.38568911 0.38568906 0.38568904 0.38567464 0.38567459 0.38566019 0.38566014 0.38555614 0.38555609 0.38555609 0.38554169 0.38554164 0.38552724 0.38552719 0.38551279 0.38551274 0.38540874 0.38540869 0.38540868 0.38529348 0.38529344 0.38517824 0.3851782  0.385      0.3847302  0.38473015 0.38473012 0.38471572 0.38471567 0.38470127 0.38470122 0.38468682 0.38468677 0.38461157 0.38461152 0.3846115  0.3844963  0.38449626 0.38438106 0.38438102 0.38426582 0.38426578 0.38379538 0.38379533 0.3837953  0.3837809  0.38378085 0.38367685 0.3836768  0.38367679 0.38366239 0.38366234 0.38364794 0.38364789 0.38354389 0.38354384 0.38354381 0.38342861 0.38342857 0.38331337 0.38331333 0.38295493 0.38295492 0.38295486 0.38283966 0.38283962 0.38272442 0.38272438 0.38260918 0.38260915 0.38249395 0.38249391 0.38237871 0.38237867 0.38211947 0.38211945 0.38211938 0.38200418 0.38200415 0.38188895 0.38188891 0.38177371 0.38177367 0.38165847 0.38165843 0.38154323 0.38154319 0.38105039 0.38105038 0.38105034 0.38103594 0.38103589 0.38102149 0.38102144 0.38100704 0.38100699 0.38099259 0.38099255 0.38097815 0.3809781  0.3808741  0.38087409 0.38087399 0.38086577 0.38084417 0.38079561 0.38077401 0.38072545 0.38070385 0.38065529 0.38063369 0.38058513 0.38056353 0.38051497 0.38040217 0.38040212 0.38040203 0.380402   0.3802868  0.38028676 0.38017156 0.38017152 0.38       0.37980032 0.37980027 0.37980026 0.37978586 0.37978581 0.37977141 0.37977136 0.37975696 0.37975691 0.37968171 0.37968166 0.37968152 0.37968148 0.37956628 0.37956625 0.37945105 0.37945101 0.37907341 0.37907336 0.37907329 0.37895809 0.37895805 0.37884285 0.37884281 0.37872761 0.37872757 0.37861237 0.37861234 0.37849714 0.3784971  0.3780363  0.37803625 0.37803622 0.37802182 0.37802178 0.37800738 0.37800733 0.37793213 0.37793208 0.37793206 0.37781686 0.37781682 0.37770162 0.37770158 0.37728558 0.37728553 0.37728549 0.37717029 0.37717026 0.37705506 0.37705502 0.37659742 0.37659737 0.37659736 0.37648216 0.37648213 0.37636693 0.37636689 0.37625169 0.37625165 0.37595085 0.37595085 0.37595075 0.37592915 0.37588059 0.37585899 0.37581043 0.37578883 0.37574027 0.37571867 0.37567011 0.37564851 0.37559995 0.37548715 0.3754871  0.37548709 0.37547269 0.37547264 0.37545824 0.37545819 0.37538299 0.37538294 0.37538292 0.37536852 0.37536847 0.37535407 0.37535402 0.37525002 0.37524997 0.37524996 0.37523556 0.37523535 0.37523531 0.37522091 0.37522071 0.37522069 0.37522064 0.37522061 0.37520621 0.37520616 0.37519176 0.37519171 0.37508771 0.37508766 0.37508766 0.375      0.37497246 0.37497242 0.37485722 0.37485718 0.37449558 0.37449553 0.3744955  0.3744811  0.3744809  0.37448086 0.37446646 0.37446625 0.37446621 0.37436221 0.37436192 0.37436183 0.37434743 0.37434738 0.37433298 0.37433293 0.37431853 0.37431849 0.37431844 0.37431841 0.37430401 0.37430396 0.37428956 0.37428951 0.37427511 0.37427506 0.37426066 0.37426062 0.37415662 0.37415657 0.37415656 0.37404136 0.37404132 0.37392612 0.37392608 0.37381088 0.37381085 0.37355485 0.3735548  0.37355462 0.37355458 0.37343938 0.37343934 0.37332414 0.3733241  0.3728569  0.37285685 0.37285681 0.37284241 0.37284236 0.37273836 0.37273824 0.3727382  0.3727238  0.37272375 0.37270935 0.3727093  0.3726341  0.37263408 0.37263398 0.37261238 0.37256382 0.37254222 0.37249366 0.37247206 0.3724235  0.3724019  0.37235334 0.37233174 0.37228318 0.37217038 0.37217033 0.37217032 0.37215592 0.37215587 0.37214147 0.37214142 0.37206622 0.37206617 0.37206607 0.37206603 0.37195083 0.37195079 0.37183559 0.37183555 0.37172035 0.37172032 0.37131392 0.37131387 0.37131385 0.37119865 0.37119861 0.37108341 0.37108338 0.37096818 0.37096814 0.37070574 0.37070569 0.37070568 0.37069128 0.37069124 0.37067684 0.37067679 0.37066239 0.37066234 0.37055834 0.37055829 0.3705581  0.37055807 0.37044287 0.37044283 0.37032763 0.37032759 0.37       0.36985399 0.36985394 0.36985392 0.36983952 0.36983947 0.36982507 0.36982503 0.36974983 0.36974978 0.36974976 0.36973536 0.36973531 0.36972091 0.36972086 0.36961686 0.36961681 0.36961659 0.36961656 0.36950136 0.36950132 0.36938612 0.36938608 0.36911088 0.36911083 0.3691108  0.3689956  0.36899556 0.36888036 0.36888033 0.36876513 0.36876509 0.36836189 0.36836181 0.36836159 0.3683615  0.3683399  0.36829134 0.36826974 0.36822118 0.36819958 0.36815102 0.36812942 0.36808086 0.36805926 0.3680107  0.3678979  0.36789785 0.36789783 0.36778263 0.36778259 0.36766739 0.36766735 0.36733775 0.3673377  0.36733769 0.36722249 0.36722245 0.36710725 0.36710721 0.36699201 0.36699198 0.36650238 0.36650233 0.36650231 0.36648791 0.36648786 0.36647346 0.36647341 0.36645901 0.36645896 0.36638376 0.36638371 0.36638369 0.36636929 0.36636924 0.36635484 0.36635479 0.36634039 0.36634034 0.36623634 0.36623629 0.36623625 0.36612105 0.36612102 0.36600582 0.36600578 0.36589058 0.36589054 0.36557054 0.36557049 0.36557029 0.36557025 0.36545505 0.36545501 0.36533981 0.36533977 0.365      0.36499097 0.36499092 0.3649909  0.3648757  0.36487566 0.36476046 0.36476043 0.36446923 0.36446918 0.36446916 0.36435396 0.36435392 0.36423872 0.36423869 0.36412349 0.36412345 0.36377785 0.3637778  0.36377778 0.36376338 0.36376333 0.36374893 0.36374888 0.36373448 0.36373443 0.36365923 0.36365918 0.36365918 0.36354398 0.36354394 0.36342874 0.3634287  0.3629391  0.36293897 0.36293896 0.36292456 0.36292452 0.36291012 0.36291007 0.36289567 0.36289562 0.36282042 0.36282042 0.36282032 0.36279872 0.36275016 0.36272856 0.36268    0.3626584  0.36260984 0.36258824 0.36253968 0.36251808 0.36246952 0.36235672 0.36235667 0.36235666 0.36234226 0.36234221 0.36232781 0.36232776 0.36222376 0.36222371 0.36222371 0.36220931 0.36220909 0.36220905 0.36219465 0.36219443 0.3621944  0.36219435 0.36219433 0.36217993 0.36217988 0.36216548 0.36216543 0.36215103 0.36215098 0.36204698 0.36204693 0.36204693 0.36193173 0.36193169 0.36181649 0.36181645 0.36170125 0.36170121 0.36122121 0.36122116 0.36122114 0.36120674 0.36120669 0.36119229 0.36119224 0.36108824 0.36108819 0.36108819 0.36107379 0.36107374 0.36105934 0.36105929 0.36095529 0.36095524 0.36095523 0.36094083 0.36094078 0.36092638 0.36092633 0.36091193 0.36091188 0.36080788 0.36080783 0.36080783 0.36069263 0.36069259 0.36057739 0.36057735 0.36032455 0.3603245  0.36032447 0.36031007 0.36031003 0.36029563 0.36029558 0.36028118 0.36028113 0.36020593 0.36020588 0.36020586 0.36009066 0.36009063 0.36       0.35997543 0.35997539 0.35986019 0.35986015 0.35946335 0.35946334 0.35946326 0.35944886 0.35944881 0.35943441 0.35943437 0.35941997 0.35941992 0.35940552 0.35940547 0.35939107 0.35939102 0.35931582 0.3593158  0.35931577 0.35930137 0.35930132 0.35928692 0.35928687 0.35927247 0.35927242 0.35925802 0.35925797 0.35924357 0.35924352 0.35913952 0.35913952 0.35913942 0.35911782 0.35906926 0.35904766 0.3589991  0.3589775  0.35892894 0.35890734 0.35885878 0.35883718 0.35878862 0.35867582 0.35867577 0.35867577 0.35866137 0.35866132 0.35864692 0.35864688 0.35863248 0.35863243 0.35852843 0.35852838 0.35852835 0.35851395 0.35851391 0.35849951 0.35849946 0.35848506 0.35848501 0.35838101 0.35838096 0.35838094 0.35836654 0.35836649 0.35835209 0.35835204 0.35824804 0.35824799 0.35824797 0.35823357 0.35823352 0.35821912 0.35821908 0.35814388 0.35814383 0.3581438  0.3581294  0.35812935 0.35811495 0.3581149  0.3580109  0.35801085 0.35801083 0.35789563 0.35789559 0.35778039 0.35778035 0.35735795 0.3573579  0.35735771 0.35735767 0.35724247 0.35724243 0.35712723 0.3571272  0.3567368  0.35673675 0.35673674 0.35672234 0.35672229 0.35670789 0.35670784 0.35669344 0.35669339 0.35661819 0.35661814 0.35661813 0.35650293 0.35650293 0.35650289 0.35638769 0.35638768 0.35638765 0.35602605 0.35602593 0.3560259  0.3560115  0.35601146 0.35599706 0.35599701 0.35598261 0.35598256 0.35590736 0.35590735 0.35590725 0.35588565 0.35583709 0.35581549 0.35576693 0.35574533 0.35569677 0.35567517 0.35562661 0.35560501 0.35555645 0.35544365 0.3554436  0.35544356 0.35542916 0.35542911 0.35541471 0.35541466 0.35531066 0.35531061 0.35531061 0.35529621 0.35529616 0.35528176 0.35528171 0.35517771 0.35517766 0.35517763 0.35516323 0.35516318 0.35514878 0.35514873 0.35507353 0.35507348 0.35507338 0.35507333 0.35507323 0.35507318 0.35507308 0.35507303 0.35507299 0.35505859 0.35505854 0.355      0.35498334 0.35498329 0.35498326 0.35486806 0.35486802 0.35475282 0.35475279 0.35463759 0.35463755 0.35431435 0.3543143  0.35431429 0.35429989 0.35429984 0.35428544 0.35428539 0.35418139 0.35418134 0.35418131 0.35406611 0.35406607 0.35395087 0.35395083 0.35367883 0.35367872 0.35367863 0.35367859 0.35356339 0.35356335 0.35344815 0.35344811 0.35333291 0.35333287 0.35285927 0.35285925 0.35285924 0.35274404 0.352744   0.3526288  0.35262877 0.35251357 0.35251353 0.35239833 0.35239829 0.35228309 0.35228305 0.35178705 0.35178704 0.35178699 0.35177259 0.35177254 0.35175814 0.3517581  0.3517437  0.35174365 0.35172925 0.3517292  0.3517148  0.35171475 0.35161075 0.35161074 0.35161069 0.35149549 0.35149545 0.35138025 0.35138021 0.35126501 0.35126498 0.35114978 0.35114974 0.35103454 0.3510345  0.3507753  0.3507753  0.35077521 0.35076081 0.35076076 0.35074636 0.35074631 0.35073191 0.35073187 0.35071747 0.35071742 0.35070302 0.35070297 0.35062777 0.35062775 0.35062773 0.35061333 0.35061328 0.35059888 0.35059883 0.35058443 0.35058439 0.35056999 0.35056994 0.35055554 0.35055549 0.35048029 0.35048029 0.35048019 0.35045859 0.35041003 0.35038843 0.35033987 0.35031827 0.35026971 0.35024811 0.35019955 0.35017795 0.35012939 0.35001659 0.35001654 0.35001651 0.35000211 0.35000206 0.35       0.34998766 0.34998761 0.34988361 0.34988356 0.34988356 0.34976836 0.34976835 0.34976831 0.34965311 0.3496531  0.34965306 0.34931066 0.34931061 0.34931056 0.34931052 0.34919532 0.34919528 0.34908008 0.34908004 0.34872164 0.34872159 0.34872156 0.34870716 0.34870711 0.34869271 0.34869266 0.34858866 0.34858861 0.34858861 0.34847341 0.34847337 0.34835817 0.34835813 0.34824293 0.34824289 0.34783969 0.34783965 0.34783955 0.34781795 0.34776939 0.34774779 0.34769923 0.34767763 0.34762907 0.34760747 0.34755891 0.34753731 0.34748875 0.34737595 0.3473759  0.34737589 0.34737584 0.34736144 0.34736139 0.34734699 0.34734694 0.34727174 0.34727169 0.34727168 0.34715648 0.34715644 0.34704124 0.3470412  0.3465516  0.34655155 0.34655155 0.34643635 0.34643631 0.34632111 0.34632107 0.34589867 0.34589862 0.34589858 0.34578338 0.34578334 0.34566814 0.34566811 0.34526811 0.34526806 0.34526803 0.34515283 0.34515279 0.34503759 0.34503755 0.345      0.34457355 0.3445735  0.3445735  0.3444583  0.34445826 0.34434306 0.34434302 0.34422782 0.34422778 0.34387258 0.34387253 0.34387232 0.34387228 0.34375708 0.34375704 0.34364184 0.3436418  0.343341   0.34334095 0.34334095 0.34332655 0.34332635 0.34332631 0.34331191 0.34331171 0.34331167 0.34323647 0.34323592 0.3432358  0.3432214  0.34322135 0.34320695 0.3432069  0.3431925  0.34319245 0.3431924  0.34319236 0.34307716 0.34307713 0.34296193 0.34296189 0.34284669 0.34284665 0.34273145 0.34273141 0.34261621 0.34261617 0.34221297 0.34221292 0.34221291 0.34209771 0.34209767 0.34198247 0.34198243 0.34152803 0.34152803 0.34152795 0.34151355 0.3415135  0.3414991  0.34149905 0.34148465 0.3414846  0.3414702  0.34147016 0.34145576 0.34145571 0.34138051 0.34138051 0.34138041 0.34135881 0.34131025 0.34128865 0.34124009 0.34121849 0.34116993 0.34114833 0.34109977 0.34107817 0.34102961 0.34091681 0.34091676 0.34091676 0.34080156 0.34080152 0.34068632 0.34068628 0.34057108 0.34057104 0.34024464 0.34024459 0.34024459 0.34012939 0.34012935 0.34001415 0.34001411 0.34       0.33976451 0.33976446 0.33976444 0.33975004 0.33975    0.3397356  0.33973555 0.33972115 0.3397211  0.3396459  0.33964585 0.33964585 0.33953065 0.33953061 0.33941541 0.33941537 0.33896737 0.33896732 0.33896732 0.33885212 0.33885208 0.33873688 0.33873684 0.33825044 0.33825039 0.33825037 0.33813517 0.33813513 0.33801993 0.3380199  0.3376647  0.33766465 0.33766462 0.33765022 0.33765017 0.33763577 0.33763572 0.33756052 0.33756047 0.33756045 0.33744525 0.33744521 0.33733001 0.33732997 0.33686277 0.33686272 0.3368627  0.3368483  0.33684825 0.33683385 0.3368338  0.3368194  0.33681936 0.33671536 0.33671531 0.33671527 0.33660007 0.33660003 0.33648483 0.33648479 0.33636959 0.33636955 0.33608155 0.33608144 0.33608141 0.33606701 0.33606696 0.33605256 0.33605252 0.33603812 0.33603807 0.33602367 0.33602362 0.33591962 0.3359196  0.33591957 0.33590517 0.33590512 0.33589072 0.33589067 0.33587627 0.33587622 0.33586182 0.33586177 0.33584737 0.33584732 0.33577212 0.33577212 0.33577202 0.33575042 0.33570186 0.33568026 0.3356317  0.3356101  0.33556154 0.33553994 0.33549138 0.33546978 0.33542122 0.33530842 0.33530837 0.33530836 0.33519316 0.33519315 0.33517875 0.33517873 0.33506353 0.33506351 0.33504911 0.33504909 0.335      0.33471629 0.33471624 0.33471624 0.33460104 0.334601   0.3344858  0.33448576 0.33437056 0.33437052 0.33407932 0.33407927 0.33407924 0.33406484 0.33406479 0.33396079 0.33396074 0.3339606  0.33396056 0.33384536 0.33384532 0.33373012 0.33373008 0.33361488 0.33361484 0.33330124 0.33330119 0.33330119 0.33328679 0.33328674 0.33327234 0.33327229 0.33319709 0.33319704 0.33319701 0.33308181 0.33308177 0.33296657 0.33296654 0.33251534 0.33251529 0.33251528 0.33250088 0.33250083 0.33248643 0.33248638 0.33247198 0.33247193 0.33236793 0.33236788 0.33236786 0.33225266 0.33225266 0.33225262 0.33213742 0.33213742 0.33213738 0.33184938 0.33184933 0.33184931 0.33183491 0.33183486 0.33182046 0.33182041 0.33180601 0.33180597 0.33170197 0.33170196 0.33170186 0.33168026 0.3316317  0.3316101  0.33156154 0.33153994 0.33149138 0.33146978 0.33142122 0.33139962 0.33135106 0.33123826 0.33123821 0.33123819 0.33122379 0.33122374 0.33120934 0.33120929 0.33113409 0.33113404 0.33113401 0.33111961 0.33111956 0.33110516 0.33110511 0.33102991 0.33102986 0.33102983 0.33091463 0.33091459 0.33079939 0.33079935 0.33068415 0.33068411 0.33026811 0.33026806 0.33026805 0.33015285 0.33015281 0.33003761 0.33003757 0.33       0.32971117 0.32971112 0.32971112 0.32959592 0.32959588 0.32948068 0.32948064 0.32908704 0.32908699 0.32908678 0.32908674 0.32897154 0.32897151 0.32885631 0.32885627 0.32874107 0.32874103 0.32848503 0.32848498 0.32848495 0.32836975 0.32836971 0.32825451 0.32825447 0.32792487 0.32792482 0.3279248  0.3279104  0.32791035 0.32783515 0.3278351  0.32783506 0.32782066 0.32782061 0.32780621 0.32780616 0.32770216 0.32770211 0.32770209 0.32768769 0.32768765 0.32767325 0.3276732  0.3275692  0.32756915 0.32756913 0.32745393 0.32745389 0.32733869 0.32733866 0.32722346 0.32722342 0.32687782 0.32687777 0.32687773 0.32686333 0.32686328 0.32684888 0.32684883 0.32677363 0.32677362 0.32677352 0.32675192 0.32670336 0.32668176 0.3266332  0.3266116  0.32656304 0.32654144 0.32649288 0.32647128 0.32642272 0.32630992 0.32630987 0.32630987 0.32629547 0.32629542 0.32628102 0.32628097 0.32617697 0.32617692 0.32617688 0.32616248 0.32616243 0.32614803 0.32614798 0.32604398 0.32604393 0.32604391 0.32602951 0.32602946 0.32601506 0.32601501 0.32591101 0.32591096 0.32591095 0.32589655 0.3258965  0.3258821  0.32588206 0.32580686 0.32580681 0.32580678 0.32579238 0.32579233 0.32577793 0.32577788 0.32567388 0.32567383 0.32567381 0.32565941 0.32565937 0.32564497 0.32564492 0.32563052 0.32563047 0.32552647 0.32552642 0.3255264  0.325512   0.32551195 0.32549755 0.3254975  0.3253935  0.32539345 0.3253934  0.325379   0.32537896 0.32536456 0.32536451 0.32535011 0.32535006 0.32527486 0.32527481 0.3252746  0.32527456 0.32515936 0.32515933 0.32504413 0.32504409 0.325      0.32492889 0.32492885 0.32453525 0.3245352  0.3245352  0.3245208  0.32452075 0.32450635 0.3245063  0.3244919  0.32449185 0.32438785 0.32438773 0.32438754 0.3243875  0.3242723  0.32427226 0.32415706 0.32415702 0.32391382 0.3239138  0.32391379 0.32389939 0.32389934 0.32388494 0.32388489 0.32387049 0.32387044 0.32385604 0.32385599 0.32384159 0.32384155 0.32376635 0.32376633 0.3237663  0.3237519  0.32375185 0.32373745 0.3237374  0.323723   0.32372295 0.32370855 0.3237085  0.3236941  0.32369406 0.32359006 0.32359004 0.32358999 0.32347479 0.32347475 0.32335955 0.32335952 0.32324432 0.32324428 0.32312908 0.32312904 0.32301384 0.3230138  0.3227258  0.32272579 0.32272571 0.32271131 0.32271126 0.32269686 0.32269681 0.32268241 0.32268236 0.32266796 0.32266791 0.32265351 0.32265347 0.32257827 0.32257825 0.32257816 0.32256376 0.32256372 0.32254932 0.32254927 0.32253487 0.32253482 0.32252042 0.32252037 0.32250597 0.32250592 0.32240192 0.32240191 0.32240181 0.32238021 0.32233165 0.32231005 0.32226149 0.32223989 0.32219133 0.32216973 0.32212117 0.32209957 0.32205101 0.32193821 0.32193816 0.32193814 0.32182294 0.3218229  0.3217077  0.32170766 0.32159246 0.32159242 0.32125962 0.32125957 0.32125955 0.32114435 0.32114431 0.32102911 0.32102907 0.32063547 0.32063542 0.32063541 0.32052021 0.32052017 0.32040497 0.32040493 0.32       0.31990893 0.31990888 0.31990885 0.31989445 0.3198944  0.31988    0.31987995 0.31986555 0.3198655  0.3197903  0.31979025 0.31979024 0.31977584 0.31977579 0.31976139 0.31976134 0.31965734 0.31965732 0.3196573  0.3196429  0.31964285 0.31962845 0.3196284  0.319614   0.31961395 0.31959955 0.3195995  0.3195851  0.31958506 0.31950986 0.31950984 0.31950979 0.31949539 0.31949534 0.31948094 0.31948089 0.31946649 0.31946644 0.31945204 0.319452   0.3194376  0.31943755 0.31933355 0.31933353 0.31933348 0.31921828 0.31921824 0.31910304 0.31910301 0.31898781 0.31898777 0.31887257 0.31887253 0.31875733 0.31875729 0.31831569 0.31831568 0.31831562 0.31830122 0.31830117 0.31828677 0.31828672 0.31827232 0.31827227 0.31825787 0.31825782 0.31824342 0.31824337 0.31816817 0.31816817 0.31816808 0.31815368 0.31815363 0.31813923 0.31813919 0.31812479 0.31812474 0.31811034 0.31811029 0.31809589 0.31809584 0.31799184 0.31799183 0.31799173 0.31797013 0.31792157 0.31789997 0.31785141 0.31782981 0.31778125 0.31775965 0.31771109 0.31768949 0.31764093 0.31752813 0.31752808 0.31752807 0.31751367 0.31751362 0.31749922 0.31749918 0.31739518 0.31739513 0.31739512 0.31738072 0.31738067 0.31736627 0.31736623 0.31726223 0.31726218 0.31726217 0.31714697 0.31714694 0.31703174 0.3170317  0.3165965  0.31659645 0.31659644 0.31648124 0.3164812  0.316366   0.31636597 0.31607157 0.31607152 0.31607149 0.31596749 0.31596744 0.31596743 0.3159674  0.3158522  0.31585216 0.31573696 0.31573692 0.31562172 0.31562168 0.31523768 0.31523763 0.31523762 0.31512242 0.31512238 0.31500718 0.31500714 0.315      0.31469674 0.31469672 0.31469667 0.31468227 0.31468222 0.31466782 0.31466777 0.31465337 0.31465332 0.31463892 0.31463887 0.31462447 0.31462442 0.31454922 0.31454922 0.31454912 0.31452752 0.31447896 0.31445736 0.3144088  0.3143872  0.31433864 0.31431704 0.31426848 0.31424688 0.31419832 0.31408552 0.31408547 0.31408546 0.31407106 0.31407101 0.31405661 0.31405656 0.31395256 0.31395251 0.31395231 0.31395227 0.31383707 0.31383704 0.31372184 0.3137218  0.3136066  0.31360656 0.31311696 0.31311691 0.31311688 0.31300168 0.31300165 0.31288645 0.31288641 0.31255361 0.31255356 0.31255354 0.31243834 0.3124383  0.3123231  0.31232307 0.31220787 0.31220783 0.31176303 0.31176298 0.31176297 0.31174857 0.31174852 0.31173412 0.31173407 0.31165887 0.31165882 0.31165882 0.31154362 0.31154358 0.31142838 0.31142834 0.31117234 0.31117229 0.31117225 0.31115785 0.3111578  0.3111434  0.31114336 0.31106816 0.31106811 0.3110681  0.3110537  0.31105365 0.31103925 0.3110392  0.3109352  0.31093515 0.31093513 0.31092073 0.31092069 0.31090629 0.31090624 0.31080224 0.31080219 0.31080217 0.31078777 0.31078772 0.31077332 0.31077328 0.31066928 0.31066915 0.3106691  0.3106547  0.31065465 0.31064025 0.3106402  0.310565   0.310565   0.31056493 0.31044973 0.31044969 0.31033449 0.31033445 0.31021925 0.31021921 0.31010401 0.31010397 0.31       0.30998877 0.30998873 0.30951833 0.30951832 0.30951822 0.30949662 0.30944806 0.30942646 0.3093779  0.3093563  0.30930774 0.30928614 0.30923758 0.30921598 0.30916742 0.30905462 0.30905457 0.30905456 0.30904016 0.30904011 0.30902571 0.30902567 0.30901127 0.30901122 0.30893602 0.30893597 0.30893596 0.30892156 0.30892152 0.30890712 0.30890707 0.30880307 0.30880302 0.30880295 0.30880291 0.30868771 0.30868767 0.30857247 0.30857244 0.30809884 0.30809879 0.30809874 0.3080987  0.3079835  0.30798346 0.30786826 0.30786822 0.30775302 0.30775298 0.30735938 0.30735933 0.30735931 0.30724411 0.30724407 0.30712887 0.30712883 0.30678643 0.30678638 0.30678636 0.30667116 0.30667112 0.30655592 0.30655588 0.30613668 0.30613663 0.30613663 0.30602143 0.3060214  0.3059062  0.30590616 0.30579096 0.30579092 0.30539092 0.30539087 0.30539083 0.30537643 0.30537638 0.30536198 0.30536193 0.30525793 0.30525788 0.30525785 0.30514265 0.30514262 0.30502742 0.30502738 0.305      0.30454418 0.30454416 0.3045441  0.3045297  0.30452965 0.30451525 0.3045152  0.3045008  0.30450075 0.30448635 0.3044863  0.3044719  0.30447185 0.30439665 0.30439664 0.30439654 0.30437494 0.30432638 0.30430478 0.30425622 0.30423462 0.30418606 0.30416446 0.3041159  0.3040943  0.30404574 0.30393294 0.30393289 0.30393282 0.30391842 0.30391837 0.30390397 0.30390393 0.30388953 0.30388948 0.30387508 0.30387503 0.30386063 0.30386058 0.30375658 0.30375653 0.30375649 0.30374209 0.30374205 0.30372765 0.3037276  0.3036236  0.30362355 0.30362351 0.30350831 0.30350827 0.30339307 0.30339304 0.30298984 0.30298979 0.30298975 0.30287455 0.30287451 0.30275931 0.30275927 0.30264407 0.30264404 0.30225684 0.30225679 0.30225675 0.30214155 0.30214151 0.30202631 0.30202627 0.30191107 0.30191103 0.30163903 0.30163898 0.30163888 0.30163883 0.3016388  0.3015236  0.30152356 0.30124196 0.30124191 0.30124189 0.30124184 0.30122744 0.30122739 0.30112339 0.30112334 0.30112332 0.30100812 0.30100808 0.30089288 0.30089284 0.30077764 0.3007776  0.3004448  0.30044473 0.30044471 0.30034071 0.3003407  0.30034063 0.30032623 0.30032619 0.30031179 0.30031174 0.30029734 0.30029729 0.30028289 0.30028284 0.30026844 0.30026839 0.30016439 0.30016437 0.30016435 0.30014995 0.3001499  0.3001355  0.30013545 0.30012105 0.30012101 0.30010661 0.30010656 0.30009216 0.30009211 0.30001691 0.30001689 0.30001686 0.30000246 0.30000241 0.3        0.29998801 0.29998796 0.29997356 0.29997352 0.29995912 0.29995907 0.29994467 0.29994462 0.29984062 0.29984061 0.29984055 0.29982615 0.2998261  0.2998117  0.29981165 0.29979725 0.2997972  0.2997828  0.29978275 0.29976835 0.2997683  0.2996931  0.2996931  0.299693   0.2996714  0.29962284 0.29960124 0.29955268 0.29953108 0.29948252 0.29946092 0.29941236 0.29939076 0.2993422  0.2992294  0.29922935 0.29922933 0.29911413 0.29911409 0.29899889 0.29899885 0.29888365 0.29888361 0.29856361 0.29856356 0.29856346 0.29856341 0.29856338 0.29854898 0.29854893 0.29853453 0.29853448 0.29852008 0.29852003 0.29850563 0.29850559 0.29840159 0.29840154 0.2984015  0.2983871  0.29838706 0.29837266 0.29837261 0.29835821 0.29835816 0.29828296 0.29828291 0.29828281 0.29822753 0.29822748 0.29822663 0.29822657 0.29822652 0.2982265  0.2981113  0.29811126 0.29773366 0.29773365 0.29773355 0.29772201 0.29770041 0.29765185 0.29763025 0.29758169 0.29756009 0.29751153 0.29748993 0.29744137 0.29741977 0.29737121 0.29725841 0.29725836 0.29725836 0.29724396 0.29724391 0.29722951 0.29722946 0.29721506 0.29721501 0.29711101 0.29711096 0.29711094 0.29699574 0.2969957  0.2968805  0.29688046 0.29658606 0.29658601 0.29658599 0.29657159 0.29657154 0.29655714 0.29655709 0.29648189 0.29648184 0.29648184 0.29636664 0.2963666  0.2962514  0.29625137 0.29580337 0.29580332 0.29580329 0.29568809 0.29568806 0.29557286 0.29557282 0.29545762 0.29545758 0.29514718 0.29514713 0.29514711 0.29513271 0.29513266 0.29511826 0.29511821 0.29501421 0.29501416 0.29501416 0.295      0.29489896 0.29489892 0.29478372 0.29478368 0.29466848 0.29466844 0.29422044 0.29422039 0.29422037 0.29410517 0.29410514 0.29398994 0.2939899  0.2935899  0.29358985 0.29358981 0.29357541 0.29357536 0.29356096 0.29356091 0.29348571 0.29348571 0.29348566 0.29348566 0.29347126 0.29347121 0.29345681 0.29345676 0.29335276 0.29335271 0.29335268 0.29323748 0.29323744 0.29312224 0.2931222  0.2928086  0.29280856 0.29280852 0.29279412 0.29279407 0.29277967 0.29277963 0.29276523 0.29276518 0.29275078 0.29275073 0.29267553 0.29267551 0.29267542 0.29266102 0.29266098 0.29264658 0.29264653 0.29263213 0.29263208 0.29261768 0.29261763 0.29260323 0.29260318 0.29249918 0.29249917 0.29249907 0.29247972 0.29245812 0.29240956 0.29238796 0.2923394  0.2923178  0.29226924 0.29224764 0.29219908 0.29217748 0.29212892 0.29201612 0.29201607 0.29201604 0.29200164 0.29200159 0.29198719 0.29198714 0.29197274 0.29197269 0.29186869 0.29186864 0.29186863 0.29175343 0.29175339 0.29163819 0.29163816 0.29152296 0.29152292 0.29127972 0.29127967 0.29127964 0.29116444 0.2911644  0.2910492  0.29104916 0.29093396 0.29093393 0.29066513 0.29066508 0.29066507 0.29054987 0.29054984 0.29043464 0.2904346  0.2903194  0.29031936 0.29       0.28989376 0.28989371 0.28989352 0.28989348 0.28977828 0.28977824 0.28966304 0.289663   0.2891894  0.28918935 0.28918934 0.28917494 0.28917489 0.28916049 0.28916044 0.28905644 0.28905639 0.2890563  0.28905626 0.28904186 0.28904165 0.28904162 0.28902722 0.28902701 0.28902697 0.28892297 0.28892232 0.2889222  0.2889078  0.28890776 0.28889336 0.28889332 0.28889327 0.28889318 0.28877798 0.28877794 0.28866274 0.2886627  0.2885475  0.28854747 0.28843227 0.28843223 0.28831703 0.28831699 0.28802899 0.28802892 0.28802891 0.28791371 0.28791367 0.28760327 0.28760327 0.28760317 0.28758157 0.28753301 0.28751141 0.28746285 0.28744125 0.28739269 0.28737109 0.28732253 0.28730093 0.28725237 0.28713957 0.28713952 0.2871395  0.2870243  0.28702426 0.28690906 0.28690902 0.28679382 0.28679379 0.28632339 0.28632334 0.28632333 0.28630893 0.28630888 0.28629448 0.28629443 0.28621923 0.28621918 0.28621917 0.28610397 0.28610393 0.28598873 0.28598869 0.28573269 0.28573264 0.28573262 0.28561742 0.28561739 0.28550219 0.28550215 0.28538695 0.28538691 0.285      0.28499011 0.28499006 0.28499005 0.28497565 0.2849756  0.2849612  0.28496115 0.28485715 0.2848571  0.28485707 0.28484267 0.28484262 0.28482822 0.28482817 0.28481377 0.28481372 0.28470972 0.28470967 0.28470966 0.28469526 0.28469521 0.28468081 0.28468077 0.28460557 0.28460552 0.2846055  0.2845911  0.28459105 0.28457665 0.2845766  0.2845622  0.28456216 0.28445816 0.28445811 0.2844581  0.2844437  0.28444365 0.28442925 0.2844292  0.2843252  0.28432515 0.28432514 0.28431074 0.2843107  0.2842963  0.28429625 0.28419225 0.28419219 0.28419216 0.28407696 0.28407692 0.28370892 0.28370892 0.28370882 0.28368722 0.28363866 0.28361706 0.2835685  0.2835469  0.28349834 0.28347674 0.28342818 0.28340658 0.28335802 0.28324522 0.28324517 0.28324516 0.28323076 0.28323071 0.28321631 0.28321626 0.28314106 0.28314101 0.28314099 0.28312659 0.28312654 0.28311214 0.28311209 0.28303689 0.28303684 0.2830368  0.28303676 0.28292156 0.28292153 0.28280633 0.28280629 0.28253109 0.28253104 0.28253081 0.28253077 0.28241557 0.28241553 0.28230033 0.2823003  0.2821851  0.28218506 0.28184266 0.28184261 0.28184259 0.28172739 0.28172735 0.28161215 0.28161211 0.28149691 0.28149687 0.28104887 0.28104882 0.2810488  0.28104876 0.28093356 0.28093352 0.28081832 0.28081828 0.28046308 0.28046303 0.28046298 0.28046294 0.28034774 0.28034771 0.28023251 0.28023247 0.28       0.27995407 0.27995402 0.27995397 0.27993957 0.27993952 0.27992512 0.27992507 0.27984987 0.27984982 0.27984982 0.27973462 0.27973459 0.27961939 0.27961935 0.27950415 0.27950411 0.27921931 0.27921926 0.27921911 0.27921907 0.27910387 0.27910383 0.27898863 0.27898859 0.27874219 0.27874208 0.27874205 0.27872765 0.2787276  0.2787132  0.27871316 0.27869876 0.27869871 0.27868431 0.27868426 0.27858026 0.27858024 0.27858022 0.27856582 0.27856577 0.27855137 0.27855132 0.27853692 0.27853687 0.27852247 0.27852242 0.27850802 0.27850797 0.27840397 0.27840397 0.27840388 0.27838948 0.27838943 0.27837503 0.27837498 0.27836058 0.27836053 0.27834613 0.27834608 0.27833168 0.27833163 0.27822763 0.27822763 0.27822753 0.27820593 0.27815737 0.27813577 0.27808721 0.27806561 0.27801705 0.27799545 0.27794689 0.27792529 0.27787673 0.27776393 0.27776388 0.27776386 0.27774946 0.27774941 0.27773501 0.27773496 0.27765976 0.27765971 0.27765971 0.27764531 0.27764526 0.27763086 0.27763081 0.27755561 0.27755556 0.27755553 0.27744033 0.27744029 0.27732509 0.27732505 0.27720985 0.27720982 0.27680662 0.27680657 0.27680656 0.27679216 0.27679211 0.27677771 0.27677766 0.27676326 0.27676321 0.27665921 0.27665916 0.27665912 0.27664472 0.27664468 0.27663028 0.27663023 0.27655503 0.27655498 0.27655495 0.27643975 0.27643971 0.27632451 0.27632447 0.27595327 0.27595322 0.27595305 0.27595301 0.27583781 0.27583777 0.27572257 0.27572253 0.27560733 0.27560729 0.27516569 0.27516564 0.27516562 0.27505042 0.27505038 0.275      0.27493518 0.27493514 0.27481994 0.2748199  0.2743751  0.27437509 0.27437504 0.27436064 0.27436059 0.27434619 0.27434614 0.27433174 0.27433169 0.27431729 0.27431725 0.27430285 0.2743028  0.2741988  0.27419879 0.27419869 0.27417709 0.27412853 0.27410693 0.27405837 0.27403677 0.27398821 0.27396661 0.27391805 0.27389645 0.27384789 0.27373509 0.27373504 0.27373502 0.27361982 0.27361978 0.27350458 0.27350455 0.27320375 0.2732037  0.27320368 0.27318928 0.27318923 0.27317483 0.27317478 0.27309958 0.27309953 0.27309934 0.27309934 0.27308494 0.27308491 0.27308488 0.27296968 0.27296968 0.27295528 0.27295525 0.27295522 0.27284002 0.27284002 0.27276482 0.27276474 0.27276471 0.27244791 0.27244786 0.27244785 0.27233265 0.27233261 0.27221741 0.27221737 0.27210217 0.27210213 0.27182693 0.27182688 0.27182687 0.27171167 0.27171163 0.27159643 0.27159639 0.27148119 0.27148115 0.27123475 0.2712347  0.27123468 0.27111948 0.27111945 0.27100425 0.27100421 0.27088901 0.27088897 0.27051137 0.27051132 0.27051128 0.27049688 0.27049683 0.27048243 0.27048238 0.27037838 0.27037833 0.27037832 0.27026312 0.27026312 0.27024872 0.27024868 0.27013348 0.27013348 0.27011908 0.27011905 0.27       0.26983105 0.269831   0.26983097 0.26983093 0.26971573 0.2697157  0.2696005  0.26960046 0.26948526 0.26948522 0.26924522 0.26924517 0.26924513 0.26912993 0.2691299  0.2690147  0.26901466 0.26873626 0.26873624 0.26873623 0.26872183 0.26872178 0.26870738 0.26870733 0.26869293 0.26869288 0.26867848 0.26867844 0.26866404 0.26866399 0.26855999 0.26855999 0.26855989 0.26853829 0.26848973 0.26846813 0.26841957 0.26839797 0.26834941 0.26832781 0.26827925 0.26825765 0.26820909 0.26809629 0.26809624 0.26809621 0.26808181 0.2680816  0.26808156 0.26806716 0.26806696 0.26806692 0.26805252 0.26805231 0.26805228 0.26797708 0.2679766  0.26797647 0.26796207 0.26796203 0.26796198 0.26796189 0.26788758 0.26788753 0.26788693 0.26788686 0.26788681 0.26788679 0.26777159 0.26777155 0.26739075 0.2673907  0.26739068 0.26727548 0.26727544 0.26716024 0.2671602  0.267045   0.26704497 0.26665137 0.26665132 0.2666513  0.2665361  0.26653607 0.26642087 0.26642083 0.26594083 0.26594078 0.26594076 0.26592636 0.26592631 0.26591191 0.26591186 0.26583666 0.26583661 0.26583659 0.26582219 0.26582214 0.26580774 0.26580769 0.26579329 0.26579324 0.26568924 0.26568919 0.26568918 0.26567478 0.26567473 0.26566033 0.26566028 0.26555628 0.26555623 0.26555622 0.26544102 0.26544098 0.26532578 0.26532574 0.265      0.26496414 0.26496409 0.26496405 0.26494965 0.2649496  0.2649352  0.26493515 0.26485995 0.26485994 0.26485987 0.26474467 0.26474464 0.26462944 0.2646294  0.2645142  0.26451416 0.26439896 0.26439892 0.26428372 0.26428368 0.26397328 0.26397326 0.26397321 0.26395881 0.26395877 0.26394437 0.26394432 0.26392992 0.26392987 0.26391547 0.26391542 0.26390102 0.26390097 0.26379697 0.26379696 0.26379686 0.26377526 0.2637267  0.2637051  0.26365654 0.26363494 0.26358638 0.26356478 0.26351622 0.26349462 0.26344606 0.26333326 0.26333321 0.26333319 0.26331879 0.26331874 0.26330434 0.2633043  0.2632291  0.26322905 0.26322904 0.26321464 0.2632146  0.2632002  0.26320015 0.26318575 0.2631857  0.2630817  0.26308165 0.26308163 0.26296643 0.2629664  0.2628512  0.26285116 0.26242876 0.26242871 0.26242868 0.26231348 0.26231344 0.26219824 0.2621982  0.261763   0.26176295 0.26176292 0.26174852 0.26174847 0.26173407 0.26173402 0.26165882 0.26165877 0.26165873 0.26164433 0.26164428 0.26162988 0.26162983 0.26152583 0.26152578 0.26152577 0.26141057 0.26141054 0.26129534 0.2612953  0.2609241  0.26092405 0.26092401 0.26080881 0.26080877 0.26069357 0.26069353 0.26037993 0.26037986 0.26037976 0.26035816 0.2603096  0.260288   0.26023944 0.26021784 0.26016928 0.26014768 0.26009912 0.26007752 0.26002896 0.26       0.25991616 0.25991611 0.25991609 0.25990169 0.25990164 0.25988724 0.2598872  0.259812   0.25981195 0.25981194 0.25969674 0.2596967  0.2595815  0.25958146 0.25913346 0.25913341 0.25913337 0.25911897 0.25911892 0.25910452 0.25910447 0.25909007 0.25909002 0.25901482 0.25901477 0.25901476 0.25900036 0.25900031 0.25898591 0.25898586 0.25888186 0.25888181 0.25888178 0.25876658 0.25876654 0.25865134 0.2586513  0.2582865  0.25828645 0.25828645 0.25817125 0.25817121 0.25805601 0.25805597 0.25764957 0.25764952 0.25764948 0.25753428 0.25753428 0.25751988 0.25751985 0.25740465 0.25740464 0.25739024 0.25739021 0.25711821 0.25711816 0.2571181  0.2570029  0.25700286 0.25688766 0.25688762 0.25677242 0.25677239 0.25665719 0.25665715 0.25654195 0.25654191 0.25610351 0.25610346 0.25610342 0.25598822 0.25598818 0.25587298 0.25587295 0.25549855 0.2554985  0.25549849 0.25538329 0.25538326 0.25526806 0.25526802 0.255      0.25480082 0.25480069 0.25480069 0.25468549 0.25468545 0.25457025 0.25457021 0.25445501 0.25445497 0.25404217 0.25404216 0.25404206 0.25402766 0.25402761 0.25401321 0.25401316 0.25399876 0.25399871 0.25398431 0.25398427 0.25396987 0.25396982 0.25389462 0.2538946  0.25389457 0.25388017 0.25388012 0.25386572 0.25386567 0.25385127 0.25385122 0.25383682 0.25383677 0.25382237 0.25382232 0.25374712 0.25374711 0.25374707 0.25363187 0.25363183 0.25351663 0.25351659 0.25340139 0.25340135 0.25328615 0.25328611 0.25317091 0.25317087 0.25285087 0.25285087 0.25285077 0.25282917 0.25278061 0.25275901 0.25271045 0.25268885 0.25264029 0.25261869 0.25257013 0.25254853 0.25249997 0.25238717 0.25238712 0.25238711 0.25227191 0.25227187 0.25215667 0.25215664 0.25204144 0.2520414  0.251715   0.25171495 0.25171493 0.25159973 0.2515997  0.2514845  0.25148446 0.25123486 0.25123481 0.25123478 0.25122038 0.25122033 0.25111633 0.25111628 0.25111626 0.25100106 0.25100102 0.25088582 0.25088578 0.25047618 0.25047613 0.25047612 0.25046172 0.25046167 0.25044727 0.25044722 0.25037202 0.25037197 0.25037197 0.25035757 0.25035752 0.25034312 0.25034307 0.25023907 0.25023902 0.25023899 0.25022459 0.25022454 0.25021014 0.2502101  0.2501061  0.25010604 0.25010602 0.25009162 0.25009157 0.25007717 0.25007712 0.25000192 0.2500019  0.25000181 0.25       0.24998741 0.24998736 0.24997296 0.24997291 0.24995851 0.24995846 0.24994406 0.24994401 0.24992961 0.24992957 0.24982557 0.24982556 0.24982546 0.24980386 0.2497553  0.2497337  0.24968514 0.24966354 0.24961498 0.24959338 0.24954482 0.24952322 0.24947466 0.24936186 0.24936181 0.24936179 0.24934739 0.24934735 0.24933295 0.2493329  0.2493185  0.24931845 0.24921445 0.2492144  0.24921438 0.24919998 0.24919994 0.24918554 0.24918549 0.24908149 0.24908144 0.24908144 0.24908143 0.24906703 0.249067   0.2489518  0.24895179 0.24893739 0.24893736 0.24882216 0.24882215 0.24880775 0.24880772 0.24831172 0.24831167 0.24831167 0.24819647 0.24819643 0.24808123 0.24808119 0.24783479 0.24783474 0.24783471 0.24782031 0.24782027 0.24780587 0.24780582 0.24770182 0.24770177 0.24770176 0.24758656 0.24758652 0.24747132 0.24747128 0.24698168 0.24698163 0.24698161 0.24686641 0.24686637 0.24675117 0.24675113 0.24641513 0.24641508 0.24641505 0.24629985 0.24629981 0.24618461 0.24618457 0.24594457 0.24594452 0.24594451 0.24582931 0.24582927 0.24571407 0.24571403 0.24559883 0.24559879 0.24521799 0.24521788 0.24521784 0.24520344 0.24520339 0.24518899 0.24518895 0.24517455 0.2451745  0.2451601  0.24516005 0.24505605 0.24505604 0.24505597 0.24504157 0.24504152 0.24502712 0.24502707 0.24501267 0.24501263 0.245      0.24499823 0.24499818 0.24498378 0.24498373 0.24490853 0.24490851 0.2449085  0.2447933  0.24479326 0.24467806 0.24467802 0.24456282 0.24456278 0.24444758 0.24444755 0.24433235 0.24433231 0.24407311 0.24407311 0.24407301 0.24405141 0.24400285 0.24398125 0.24393269 0.24391109 0.24386253 0.24384093 0.24379237 0.24377077 0.24372221 0.24360941 0.24360936 0.24360928 0.24359488 0.24359483 0.24359483 0.24358043 0.24358039 0.24346519 0.24346519 0.24345079 0.24345076 0.24333556 0.24333555 0.24332115 0.24332112 0.24294032 0.24294027 0.24294024 0.24292584 0.2429258  0.2429114  0.24291135 0.24289695 0.2428969  0.2427929  0.24279285 0.24279285 0.24277845 0.2427784  0.242764   0.24276395 0.24274955 0.2427495  0.2426455  0.24264545 0.24264544 0.24263104 0.24263099 0.24261659 0.24261654 0.24251254 0.24251249 0.24251249 0.24239729 0.24239725 0.24228205 0.24228201 0.24198441 0.24198436 0.24198434 0.24196994 0.24196989 0.24195549 0.24195544 0.24188024 0.24188019 0.24188017 0.24176497 0.24176493 0.24164973 0.2416497  0.2415345  0.24153446 0.24120166 0.24120161 0.2412016  0.2411872  0.24118715 0.24117275 0.2411727  0.2410687  0.24106866 0.24106866 0.24105426 0.24105421 0.24103981 0.24103976 0.24102536 0.24102531 0.24101091 0.24101086 0.24093566 0.24093566 0.24093556 0.24092556 0.24090396 0.2408554  0.2408338  0.24078524 0.24076364 0.24071508 0.24069348 0.24064492 0.24062332 0.24057476 0.24046196 0.24046191 0.24046189 0.24034669 0.24034665 0.24023145 0.24023141 0.24011621 0.24011617 0.24       0.23984097 0.23984092 0.23984083 0.2398408  0.2397256  0.23972556 0.23961036 0.23961032 0.23933512 0.23933507 0.23933506 0.23921986 0.23921982 0.23910462 0.23910459 0.23898939 0.23898935 0.23858935 0.2385893  0.23858926 0.23857486 0.23857481 0.23856041 0.23856036 0.23848516 0.23848511 0.23848507 0.23847067 0.23847062 0.23836662 0.23836657 0.23836655 0.23825135 0.23825131 0.23813611 0.23813607 0.23802087 0.23802083 0.23758883 0.23758878 0.23758877 0.23747357 0.23747354 0.23735834 0.2373583  0.2368783  0.23687825 0.23687824 0.23676304 0.236763   0.2366478  0.23664776 0.23653256 0.23653252 0.23619972 0.23619967 0.23619964 0.23618524 0.23618519 0.23617079 0.23617074 0.23609554 0.23609549 0.23609547 0.23608107 0.23608102 0.23606662 0.23606657 0.23605217 0.23605212 0.23594812 0.23594804 0.23594796 0.23583276 0.23583273 0.23571753 0.23571749 0.23560229 0.23560225 0.23548705 0.23548701 0.23537181 0.23537177 0.235      0.23493017 0.23493017 0.23493007 0.23490847 0.23485991 0.23483831 0.23478975 0.23476815 0.23471959 0.23469799 0.23464943 0.23462783 0.23457927 0.23446647 0.23446642 0.23446642 0.23435122 0.23435118 0.23423598 0.23423594 0.23412074 0.2341207  0.2337975  0.23379745 0.23379744 0.23378304 0.23378299 0.23376859 0.23376854 0.23369334 0.23369329 0.23369327 0.23357807 0.23357803 0.23346283 0.2334628  0.2329892  0.23298915 0.23298912 0.23287392 0.23287388 0.23275868 0.23275864 0.23264344 0.2326434  0.2322242  0.23222415 0.23222414 0.23210894 0.2321089  0.2319937  0.23199367 0.23164167 0.23164162 0.23164155 0.23164151 0.23152631 0.23152627 0.23141107 0.23141104 0.23139664 0.23139663 0.23100623 0.23100618 0.23100608 0.23100603 0.23100602 0.23090202 0.23090197 0.23090196 0.23078676 0.23078672 0.23067152 0.23067149 0.23021709 0.23021704 0.23021703 0.23020263 0.23020258 0.23018818 0.23018813 0.23008413 0.23008409 0.23008407 0.23006967 0.23006962 0.23005522 0.23005517 0.23004077 0.23004072 0.23       0.22996552 0.2299655  0.22996547 0.22995107 0.22995102 0.22993662 0.22993657 0.22992217 0.22992212 0.22990772 0.22990767 0.22989327 0.22989322 0.22978922 0.22978922 0.22978912 0.22976593 0.22974433 0.22969577 0.22967417 0.22962561 0.22960401 0.22955545 0.22953385 0.22948529 0.22946369 0.22941513 0.22930233 0.22930228 0.22930223 0.22928783 0.22928778 0.22927338 0.22927333 0.22919813 0.22919808 0.22919806 0.22908286 0.22908282 0.22896762 0.22896759 0.22852919 0.22852914 0.22852911 0.22841391 0.22841387 0.22829867 0.22829863 0.22818343 0.22818339 0.22774499 0.22774494 0.22774494 0.22762974 0.2276297  0.2275145  0.22751446 0.22739926 0.22739922 0.22691282 0.22691277 0.22691277 0.22679757 0.22679753 0.22668233 0.22668229 0.22637509 0.22637504 0.22637502 0.22636062 0.22636059 0.22636055 0.22634615 0.22634612 0.22634608 0.22624208 0.22624203 0.22624202 0.22612682 0.22612678 0.22601158 0.22601154 0.22552194 0.22552189 0.22552186 0.22540666 0.22540662 0.22529142 0.22529138 0.22517618 0.22517614 0.225      0.22485294 0.22485289 0.22485271 0.22485267 0.22473747 0.22473743 0.22462223 0.22462219 0.22450699 0.22450695 0.22413575 0.22413575 0.22413565 0.22411405 0.22406549 0.22404389 0.22399533 0.22397373 0.22392517 0.22390357 0.22385501 0.22383341 0.22378485 0.22367205 0.223672   0.22367199 0.22365759 0.22365755 0.22364315 0.2236431  0.2235679  0.22356785 0.22356784 0.22355344 0.22355339 0.22353899 0.22353894 0.22343494 0.22343489 0.22343487 0.22342047 0.22342042 0.22340602 0.22340597 0.22330197 0.22330192 0.22330191 0.22328751 0.22328746 0.22327306 0.22327301 0.22319781 0.22319776 0.22319775 0.22318335 0.22318331 0.22316891 0.22316886 0.22306486 0.22306481 0.22306481 0.22305041 0.22305036 0.22303596 0.22303591 0.22302151 0.22302146 0.22291746 0.22291741 0.22291738 0.22280218 0.22280214 0.22268694 0.2226869  0.2223029  0.22230285 0.22230283 0.22218763 0.22218759 0.22207239 0.22207236 0.22177796 0.22177791 0.22177786 0.22176346 0.22176341 0.22174901 0.22174896 0.22167376 0.22167371 0.22167369 0.22165929 0.22165924 0.22164484 0.22164479 0.22154079 0.22154074 0.22154074 0.22142554 0.2214255  0.2213103  0.22131027 0.22119507 0.22119503 0.22092623 0.22092618 0.22092616 0.22091176 0.22091171 0.22089731 0.22089726 0.22079326 0.22079325 0.22079319 0.22077879 0.22077874 0.22076434 0.2207643  0.2207499  0.22074985 0.22073545 0.2207354  0.220721   0.22072095 0.22064575 0.22064574 0.22064565 0.22053045 0.22053041 0.22041521 0.22041517 0.22029997 0.22029993 0.22018473 0.2201847  0.2200695  0.22006946 0.22       0.21976866 0.21976864 0.21976858 0.21975418 0.21975413 0.21973973 0.21973968 0.21972528 0.21972524 0.21971084 0.21971079 0.21969639 0.21969634 0.21959234 0.21959232 0.2195923  0.2195779  0.21957785 0.21956345 0.2195634  0.219549   0.21954895 0.21953455 0.21953451 0.21952011 0.21952006 0.21941606 0.21941604 0.21941603 0.21930083 0.21930079 0.21918559 0.21918555 0.21907035 0.21907031 0.21895511 0.21895508 0.21883988 0.21883984 0.21837264 0.21837263 0.21837253 0.21835093 0.21830237 0.21828077 0.21823221 0.21821061 0.21816205 0.21814045 0.21809189 0.21807029 0.21802173 0.21790893 0.21790888 0.21790887 0.21789447 0.21789442 0.21788002 0.21787997 0.21777597 0.21777592 0.21777591 0.21766071 0.21766067 0.21754547 0.21754543 0.21743023 0.21743019 0.21709419 0.21709414 0.21709414 0.21697894 0.2169789  0.2168637  0.21686366 0.21650526 0.21650521 0.2165052  0.2164908  0.21649075 0.21647635 0.2164763  0.2163723  0.21637225 0.21637224 0.21625704 0.216257   0.2161418  0.21614176 0.21602656 0.21602653 0.21553053 0.21553048 0.21553048 0.21541528 0.21541524 0.21530004 0.2153     0.215      0.2149608  0.21496077 0.21496076 0.21484556 0.21484553 0.21483113 0.21483112 0.21471592 0.21471589 0.21470149 0.21470149 0.21458629 0.21458626 0.21457186 0.21457185 0.21445665 0.21445662 0.21444222 0.21444221 0.21432701 0.21432698 0.21431258 0.21431258 0.21383258 0.21383256 0.21383252 0.21371732 0.21371728 0.21360208 0.21360204 0.21348684 0.2134868  0.2133716  0.21337157 0.21325637 0.21325633 0.21296193 0.21296191 0.21296182 0.21294057 0.21291897 0.21287041 0.21284881 0.21280025 0.21277865 0.21273009 0.21270849 0.21265993 0.21263833 0.21258977 0.21247697 0.21247692 0.21247691 0.21236171 0.21236167 0.21224647 0.21224643 0.21213123 0.21213119 0.21201599 0.21201595 0.21174395 0.2117439  0.21174388 0.21162868 0.21162864 0.21151344 0.2115134  0.2112542  0.21125415 0.21125414 0.21123974 0.21123969 0.21122529 0.21122524 0.21115004 0.21114999 0.21114999 0.21113559 0.21113554 0.21112114 0.2111211  0.2111067  0.21110665 0.21100265 0.2110026  0.21100257 0.21088737 0.21088733 0.21077213 0.21077209 0.21031769 0.21031764 0.21031764 0.21020244 0.2102024  0.2100872  0.21008717 0.21       0.20997197 0.20997193 0.20961673 0.20961668 0.20961664 0.20960224 0.2096022  0.2095878  0.20958775 0.20951255 0.2095125  0.20951248 0.20949808 0.20949803 0.20948363 0.20948358 0.20937958 0.20937953 0.20937953 0.20926433 0.20926429 0.20914909 0.20914906 0.20903386 0.20903382 0.20865302 0.20865294 0.20865292 0.20829132 0.20829132 0.20829122 0.20826962 0.20822106 0.20819946 0.2081509  0.2081293  0.20808074 0.20805914 0.20801058 0.20798898 0.20794042 0.20782762 0.20782757 0.20782754 0.20771234 0.2077123  0.2075971  0.20759706 0.20711386 0.20711381 0.2071138  0.2069986  0.20699856 0.20688336 0.20688333 0.20652493 0.20652488 0.20652483 0.20651043 0.20651039 0.20640639 0.20640634 0.20640632 0.20639192 0.20639187 0.20637747 0.20637742 0.20630222 0.20630217 0.20630217 0.20618697 0.20618693 0.20607173 0.20607169 0.20571649 0.20571644 0.20571641 0.20560121 0.20560117 0.20548597 0.20548593 0.20509553 0.20509548 0.20509534 0.2050953  0.205      0.2049801  0.20498006 0.20486486 0.20486482 0.20462482 0.20462477 0.20462475 0.20461035 0.2046103  0.2045063  0.20450625 0.20450624 0.20439104 0.204391   0.2042758  0.20427576 0.20416056 0.20416052 0.20377972 0.20377967 0.20377964 0.20376524 0.20376519 0.20375079 0.20375074 0.20367554 0.20367549 0.20367541 0.20367537 0.20366097 0.20366074 0.2036607  0.2036463  0.20364608 0.20364604 0.20354204 0.20354164 0.20354154 0.20352714 0.20352709 0.20351269 0.20351264 0.20349824 0.20349822 0.20349822 0.20349821 0.20349816 0.20348376 0.20348371 0.20340851 0.20340851 0.20340841 0.20338681 0.20333825 0.20331665 0.20326809 0.20324649 0.20319793 0.20317633 0.20312777 0.20310617 0.20305761 0.20294481 0.20294476 0.20294474 0.20282954 0.2028295  0.2027143  0.20271426 0.20232386 0.20232381 0.2023238  0.2022086  0.20220856 0.20209336 0.20209332 0.20173172 0.20173167 0.20173165 0.20171725 0.2017172  0.2017028  0.20170275 0.20168835 0.20168831 0.20161311 0.20161306 0.20161303 0.20149783 0.20149779 0.20138259 0.20138255 0.20097295 0.2009729  0.2009729  0.2008577  0.20085766 0.20074246 0.20074242 0.20062722 0.20062718 0.20032958 0.20032953 0.20032953 0.20021433 0.20021429 0.20009909 0.20009905 0.2        0.19977905 0.199779   0.19977898 0.19976458 0.19976453 0.19975013 0.19975008 0.19967488 0.19967483 0.19967482 0.19955962 0.19955959 0.19944439 0.19944435 0.19900595 0.1990059  0.19900589 0.19900585 0.19889065 0.19889061 0.19877541 0.19877538 0.19866018 0.19866014 0.19827614 0.19827609 0.19827606 0.19816086 0.19816082 0.19804562 0.19804558 0.19793038 0.19793034 0.19762314 0.1976231  0.19762308 0.19760868 0.19760863 0.19759423 0.19759418 0.19757978 0.19757973 0.19750453 0.19750453 0.19750445 0.19749005 0.19749    0.1974756  0.19747555 0.19746115 0.19746111 0.19744671 0.19744666 0.19743226 0.19743221 0.19732821 0.19732819 0.19732813 0.19721293 0.19721289 0.19709769 0.19709765 0.19698245 0.19698241 0.19686721 0.19686717 0.19675197 0.19675195 0.19673755 0.19673753 0.19645913 0.19645913 0.19645909 0.19644469 0.19644464 0.19643024 0.19643019 0.19641579 0.19641574 0.19634054 0.19634052 0.19634051 0.19622531 0.19622527 0.19611007 0.19611003 0.19599483 0.19599479 0.19587959 0.19587955 0.19576435 0.19576431 0.19529071 0.1952907  0.19529066 0.19527626 0.19527621 0.19526181 0.19526176 0.19524736 0.19524731 0.19523291 0.19523286 0.19521846 0.19521841 0.19511441 0.1951144  0.1951143  0.1950927  0.19504414 0.19502254 0.195      0.19497398 0.19495238 0.19490382 0.19488222 0.19483366 0.19481206 0.1947635  0.1946507  0.19465065 0.19465065 0.19463625 0.1946362  0.1946218  0.19462175 0.19460735 0.1946073  0.1945033  0.19450325 0.19450321 0.19448881 0.19448876 0.19447436 0.19447431 0.19437031 0.19437026 0.19437022 0.19435582 0.19435577 0.19428057 0.19428052 0.1942805  0.1941653  0.19416527 0.19405007 0.19405003 0.19368843 0.19368838 0.19368835 0.19357315 0.19357311 0.19345791 0.19345787 0.19309947 0.19309942 0.1930994  0.1929842  0.19298416 0.19286896 0.19286892 0.19261932 0.1926193  0.19261928 0.19260488 0.19260483 0.19259043 0.19259038 0.19257598 0.19257593 0.19256153 0.19256149 0.19254709 0.19254704 0.19244304 0.19244303 0.19244297 0.19232777 0.19232773 0.19221253 0.19221249 0.19209729 0.19209726 0.19198206 0.19198202 0.19186682 0.19186678 0.19138678 0.19138678 0.19138669 0.19137229 0.19137224 0.19135784 0.19135779 0.19134339 0.19134334 0.19132894 0.1913289  0.1913145  0.19131445 0.19121045 0.19121044 0.19121035 0.19119595 0.1911959  0.1911815  0.19118145 0.19116705 0.19116701 0.19115261 0.19115256 0.19113816 0.19113811 0.19106291 0.19106289 0.19106282 0.19094762 0.19094758 0.19083238 0.19083234 0.19071714 0.1907171  0.1906019  0.19060186 0.19048666 0.19048663 0.19       0.18999703 0.18999701 0.18999696 0.18998256 0.18998251 0.18996811 0.18996806 0.18995366 0.18995361 0.18993921 0.18993917 0.18992477 0.18992472 0.18984952 0.1898495  0.18984947 0.18973427 0.18973423 0.18961903 0.189619   0.1895038  0.18950376 0.18938856 0.18938852 0.18927332 0.18927328 0.18895008 0.18895007 0.18894999 0.18883479 0.18883475 0.18871955 0.18871951 0.18860431 0.18860427 0.18848907 0.18848903 0.18837383 0.1883738  0.1878778  0.18787778 0.18787772 0.18786332 0.18786327 0.18784887 0.18784882 0.18783442 0.18783438 0.18781998 0.18781993 0.18780553 0.18780548 0.18773028 0.18773027 0.18773019 0.18761499 0.18761496 0.18749976 0.18749972 0.18738452 0.18738448 0.18726928 0.18726924 0.18715404 0.187154   0.186722   0.18672199 0.18672189 0.18670029 0.18665173 0.18663013 0.18658157 0.18655997 0.18651141 0.18648981 0.18644125 0.18641965 0.18637109 0.18625829 0.18625824 0.18625822 0.18614302 0.18614298 0.18602778 0.18602774 0.18561814 0.18561807 0.18561795 0.18561791 0.18550271 0.18550267 0.18518907 0.18518907 0.18518897 0.18516737 0.18511881 0.18509721 0.18504865 0.18502705 0.185      0.18497849 0.18495689 0.18490833 0.18488673 0.18483817 0.18472537 0.18472532 0.18472532 0.18471092 0.18471087 0.18469647 0.18469643 0.18462123 0.18462118 0.18462116 0.18460676 0.18460672 0.18459232 0.18459227 0.18448827 0.18448822 0.1844882  0.184373   0.18437296 0.18425776 0.18425772 0.18394732 0.18394727 0.18394725 0.18383205 0.18383201 0.18371681 0.18371677 0.18360157 0.18360154 0.18312794 0.18312789 0.18312786 0.18301266 0.18301263 0.18289743 0.18289739 0.18278219 0.18278215 0.18250055 0.1825005  0.18250046 0.18238526 0.18238523 0.18227003 0.18226999 0.18200119 0.18200114 0.18200112 0.18198672 0.18198668 0.18197228 0.18197223 0.18189703 0.18189698 0.18189696 0.18188256 0.18188251 0.18186811 0.18186806 0.18179286 0.18179281 0.18179279 0.18167759 0.18167756 0.18156236 0.18156232 0.18108232 0.18108227 0.18108226 0.18096706 0.18096703 0.18085183 0.18085179 0.18053499 0.18053494 0.18053493 0.18041973 0.18041969 0.18030449 0.18030445 0.18       0.17989165 0.17989165 0.17989155 0.17986995 0.17982139 0.17979979 0.17975123 0.17972963 0.17968107 0.17965947 0.17961091 0.17958931 0.17954075 0.17942795 0.1794279  0.17942789 0.17931269 0.17931266 0.17919746 0.17919742 0.17892222 0.17892217 0.17892213 0.17880693 0.17880689 0.17869169 0.17869165 0.17839085 0.1783908  0.17839077 0.17827557 0.17827554 0.17816034 0.1781603  0.1778083  0.17780825 0.17780823 0.17769303 0.17769299 0.17757779 0.17757775 0.17729615 0.1772961  0.1772961  0.1771809  0.17718086 0.17706566 0.17706562 0.17660162 0.17660157 0.17660139 0.17660135 0.17648615 0.17648612 0.17637092 0.17637088 0.17599328 0.17599323 0.17599321 0.17597881 0.17597858 0.17597855 0.17596415 0.17596392 0.17596388 0.17585988 0.17585933 0.17585922 0.17584482 0.17584477 0.17583037 0.17583033 0.17581593 0.17581592 0.17581587 0.17581579 0.17580139 0.17580134 0.17578694 0.17578689 0.17577249 0.17577244 0.17575804 0.17575799 0.17574359 0.17574354 0.17563954 0.17563949 0.17563949 0.17562509 0.17562505 0.17561065 0.1756106  0.1755066  0.17550655 0.1755065  0.1754921  0.17549206 0.17547766 0.17547761 0.17537361 0.17537352 0.17537343 0.17535903 0.17535899 0.17534459 0.17534454 0.17533014 0.17533009 0.17531569 0.17531564 0.17530124 0.17530119 0.17519719 0.17519718 0.17519714 0.17518274 0.17518269 0.17516829 0.17516824 0.17515384 0.17515379 0.17513939 0.17513934 0.17512494 0.17512489 0.17502089 0.17502088 0.17502085 0.17500645 0.1750064  0.175      0.174992   0.17499195 0.17497755 0.1749775  0.1749631  0.17496305 0.17494865 0.1749486  0.1748446  0.17484459 0.17484453 0.17483013 0.1748301  0.17483006 0.17481566 0.17481563 0.17481558 0.17480118 0.17480116 0.17480111 0.17478671 0.17478668 0.17478663 0.17477223 0.17477221 0.17477216 0.17466816 0.17466816 0.17466806 0.17464646 0.1745979  0.1745763  0.17452774 0.17450614 0.17445758 0.17443598 0.17438742 0.17436582 0.17431726 0.17420446 0.17420441 0.17420436 0.17418996 0.17418991 0.17417551 0.17417546 0.17407146 0.17407141 0.1740714  0.174057   0.17405695 0.17404255 0.17404251 0.17396731 0.17396726 0.17396724 0.17385204 0.173852   0.1737368  0.17373676 0.17349676 0.17349671 0.1734967  0.1734823  0.17348225 0.17346785 0.1734678  0.1733638  0.17336375 0.17336353 0.17336349 0.17324829 0.17324825 0.17313305 0.17313301 0.17288341 0.17288336 0.17288335 0.17288331 0.17286891 0.17286871 0.17286867 0.17285427 0.17285407 0.17285403 0.17277883 0.17277832 0.17277821 0.17276381 0.17276376 0.17274936 0.17274931 0.17273491 0.17273491 0.17273486 0.17273484 0.17272044 0.17272039 0.17270599 0.17270594 0.17269154 0.17269149 0.17267709 0.17267704 0.17266264 0.17266259 0.17255859 0.17255858 0.17255856 0.17254416 0.17254411 0.17252971 0.17252966 0.17251526 0.17251521 0.17250081 0.17250076 0.17248636 0.17248632 0.17238232 0.1723823  0.17238227 0.17226707 0.17226703 0.17215183 0.17215179 0.17203659 0.17203656 0.17192136 0.17192132 0.17180612 0.17180608 0.17145728 0.17145726 0.17145722 0.17134202 0.17134198 0.17122678 0.17122674 0.17111154 0.1711115  0.1709963  0.17099627 0.17088107 0.17088103 0.17044263 0.17044262 0.17044252 0.17042092 0.17037236 0.17035076 0.1703022  0.1702806  0.17023204 0.17021044 0.17016188 0.17014028 0.17009172 0.17       0.16997892 0.16997887 0.16997885 0.16986365 0.16986361 0.16974841 0.16974837 0.16925237 0.16925232 0.1692523  0.1691371  0.16913706 0.16902186 0.16902182 0.16866342 0.16866337 0.16866335 0.16864895 0.1686489  0.1686345  0.16863445 0.16862005 0.16862    0.1685448  0.16854475 0.16854473 0.16842953 0.16842949 0.16831429 0.16831425 0.16800385 0.1680038  0.1680038  0.1678886  0.16788859 0.16787419 0.16787416 0.16775896 0.16775895 0.16774455 0.16774453 0.16762933 0.16762931 0.16761491 0.16761489 0.16717649 0.16717644 0.16717641 0.16706121 0.16706117 0.16694597 0.16694593 0.16683073 0.16683069 0.16671549 0.16671545 0.16625465 0.1662546  0.16625454 0.16625451 0.16613931 0.16613927 0.16602407 0.16602403 0.16569763 0.16569755 0.16569702 0.16569695 0.16567535 0.16562679 0.16560519 0.16555663 0.16553503 0.16548647 0.16546487 0.16541631 0.16539471 0.16534615 0.16523335 0.1652333  0.16523328 0.16521888 0.16521883 0.16520443 0.16520438 0.16512918 0.16512913 0.16512912 0.16501392 0.16501388 0.165      0.16489868 0.16489864 0.16443464 0.16443459 0.16443457 0.16431937 0.16431933 0.16420413 0.16420409 0.16383609 0.16383604 0.163836   0.1638216  0.16382155 0.16380715 0.16380711 0.16373191 0.16373186 0.16373185 0.16361665 0.16361661 0.16350141 0.16350137 0.16321977 0.16321972 0.16321962 0.16321957 0.16321939 0.16321935 0.16272335 0.1627233  0.16272329 0.16260809 0.16260805 0.16249285 0.16249281 0.16222721 0.16222716 0.16222709 0.16222705 0.16211185 0.16211185 0.16209745 0.16209741 0.16198221 0.16198221 0.16196781 0.16196778 0.16185258 0.16185257 0.16183817 0.16183814 0.16147974 0.16147969 0.16147965 0.16146525 0.1614652  0.1614508  0.16145075 0.16143635 0.16143631 0.16133231 0.16133226 0.16133222 0.16131782 0.16131778 0.16130338 0.16130333 0.16119933 0.16119928 0.16119924 0.16108404 0.161084   0.1609688  0.16096877 0.16061677 0.16061676 0.16061666 0.16059506 0.1605465  0.1605249  0.16047634 0.16045474 0.16040618 0.16038458 0.16033602 0.16031442 0.16026586 0.16015306 0.16015301 0.160153   0.1601386  0.16013855 0.16012415 0.16012411 0.16010971 0.16010966 0.16000566 0.16000561 0.1600056  0.16       0.1599912  0.15999116 0.15997676 0.15997671 0.15990151 0.15990146 0.15990142 0.15988702 0.15988697 0.15987257 0.15987252 0.15979732 0.15979727 0.15979723 0.15978283 0.15978278 0.15976838 0.15976833 0.15966433 0.15966428 0.15966425 0.15954905 0.15954901 0.15943381 0.15943377 0.15931857 0.15931853 0.15889613 0.15889608 0.15889608 0.15878088 0.15878084 0.15866564 0.1586656  0.15824    0.15823995 0.15823995 0.15812475 0.15812471 0.15800951 0.15800947 0.15769587 0.15769582 0.1576958  0.1576814  0.15768135 0.15766695 0.1576669  0.1575917  0.15759165 0.15759163 0.15757723 0.15757718 0.15756278 0.15756273 0.15745873 0.15745868 0.15745866 0.15734346 0.15734346 0.15734342 0.15722822 0.15722822 0.15722818 0.15675778 0.15675767 0.15675765 0.15674325 0.1567432  0.1567288  0.15672875 0.15671435 0.1567143  0.1566999  0.15669986 0.15659586 0.15659585 0.15659575 0.15657415 0.15652559 0.15650399 0.15645543 0.15643383 0.15638527 0.15636367 0.15631511 0.15629351 0.15624495 0.15613215 0.1561321  0.1561321  0.1561177  0.15611765 0.15610325 0.1561032  0.156028   0.15602795 0.15602794 0.15601354 0.1560135  0.1559991  0.15599905 0.15598465 0.1559846  0.1558806  0.15588055 0.15588053 0.15576533 0.15576529 0.15565009 0.15565005 0.15535245 0.1553524  0.15535239 0.15533799 0.15533794 0.15532354 0.15532349 0.15521949 0.15521944 0.15521944 0.15520504 0.15520502 0.15508982 0.15508981 0.15508979 0.15507539 0.15507537 0.155      0.15496017 0.15496016 0.15496015 0.15494575 0.15494572 0.15449772 0.15449767 0.15449766 0.15438246 0.15438242 0.15426722 0.15426719 0.15396319 0.15396314 0.15396312 0.15384792 0.15384789 0.15373269 0.15373265 0.15329425 0.1532942  0.15329418 0.15317898 0.15317895 0.15306375 0.15306371 0.15294851 0.15294847 0.15245887 0.15245882 0.15245878 0.15244438 0.15244433 0.15242993 0.15242988 0.15235468 0.15235463 0.15235461 0.15234021 0.15234016 0.15232576 0.15232572 0.15222172 0.15222166 0.15222164 0.15210644 0.15210641 0.15199121 0.15199117 0.15173837 0.15173835 0.15173832 0.15172392 0.15172388 0.15170948 0.15170943 0.15169503 0.15169498 0.15168058 0.15168053 0.15166613 0.15166608 0.15156208 0.15156207 0.15156202 0.15144682 0.15144678 0.15133158 0.15133157 0.15131717 0.15131714 0.15120194 0.15120194 0.15118754 0.15118751 0.15107231 0.1510723  0.1510579  0.15105787 0.15094267 0.15094266 0.15092826 0.15092823 0.15055703 0.15055702 0.15055694 0.15054254 0.15054249 0.15052809 0.15052804 0.15051364 0.15051359 0.15049919 0.15049914 0.15048474 0.1504847  0.1504095  0.15040949 0.15040939 0.15038779 0.15033923 0.15031763 0.15026907 0.15024747 0.15019891 0.15017731 0.15012875 0.15010715 0.15005859 0.15       0.14994579 0.14994574 0.14994572 0.14993132 0.14993127 0.14991687 0.14991682 0.14981282 0.14981277 0.1498127  0.14981266 0.14969746 0.14969742 0.14958222 0.14958219 0.14921739 0.14921734 0.14921732 0.14910212 0.14910208 0.14898688 0.14898684 0.14887164 0.1488716  0.14859    0.14858995 0.14858995 0.14857555 0.1485755  0.1485611  0.14856105 0.14848585 0.1484858  0.14848577 0.14847137 0.14847132 0.14845692 0.14845688 0.14835288 0.14835283 0.14835269 0.14835265 0.14823745 0.14823741 0.14812221 0.14812218 0.14763258 0.14763253 0.14763251 0.14751731 0.14751727 0.14740207 0.14740203 0.14728683 0.14728679 0.14704679 0.14704674 0.1470467  0.1470323  0.14703225 0.14692825 0.14692825 0.14692816 0.14681614 0.14679454 0.14674598 0.14672438 0.14667582 0.14665422 0.14660566 0.14658406 0.1465355  0.1465139  0.14646534 0.14635254 0.14635249 0.14635247 0.14623727 0.14623724 0.14612204 0.146122   0.1460068  0.14600676 0.14569636 0.14569631 0.14569626 0.14568186 0.14568181 0.14557781 0.14557776 0.14557775 0.14556335 0.1455633  0.1455489  0.14554885 0.14547365 0.1454736  0.14547359 0.14535839 0.14535835 0.14524315 0.14524311 0.14512791 0.14512787 0.145      0.14479827 0.14479822 0.14479819 0.14478379 0.14478374 0.14476934 0.14476929 0.14466529 0.14466524 0.14466524 0.14465084 0.14465079 0.14463639 0.14463634 0.14453234 0.14453229 0.14453226 0.14451786 0.14451782 0.14450342 0.14450337 0.14439937 0.14439932 0.14439931 0.14439927 0.14438487 0.14438467 0.14438463 0.14437023 0.14437003 0.14436998 0.14436996 0.14435556 0.14435551 0.14434111 0.14434107 0.14432667 0.14432662 0.14425142 0.14425137 0.14425133 0.14423693 0.14423688 0.14422248 0.14422243 0.14411843 0.14411838 0.14411834 0.14410394 0.1441039  0.1440895  0.14408945 0.14398545 0.14398543 0.14398538 0.14397098 0.14397093 0.14395653 0.14395648 0.14394208 0.14394204 0.14392764 0.14392759 0.14391319 0.14391314 0.14380914 0.14380912 0.14380908 0.14379468 0.14379463 0.14378023 0.14378018 0.14376578 0.14376573 0.14375133 0.14375128 0.14373688 0.14373683 0.14363283 0.14363282 0.14363276 0.14361836 0.14361831 0.14360391 0.14360386 0.14358946 0.14358942 0.14357502 0.14357497 0.14356057 0.14356052 0.14345652 0.14345651 0.14345644 0.14344204 0.14344199 0.14342759 0.14342754 0.14341314 0.1434131  0.1433987  0.14339865 0.14338425 0.1433842  0.1432802  0.14328018 0.14328013 0.14326573 0.14326568 0.14325128 0.14325123 0.14323683 0.14323678 0.14322238 0.14322233 0.14320793 0.14320789 0.14310389 0.14310387 0.14310381 0.14298861 0.14298857 0.14287337 0.14287333 0.14275813 0.14275809 0.14264289 0.14264285 0.14252765 0.14252762 0.14217562 0.14217561 0.14217551 0.14215391 0.14210535 0.14208375 0.14203519 0.14201359 0.14196503 0.14194343 0.14189487 0.14187327 0.14182471 0.14171191 0.14171186 0.14171185 0.14169745 0.14169741 0.14168301 0.14168296 0.14160776 0.14160771 0.1416077  0.1415933  0.14159326 0.14157886 0.14157881 0.14156441 0.14156436 0.14148916 0.14148911 0.14148911 0.14147471 0.14147466 0.14146026 0.14146021 0.14135621 0.14135616 0.14135614 0.14134174 0.14134174 0.14122654 0.1412265  0.1412121  0.1412121  0.1410969  0.14109686 0.14108246 0.14108246 0.14066326 0.14066321 0.14066319 0.14064879 0.14064874 0.14063434 0.1406343  0.1405303  0.14053025 0.14053024 0.14041504 0.140415   0.1402998  0.14029976 0.14       0.13989016 0.13989015 0.13989006 0.13981153 0.13978993 0.13974137 0.13971977 0.13967121 0.13964961 0.13960105 0.13957945 0.13953089 0.13950929 0.13946073 0.13934793 0.13934788 0.13934786 0.13923266 0.13923262 0.13911742 0.13911738 0.13900218 0.13900214 0.13863734 0.13863729 0.13863729 0.13852209 0.13852205 0.13840685 0.13840681 0.13829161 0.13829158 0.13790118 0.13790113 0.13790112 0.13788672 0.13788667 0.13787227 0.13787223 0.13779703 0.13779698 0.13779695 0.13778255 0.1377825  0.1377681  0.13776805 0.13769285 0.1376928  0.1376928  0.1375776  0.13757756 0.13746236 0.13746233 0.13734713 0.13734709 0.13704309 0.13704304 0.13704301 0.13692781 0.13692777 0.13681257 0.13681254 0.13639974 0.13639969 0.13639968 0.13628448 0.13628444 0.13616924 0.1361692  0.1357756  0.13577555 0.13577554 0.13566034 0.1356603  0.1355451  0.13554506 0.13528266 0.13528261 0.13528258 0.13526818 0.13526813 0.13525373 0.13525368 0.13517848 0.13517843 0.13517841 0.13516401 0.13516396 0.13514956 0.13514951 0.13504551 0.13504546 0.13504544 0.13503104 0.135031   0.1350166  0.13501655 0.135      0.13491255 0.13491242 0.13491241 0.13479721 0.13479717 0.13468197 0.13468194 0.13430434 0.13430432 0.13430427 0.13428987 0.13428983 0.13427543 0.13427538 0.13426098 0.13426093 0.13424653 0.13424648 0.13423208 0.13423203 0.13415683 0.13415682 0.13415673 0.134067   0.1340454  0.13399684 0.13397524 0.13392668 0.13390508 0.13385652 0.13383492 0.13378636 0.13376476 0.1337162  0.1336034  0.13360335 0.13360331 0.13358891 0.13358886 0.13357446 0.13357441 0.13356001 0.13355996 0.13345596 0.13345591 0.13345589 0.13344149 0.13344144 0.13342704 0.13342699 0.13332299 0.13332294 0.1333229  0.1333085  0.13330845 0.13329405 0.133294   0.13319    0.13318995 0.13318992 0.13317552 0.13317547 0.13316107 0.13316103 0.13305703 0.13305698 0.13305694 0.13304254 0.13304249 0.13302809 0.13302805 0.13295285 0.1329528  0.13295279 0.13283759 0.13283755 0.13272235 0.13272231 0.13242471 0.13242466 0.13242448 0.13242444 0.13230924 0.1323092  0.132194   0.13219396 0.13207876 0.13207873 0.13160833 0.13160828 0.13160818 0.13160813 0.13160809 0.13159369 0.13159364 0.13157924 0.13157919 0.13147519 0.13147519 0.13147509 0.13145349 0.13140493 0.13138333 0.13133477 0.13131317 0.13126461 0.13124301 0.13119445 0.13117285 0.13112429 0.13101149 0.13101144 0.13101141 0.13089621 0.13089617 0.13078097 0.13078094 0.13049934 0.13049929 0.13049928 0.13048488 0.13048483 0.13047043 0.13047038 0.13036638 0.13036633 0.13036632 0.13035192 0.13035187 0.13033747 0.13033742 0.13026222 0.13026217 0.13026215 0.13014695 0.13014691 0.13003171 0.13003167 0.13       0.12963807 0.12963802 0.12963786 0.12963782 0.12952262 0.12952258 0.12940738 0.12940734 0.12905214 0.12905209 0.12905208 0.12893688 0.12893684 0.12882164 0.1288216  0.1287064  0.12870636 0.12835436 0.12835431 0.12835427 0.12823907 0.12823904 0.12812384 0.1281238  0.1278582  0.12785815 0.12785814 0.12774294 0.1277429  0.1276277  0.12762766 0.12751246 0.12751243 0.12725323 0.12725318 0.12725315 0.12723875 0.1272387  0.1272243  0.12722425 0.12714905 0.127149   0.12714897 0.12703377 0.12703373 0.12691853 0.12691849 0.12665609 0.12665604 0.12665601 0.12654081 0.12654078 0.12642558 0.12642554 0.12631034 0.1263103  0.1260159  0.12601589 0.12601579 0.12601146 0.12598986 0.1259413  0.1259197  0.12587114 0.12584954 0.12580098 0.12577938 0.12573082 0.12570922 0.12566066 0.12554786 0.12554781 0.12554777 0.12553337 0.12553332 0.12551892 0.12551888 0.12544368 0.12544363 0.1254436  0.1253284  0.12532836 0.12521316 0.12521312 0.125      0.12477792 0.12477787 0.12477785 0.12466265 0.12466265 0.12464825 0.12464822 0.12453302 0.12453301 0.12451861 0.12451858 0.12412178 0.12412173 0.12412173 0.12400653 0.12400649 0.12389129 0.12389125 0.12353285 0.1235328  0.12353279 0.12341759 0.12341755 0.12330235 0.12330231 0.12284791 0.12284786 0.12284785 0.12283345 0.1228334  0.122819   0.12281895 0.12271495 0.1227149  0.12271488 0.12259968 0.12259964 0.12248444 0.1224844  0.1220428  0.12204275 0.12204272 0.12192752 0.12192748 0.12181228 0.12181224 0.12169704 0.12169701 0.12124901 0.12124896 0.1212488  0.12124876 0.12113356 0.12113352 0.12101832 0.12101828 0.12058308 0.12058303 0.12058302 0.12056862 0.12056857 0.12055417 0.12055412 0.12045012 0.12045007 0.12045004 0.12033484 0.1203348  0.1202196  0.12021956 0.12010436 0.12010433 0.12       0.11973633 0.11973628 0.11973624 0.11972184 0.11972179 0.11970739 0.11970734 0.11963214 0.11963214 0.11963204 0.11961044 0.11956188 0.11954028 0.11949172 0.11947012 0.11942156 0.11939996 0.1193514  0.1193298  0.11928124 0.11916844 0.11916839 0.11916839 0.11915399 0.11915394 0.11913954 0.11913949 0.11903549 0.11903544 0.11903542 0.11902102 0.11902097 0.11900657 0.11900652 0.11899212 0.11899207 0.11888807 0.11888802 0.11888801 0.11887361 0.11887356 0.11885916 0.11885911 0.11875511 0.11875506 0.11875503 0.11874063 0.11874058 0.11872618 0.11872613 0.11865093 0.11865088 0.11865087 0.11853567 0.11853563 0.11842043 0.11842039 0.11801079 0.11801074 0.1180107  0.1179963  0.11799626 0.11798186 0.11798181 0.11790661 0.11790656 0.11790653 0.11779133 0.11779129 0.11767609 0.11767605 0.11721525 0.1172152  0.11721519 0.11709999 0.11709996 0.11698476 0.11698472 0.11686952 0.11686948 0.11659428 0.11659423 0.11659422 0.11647902 0.11647901 0.11647897 0.11636377 0.11636375 0.11636371 0.11624851 0.1162485  0.11624846 0.11613326 0.11613324 0.1161332  0.116018   0.11601799 0.11601795 0.11556355 0.1155635  0.1155635  0.1155491  0.11554905 0.11553465 0.1155346  0.1155202  0.11552015 0.11541615 0.11541607 0.11541602 0.11530082 0.11530078 0.11518558 0.11518555 0.11507035 0.11507031 0.115      0.11495511 0.11495507 0.11483987 0.11483983 0.11457103 0.11457102 0.11457092 0.11454932 0.11450076 0.11447916 0.1144306  0.114409   0.11436044 0.11433884 0.11429028 0.11426868 0.11422012 0.11410732 0.11410727 0.11410726 0.11409286 0.11409281 0.11407841 0.11407837 0.11406397 0.11406392 0.11395992 0.11395987 0.11395987 0.11394547 0.11394546 0.11394541 0.11393101 0.113931   0.11393096 0.11382696 0.11382691 0.11382689 0.11371169 0.11371165 0.11359645 0.11359641 0.11332121 0.11332116 0.11332116 0.11320596 0.11320592 0.11309072 0.11309068 0.11268748 0.11268743 0.11268743 0.11257223 0.11257219 0.11245699 0.11245696 0.11234176 0.11234172 0.11208892 0.11208887 0.11208883 0.11207443 0.11207439 0.11205999 0.11205994 0.11195594 0.11195589 0.11195588 0.11194148 0.11194143 0.11192703 0.11192698 0.11182298 0.11182293 0.11182291 0.11180851 0.11180846 0.11179406 0.11179401 0.11177961 0.11177956 0.11167556 0.11167551 0.1116755  0.1116611  0.11166108 0.11154588 0.11154586 0.11153146 0.11153144 0.11141624 0.11141623 0.11140183 0.1114018  0.1109698  0.11096975 0.11096972 0.11085452 0.11085448 0.11073928 0.11073924 0.11034884 0.11034884 0.11034876 0.11023356 0.11023352 0.11011832 0.11011829 0.11000309 0.11000305 0.11       0.10988785 0.10988781 0.10977261 0.10977257 0.10927977 0.10927976 0.10927971 0.10926531 0.10926526 0.10925086 0.10925081 0.10923641 0.10923636 0.10922196 0.10922191 0.10920751 0.10920746 0.10913226 0.10913226 0.10913217 0.10901697 0.10901693 0.10890173 0.1089017  0.1087865  0.10878646 0.10867126 0.10867122 0.10855602 0.10855598 0.10813678 0.10813676 0.10813672 0.10802152 0.10802148 0.10790628 0.10790624 0.10779104 0.10779101 0.10767581 0.10767577 0.10756057 0.10756053 0.10731093 0.10731091 0.10731081 0.10728921 0.10724065 0.10721905 0.10717049 0.10714889 0.10710033 0.10707873 0.10703017 0.10700857 0.10696001 0.10684721 0.10684716 0.10684715 0.10683275 0.1068327  0.1068183  0.10681825 0.10674305 0.106743   0.10674298 0.10662778 0.10662774 0.10651254 0.1065125  0.1062085  0.10620845 0.1062084  0.106194   0.10619395 0.10617955 0.1061795  0.1061651  0.10616506 0.10615066 0.10615061 0.10613621 0.10613616 0.10606096 0.10606091 0.10606089 0.10594569 0.10594565 0.10583045 0.10583041 0.10553921 0.10553916 0.10553913 0.10542393 0.10542389 0.10530869 0.10530865 0.105      0.10498225 0.1049822  0.10498203 0.10498199 0.10486679 0.10486676 0.10475156 0.10475152 0.10449872 0.10449867 0.10449867 0.10448427 0.10448422 0.10446982 0.10446977 0.10445537 0.10445532 0.10435132 0.10435131 0.10435123 0.10423603 0.10423599 0.10412079 0.10412075 0.10400555 0.10400551 0.10389031 0.10389027 0.10377507 0.10377503 0.10348703 0.10348702 0.10348699 0.10337179 0.10337175 0.10325655 0.10325651 0.10314131 0.10314127 0.10302607 0.10302604 0.10291084 0.1029108  0.1024276  0.1024276  0.1024275  0.1024059  0.10235734 0.10233574 0.10228718 0.10226558 0.10221702 0.10219542 0.10214686 0.10212526 0.1020767  0.1019639  0.10196385 0.10196381 0.10194941 0.10194936 0.10193496 0.10193491 0.10185971 0.10185966 0.10185963 0.10174443 0.10174439 0.10162919 0.10162915 0.10120995 0.1012099  0.10120985 0.10119545 0.1011954  0.101181   0.10118096 0.10116656 0.10116651 0.10109131 0.10109126 0.10109121 0.10107681 0.10107676 0.10106236 0.10106231 0.10095831 0.10095826 0.10095825 0.10084305 0.10084301 0.10072781 0.10072777 0.10061257 0.10061254 0.10017094 0.10017089 0.10017088 0.10017084 0.10015644 0.10015639 0.10014199 0.10014194 0.10006674 0.10006669 0.10006667 0.10005227 0.10005222 0.10003782 0.10003777 0.1        0.09993377 0.09993372 0.09993371 0.09981851 0.09981847 0.09970327 0.09970324 0.09958804 0.099588   0.0992168  0.09921675 0.09921674 0.09920234 0.0992023  0.0991879  0.09918785 0.09917345 0.0991734  0.099159   0.09915895 0.09914455 0.0991445  0.0990405  0.0990405  0.0990404  0.0990188  0.09897024 0.09894864 0.09890008 0.09887848 0.09882992 0.09880832 0.09875976 0.09873816 0.0986896  0.0985768  0.09857675 0.09857671 0.09856231 0.09856226 0.09854786 0.09854781 0.09847261 0.09847256 0.09847256 0.09845816 0.09845811 0.09844371 0.09844366 0.09842926 0.09842921 0.09832521 0.09832516 0.09832516 0.09831076 0.09831071 0.09829631 0.09829627 0.09819227 0.09819222 0.09819222 0.09817782 0.09817778 0.09817777 0.09816337 0.09816332 0.09808812 0.09808807 0.09808804 0.09797284 0.0979728  0.0978576  0.09785756 0.09759836 0.09759831 0.09759831 0.09748311 0.09748307 0.09736787 0.09736783 0.09703183 0.09703178 0.0970316  0.09703156 0.09691636 0.09691632 0.09680112 0.09680109 0.09632109 0.09632104 0.09632101 0.09630661 0.09630656 0.09629216 0.09629212 0.09621692 0.09621687 0.09621684 0.09610164 0.09610161 0.09598641 0.09598637 0.09564397 0.09564392 0.0956439  0.0956295  0.09562945 0.09561505 0.095615   0.0956006  0.09560055 0.09549655 0.0954965  0.09549645 0.09548205 0.09548201 0.09546761 0.09546756 0.09536356 0.09536353 0.09536351 0.09534911 0.09534906 0.09533466 0.09533461 0.09532021 0.09532016 0.09530576 0.09530571 0.09520171 0.0952017  0.09520164 0.09518724 0.09518719 0.09517279 0.09517274 0.09515834 0.09515829 0.09514389 0.09514384 0.09512944 0.09512939 0.09505419 0.09505418 0.09505411 0.09503971 0.09503966 0.09502526 0.09502521 0.09501081 0.09501076 0.095      0.09499636 0.09499631 0.09498191 0.09498186 0.09487786 0.09487784 0.09487782 0.09486342 0.09486337 0.09484897 0.09484892 0.09483452 0.09483447 0.09482007 0.09482003 0.09480563 0.09480558 0.09473038 0.09473037 0.09473028 0.09471588 0.09471583 0.09470143 0.09470139 0.09468699 0.09468694 0.09467254 0.09467249 0.09465809 0.09465804 0.09455404 0.09455403 0.09455393 0.09453233 0.09448377 0.09446217 0.09441361 0.09439201 0.09434345 0.09432185 0.09427329 0.09425169 0.09420313 0.09409033 0.09409028 0.09409024 0.09407584 0.09407579 0.09406139 0.09406134 0.09395734 0.09395729 0.09395728 0.09394288 0.09394283 0.09392843 0.09392838 0.09391398 0.09391393 0.09380993 0.09380988 0.09380987 0.09379547 0.09379543 0.09378103 0.09378098 0.09367698 0.09367693 0.09367692 0.09366252 0.09366247 0.09364807 0.09364802 0.09354402 0.09354397 0.09354395 0.09352955 0.09352951 0.09351511 0.09351506 0.09343986 0.09343981 0.0934398  0.0933246  0.09332456 0.09320936 0.09320932 0.09309412 0.09309408 0.09284768 0.09284763 0.09284762 0.09273242 0.09273238 0.09261718 0.09261715 0.09231955 0.09231953 0.09231943 0.09231191 0.09229031 0.09224175 0.09222015 0.09217159 0.09214999 0.09210143 0.09207983 0.09203127 0.09200967 0.09196111 0.09184831 0.09184826 0.09184825 0.09173305 0.09173301 0.09161781 0.09161777 0.09150257 0.09150253 0.09105453 0.09105448 0.09105444 0.09104004 0.09103999 0.09102559 0.09102554 0.09095034 0.09095029 0.09095028 0.09093588 0.09093583 0.09092143 0.09092138 0.09081738 0.09081733 0.09081729 0.09080289 0.09080284 0.09078844 0.09078839 0.09068439 0.09068434 0.09068434 0.09056914 0.0905691  0.0904539  0.09045386 0.09       0.08997706 0.08997701 0.089977   0.0899626  0.08996256 0.08994816 0.08994811 0.08984411 0.08984406 0.08984406 0.08982966 0.08982961 0.08981521 0.08981516 0.08971116 0.08971111 0.08971111 0.08969671 0.08969666 0.08968226 0.08968221 0.08966781 0.08966776 0.08956376 0.08956371 0.08956369 0.08954929 0.08954925 0.08953485 0.0895348  0.0894308  0.08943075 0.08943074 0.08941634 0.08941629 0.08940189 0.08940184 0.08932664 0.08932659 0.08932637 0.08932633 0.08921113 0.08921109 0.08909589 0.08909585 0.08870545 0.08870531 0.08870531 0.08869091 0.08869086 0.08867646 0.08867641 0.08857241 0.08857241 0.08857231 0.08855071 0.08850215 0.08848055 0.08843199 0.08841039 0.08836183 0.08834023 0.08829167 0.08827007 0.08822151 0.08810871 0.08810866 0.08810865 0.08799345 0.08799344 0.0879934  0.0878782  0.08787818 0.08787814 0.08776294 0.08776293 0.08776289 0.08733089 0.08733084 0.08733081 0.08721561 0.08721557 0.08710037 0.08710033 0.08698513 0.08698509 0.08686989 0.08686985 0.08651465 0.0865146  0.08651457 0.08650017 0.08650012 0.08648572 0.08648567 0.08638167 0.08638162 0.08638162 0.08636722 0.08636717 0.08635277 0.08635272 0.08624872 0.08624867 0.08624867 0.08623427 0.08623422 0.08621982 0.08621977 0.08611577 0.08611572 0.0861157  0.0861013  0.08610125 0.08608685 0.0860868  0.0860116  0.08601155 0.08601153 0.08599713 0.08599708 0.08598268 0.08598263 0.08587863 0.08587858 0.08587854 0.08586414 0.0858641  0.0858497  0.08584965 0.08577445 0.0857744  0.08577437 0.08565917 0.08565913 0.08554393 0.08554389 0.08526549 0.08526544 0.08526542 0.08525102 0.08525097 0.08523657 0.08523652 0.08513252 0.08513251 0.08513246 0.08501726 0.08501722 0.085      0.08490202 0.08490198 0.08478678 0.08478674 0.08467154 0.0846715  0.0845563  0.08455626 0.08419146 0.08419146 0.08419136 0.08416976 0.0841212  0.0840996  0.08405104 0.08402944 0.08398088 0.08395928 0.08391072 0.08388912 0.08384056 0.08372776 0.08372771 0.08372771 0.08361251 0.08361247 0.08349727 0.08349723 0.08317723 0.08317718 0.08317705 0.08317701 0.08306181 0.08306177 0.08294657 0.08294653 0.08283133 0.08283129 0.08239929 0.08239924 0.0823992  0.0823848  0.08238475 0.08237035 0.0823703  0.0823559  0.08235586 0.08228066 0.08228061 0.08228059 0.08216539 0.08216536 0.08205016 0.08205012 0.08193492 0.08193488 0.08144208 0.08144203 0.08144201 0.08142761 0.08142756 0.08141316 0.08141311 0.08130911 0.08130906 0.08130905 0.08129465 0.0812946  0.0812802  0.08128015 0.08117615 0.0811761  0.0811761  0.0810609  0.08106086 0.08094566 0.08094562 0.08055202 0.08055197 0.08055187 0.08055183 0.08043663 0.0804366  0.0803214  0.08032136 0.08       0.07987016 0.07987011 0.07987009 0.07985569 0.07985549 0.07985545 0.07984105 0.07984085 0.07984081 0.07973681 0.07973604 0.07973595 0.07972155 0.0797215  0.0797071  0.07970705 0.07969265 0.0796926  0.0796782  0.0796782  0.07967815 0.07967814 0.07966374 0.07966369 0.07964929 0.07964924 0.07963484 0.07963479 0.07962039 0.07962034 0.07954514 0.07954513 0.07954506 0.07953066 0.07953061 0.07951621 0.07951616 0.07950176 0.07950172 0.07948732 0.07948727 0.07947287 0.07947282 0.07936882 0.07936881 0.07936871 0.07934711 0.07929855 0.07927695 0.07922839 0.07920679 0.07915823 0.07913663 0.07908807 0.07906647 0.07901791 0.07890511 0.07890506 0.07890503 0.07890498 0.07889058 0.07889053 0.07887613 0.07887608 0.07877208 0.07877203 0.07877202 0.07875762 0.07875757 0.07874317 0.07874312 0.07866792 0.07866787 0.07866785 0.07865345 0.07865341 0.07863901 0.07863896 0.07862456 0.07862451 0.07852051 0.07852046 0.07852045 0.07850605 0.078506   0.0784916  0.07849155 0.07847715 0.0784771  0.0783731  0.07837305 0.07837304 0.07835864 0.07835859 0.07834419 0.07834415 0.07832975 0.0783297  0.0782257  0.07822565 0.07822565 0.07811045 0.07811041 0.07799521 0.07799517 0.07787997 0.07787993 0.07747353 0.07747348 0.07747348 0.07745908 0.07745907 0.07734387 0.07734384 0.07732944 0.07732943 0.07721423 0.0772142  0.0771998  0.0771998  0.0767806  0.07678055 0.07678052 0.07666532 0.07666528 0.07655008 0.07655004 0.07620764 0.07620759 0.07620756 0.07609236 0.07609232 0.07597712 0.07597709 0.07586189 0.07586185 0.07574665 0.07574661 0.07532101 0.07532092 0.07532085 0.07530645 0.0753064  0.075292   0.07529195 0.07527755 0.0752775  0.0752631  0.07526306 0.07524866 0.07524861 0.07514461 0.0751446  0.07514453 0.07502933 0.07502929 0.075      0.07491409 0.07491405 0.07479885 0.07479882 0.07468362 0.07468358 0.07456838 0.07456834 0.07418754 0.07418754 0.07418744 0.07416584 0.07411728 0.07409568 0.07404712 0.07402552 0.07397696 0.07395536 0.0739068  0.0738852  0.07383664 0.07372384 0.07372379 0.07372378 0.07370938 0.07370933 0.07369493 0.07369488 0.07361968 0.07361963 0.07361959 0.07360519 0.07360514 0.07359074 0.07359069 0.07348669 0.07348664 0.07348662 0.07347222 0.07347217 0.07345777 0.07345773 0.07344333 0.07344328 0.07333928 0.07333923 0.07333922 0.07332482 0.07332477 0.07331037 0.07331032 0.07320632 0.07320627 0.07320626 0.07319186 0.07319181 0.07317741 0.07317736 0.07307336 0.07307331 0.0730733  0.0730589  0.07305885 0.07304445 0.0730444  0.0729692  0.07296915 0.07296914 0.07285394 0.0728539  0.0727387  0.07273866 0.07246986 0.07246981 0.07246979 0.07235459 0.07235455 0.07223935 0.07223931 0.07180411 0.07180406 0.07180403 0.07168883 0.07168879 0.07157359 0.07157356 0.07131116 0.0713111  0.07131108 0.07129668 0.07129663 0.07128223 0.07128218 0.07120698 0.07120697 0.07120692 0.07109172 0.07109168 0.07097648 0.07097644 0.07086124 0.0708612  0.070746   0.07074596 0.07063076 0.07063072 0.07022752 0.07022751 0.07022741 0.07021301 0.07021297 0.07019857 0.07019852 0.07018412 0.07018407 0.07016967 0.07016962 0.07015522 0.07015517 0.07005117 0.07005115 0.07005114 0.07003674 0.07003653 0.0700365  0.0700221  0.07002189 0.07002185 0.07000745 0.07000725 0.07000721 0.07       0.06999281 0.0699926  0.06999257 0.06997817 0.06997796 0.06997792 0.06987392 0.06987356 0.06987349 0.06987348 0.06987345 0.06985905 0.069859   0.0698446  0.06984456 0.06983016 0.06983011 0.06981571 0.06981566 0.06971166 0.06971164 0.06971158 0.06959638 0.06959634 0.06948114 0.0694811  0.0693659  0.06936586 0.06925066 0.06925062 0.06913542 0.06913538 0.06886018 0.06886018 0.06886009 0.06884569 0.06884564 0.06883124 0.06883119 0.06881679 0.06881674 0.06880234 0.06880229 0.06878789 0.06878784 0.06871264 0.06871264 0.06871254 0.06869094 0.06864238 0.06862078 0.06857222 0.06855062 0.06850206 0.06848046 0.0684319  0.0684103  0.06836174 0.06824894 0.06824889 0.06824887 0.06823447 0.06823442 0.06822002 0.06821997 0.06814477 0.06814472 0.06814471 0.06802951 0.06802947 0.06791427 0.06791423 0.06750463 0.06750458 0.06750458 0.06738938 0.06738934 0.06727414 0.0672741  0.0671589  0.06715886 0.06681326 0.06681321 0.066813   0.06681297 0.06669777 0.06669773 0.06658253 0.06658249 0.06646729 0.06646725 0.06607365 0.06607358 0.06607358 0.06595838 0.06595836 0.06595832 0.06560952 0.06560951 0.06560947 0.06559507 0.06559502 0.06558062 0.06558057 0.06556617 0.06556613 0.06555173 0.06555168 0.06553728 0.06553723 0.06543323 0.06543322 0.06543312 0.06541152 0.06536296 0.06534136 0.0652928  0.0652712  0.06522264 0.06520104 0.06515248 0.06513088 0.06508232 0.065      0.06496952 0.06496947 0.06496945 0.06495505 0.064955   0.0649406  0.06494055 0.06483655 0.0648365  0.0648365  0.0648221  0.06482205 0.06480765 0.0648076  0.0647324  0.06473235 0.06473234 0.06461714 0.0646171  0.0645019  0.06450186 0.06410186 0.06410181 0.0641018  0.0639866  0.06398656 0.06387136 0.06387132 0.06375612 0.06375609 0.06339449 0.06339444 0.06339442 0.06338002 0.06337998 0.06336558 0.06336553 0.06326153 0.06326148 0.06326146 0.06324706 0.06324701 0.06323261 0.06323257 0.06321817 0.06321812 0.06314292 0.06314287 0.06314277 0.06312837 0.06312836 0.06312832 0.06301312 0.06301308 0.06289788 0.06289784 0.06259064 0.06259059 0.06259056 0.06257616 0.06257611 0.06256171 0.06256166 0.06245766 0.06245761 0.06245759 0.06244319 0.06244314 0.06242874 0.06242869 0.06232469 0.06232464 0.06232461 0.06220941 0.06220937 0.06209417 0.06209414 0.06174214 0.06174213 0.06174203 0.06172043 0.06167187 0.06165027 0.06160171 0.06158011 0.06153155 0.06150995 0.06146139 0.06143979 0.06139123 0.06127843 0.06127838 0.06127837 0.06126397 0.06126393 0.06124953 0.06124948 0.06123508 0.06123503 0.06113103 0.06113098 0.06113096 0.06111656 0.06111651 0.06110211 0.06110206 0.06108766 0.06108761 0.06101241 0.06101236 0.06101232 0.06099792 0.06099787 0.06098347 0.06098343 0.06090823 0.06090818 0.0609081  0.06090806 0.06079286 0.06079282 0.06067762 0.06067758 0.06056238 0.06056235 0.06029995 0.0602999  0.06029986 0.06018466 0.06018463 0.06006943 0.06006939 0.06       0.05995419 0.05995415 0.05968535 0.0596853  0.05968507 0.05968504 0.05956984 0.0595698  0.0594546  0.05945456 0.05899696 0.05899691 0.0589969  0.0588817  0.05888166 0.05876646 0.05876642 0.05865122 0.05865118 0.05830558 0.05830553 0.0583055  0.0581903  0.05819026 0.05807506 0.05807502 0.05758862 0.05758857 0.05758857 0.05757417 0.05757412 0.05755972 0.05755967 0.05748447 0.05748442 0.0574844  0.05747    0.05746995 0.05745555 0.0574555  0.0574411  0.05744105 0.05733705 0.05733696 0.0573369  0.0573225  0.05732245 0.05730805 0.057308   0.0572936  0.05729355 0.05727915 0.0572791  0.0572647  0.05726465 0.05716065 0.05716065 0.05716057 0.05714617 0.05714613 0.05713173 0.05713168 0.05711728 0.05711723 0.05710283 0.05710278 0.05708838 0.05708833 0.05701313 0.05701313 0.05701303 0.05699863 0.05699858 0.05698418 0.05698413 0.05696973 0.05696968 0.05695528 0.05695524 0.05694084 0.05694079 0.05686559 0.05686558 0.05686552 0.05675032 0.05675028 0.05663508 0.05663504 0.05651984 0.0565198  0.0564046  0.05640456 0.05628936 0.05628932 0.05601732 0.05601731 0.05601724 0.05590204 0.055902   0.0557868  0.05578676 0.05567156 0.05567152 0.05555632 0.05555629 0.05544109 0.05544105 0.05506025 0.05506024 0.05506014 0.05503854 0.055      0.05498998 0.05496838 0.05491982 0.05489822 0.05484966 0.05482806 0.0547795  0.0547579  0.05470934 0.05459654 0.05459649 0.05459644 0.05458204 0.054582   0.0545676  0.05456755 0.05446355 0.0544635  0.05446345 0.05444905 0.054449   0.0544346  0.05443456 0.05433056 0.05433051 0.0543305  0.0542153  0.05421526 0.05410006 0.05410002 0.05385682 0.05385677 0.05385673 0.05384233 0.05384228 0.05382788 0.05382783 0.05375263 0.05375258 0.05375256 0.05363736 0.05363732 0.05352212 0.05352209 0.05340689 0.05340685 0.05308365 0.0530836  0.0530836  0.0529684  0.05296836 0.05285316 0.05285312 0.05247872 0.0524787  0.05247866 0.05236346 0.05236342 0.05224822 0.05224818 0.05213298 0.05213294 0.05201774 0.0520177  0.0519025  0.05190247 0.05165927 0.05165926 0.05165916 0.05163756 0.051589   0.0515674  0.05151884 0.05149724 0.05144868 0.05142708 0.05137852 0.05135692 0.05130836 0.05119556 0.05119551 0.05119549 0.05118109 0.05118104 0.05116664 0.05116659 0.05106259 0.05106254 0.05106252 0.05106248 0.05094728 0.05094724 0.05083204 0.050832   0.0504992  0.05049915 0.05049913 0.05038393 0.05038389 0.05026869 0.05026865 0.05       0.04998385 0.0499838  0.04998378 0.04986858 0.04986854 0.04975334 0.0497533  0.0494877  0.04948765 0.04948764 0.04937244 0.0493724  0.0492572  0.04925716 0.04883476 0.04883471 0.04883468 0.04882028 0.04882023 0.04871623 0.04871618 0.04871617 0.04870177 0.04870172 0.04868732 0.04868727 0.04858327 0.04858322 0.04858321 0.04846801 0.04846797 0.04835277 0.04835273 0.04787913 0.04787908 0.04787891 0.04787887 0.04776367 0.04776364 0.04764844 0.0476484  0.0475332  0.04753316 0.04721316 0.04721311 0.04721307 0.04719867 0.04719862 0.04709462 0.04709457 0.04709454 0.04697934 0.04697931 0.04696491 0.0469649  0.0468497  0.04684967 0.04683527 0.04683527 0.04647367 0.04647365 0.04647362 0.04645922 0.04645917 0.04638397 0.04638395 0.04638385 0.04636225 0.04631369 0.04629209 0.04624353 0.04622193 0.04617337 0.04615177 0.04610321 0.04608161 0.04603305 0.04592025 0.0459202  0.0459202  0.0459058  0.04590575 0.04589135 0.0458913  0.0457873  0.04578725 0.04578722 0.04577282 0.04577278 0.04575838 0.04575833 0.04568313 0.04568308 0.04568307 0.04556787 0.04556784 0.04545264 0.0454526  0.045      0.044963   0.04496295 0.04496294 0.04484774 0.0448477  0.0447325  0.04473246 0.04440286 0.04440281 0.0444028  0.0442876  0.04428756 0.04417236 0.04417232 0.04385872 0.04385867 0.04385864 0.04374344 0.0437434  0.0436282  0.04362817 0.04351297 0.04351293 0.04302013 0.04302008 0.04302005 0.04300565 0.0430056  0.0429912  0.04299116 0.04288716 0.04288711 0.0428871  0.0428727  0.04287265 0.04285825 0.0428582  0.042783   0.04278295 0.04278295 0.04266775 0.04266774 0.04266771 0.04255251 0.0425525  0.04255246 0.04218446 0.04218441 0.04218439 0.04216999 0.04216994 0.04215554 0.04215549 0.04205149 0.04205144 0.04205142 0.04193622 0.04193618 0.04182098 0.04182094 0.04132494 0.04132494 0.04132484 0.04130324 0.04125468 0.04123308 0.04118452 0.04116292 0.04111436 0.04109276 0.0410442  0.0410226  0.04097404 0.04086124 0.04086119 0.04086117 0.04074597 0.04074595 0.04073155 0.04073154 0.04061634 0.04061632 0.04060192 0.0406019  0.0401571  0.04015705 0.04015703 0.04004183 0.04004179 0.04       0.03992659 0.03992656 0.03981136 0.03981132 0.03936972 0.03936967 0.03936966 0.03935526 0.03935521 0.03934081 0.03934077 0.03926557 0.03926552 0.03926549 0.03915029 0.03915025 0.03903505 0.03903501 0.03871821 0.03871816 0.03871812 0.03860292 0.03860288 0.03848768 0.03848765 0.03837245 0.03837241 0.03793401 0.03793396 0.03793393 0.03781873 0.03781869 0.03770349 0.03770345 0.03743785 0.0374378  0.03743775 0.03742335 0.0374233  0.0374089  0.03740886 0.03730486 0.03730481 0.03730478 0.03729038 0.03729033 0.03727593 0.03727588 0.03726148 0.03726143 0.03715743 0.03715738 0.03715735 0.03704215 0.03704211 0.03692691 0.03692687 0.03652367 0.03652362 0.03652361 0.03640841 0.03640837 0.03629317 0.03629313 0.03588033 0.03588028 0.03588027 0.03586587 0.03586582 0.03585142 0.03585137 0.03583697 0.03583692 0.03576172 0.03576172 0.03576162 0.03574002 0.03569146 0.03566986 0.0356213  0.0355997  0.03555114 0.03552954 0.03548098 0.03545938 0.03541082 0.03529802 0.03529799],linear,vector,residualEnergyCapacityChanged,Residual energy capacity,J,Attacco_Burst,20251005-12:01:08,20251005-120108,Attacco_Burst,omnetppB-MAC.ini,,,,,NetworkA,4774,0,#0,results,0,0,NetworkA.sensor1.energyStorage
2,Attacco_Burst-0-20251005-12:01:08-4774,NetworkA.sensor2.energyStorage,residualEnergyCapacity:vector,[0.00000000e+00 1.96392397e-02 3.96392397e-02 8.96392397e-02 9.62798645e-02 9.65678645e-02 1.06279865e-01 1.06567865e-01 1.16279865e-01 1.17783865e-01 1.67783865e-01 1.87783865e-01 2.37783865e-01 2.57783865e-01 3.07783865e-01 3.27783865e-01 3.77783865e-01 3.97783865e-01 4.47783865e-01 4.67783865e-01 5.65044021e-01 5.80595438e-01 5.82899438e-01 5.90595438e-01 5.92899438e-01 6.00595438e-01 6.02899438e-01 6.10595438e-01 6.12899438e-01 6.20595438e-01 6.22899438e-01 6.30595438e-01 6.35971438e-01 6.38336926e-01 6.58336926e-01 6.58624926e-01 6.68336926e-01 6.68624926e-01 6.78336926e-01 6.78624926e-01 6.88336926e-01 6.88624926e-01 6.98336926e-01 6.98624926e-01 7.08336926e-01 7.09840926e-01 7.59840926e-01 7.62708072e-01 7.65012072e-01 7.72708072e-01 7.75012072e-01 7.82708072e-01 7.92628072e-01 8.42628072e-01 8.43825450e-01 8.51521450e-01 8.53825450e-01 8.61521450e-01 8.63825450e-01 8.71521450e-01 8.73825450e-01 8.81521450e-01 8.90737450e-01 9.40737450e-01 9.42855602e-01 9.45159602e-01 9.52855602e-01 9.55159602e-01 9.62855602e-01 9.72711602e-01 1.02271160e+00 1.02800271e+00 1.03030671e+00 1.03800271e+00 1.04030671e+00 1.04800271e+00 1.05689871e+00 1.10689871e+00 1.11013500e+00 1.11042300e+00 1.12013500e+00 1.12221500e+00 1.17221500e+00 1.17259085e+00 1.17489485e+00 1.18259085e+00 1.18489485e+00 1.19259085e+00 1.19869247e+00 1.20052685e+00 1.25052685e+00 1.25700967e+00 1.25931367e+00 1.26700967e+00 1.26931367e+00 1.27700967e+00 1.28366567e+00 1.33366567e+00 1.33811210e+00 1.34041610e+00 1.34811210e+00 1.35041610e+00 1.35811210e+00 1.36412810e+00 1.41412810e+00 1.42131832e+00 1.42160632e+00 1.43131832e+00 1.43160632e+00 1.44131832e+00 1.44282232e+00 1.55489128e+00 1.56039665e+00 1.56270065e+00 1.57039665e+00 1.57270065e+00 1.58039665e+00 1.58270065e+00 1.59039665e+00 1.59270065e+00 1.60039665e+00 1.60884465e+00 1.62217998e+00 1.64217998e+00 1.64246798e+00 1.65217998e+00 1.65246798e+00 1.66217998e+00 1.66246798e+00 1.67217998e+00 1.67246798e+00 1.68217998e+00 1.68246798e+00 1.69217998e+00 1.69368398e+00 1.74368398e+00 1.74674682e+00 1.74703482e+00 1.75674682e+00 1.75703482e+00 1.76674682e+00 1.76703482e+00 1.77674682e+00 1.77882682e+00 1.82882682e+00 1.83303447e+00 1.83332247e+00 1.84303447e+00 1.84332247e+00 1.85303447e+00 1.85511447e+00 1.90511447e+00 1.91142304e+00 1.91171104e+00 1.92142304e+00 1.92171104e+00 1.93142304e+00 1.93350304e+00 1.98350304e+00 1.98554394e+00 1.98583194e+00 1.99554394e+00 1.99583194e+00 2.00554394e+00 2.00762394e+00 2.05762394e+00 2.06268985e+00 2.06297785e+00 2.07268985e+00 2.07297785e+00 2.08268985e+00 2.08419385e+00 2.13419385e+00 2.13640140e+00 2.13668940e+00 2.14640140e+00 2.14668940e+00 2.15640140e+00 2.15790540e+00 2.20790540e+00 2.21066906e+00 2.21095706e+00 2.22066906e+00 2.22095706e+00 2.23066906e+00 2.23274906e+00 2.28274906e+00 2.28302055e+00 2.28532455e+00 2.29302055e+00 2.29532455e+00 2.30302055e+00 2.30852455e+00 2.35852455e+00 2.36046658e+00 2.36277058e+00 2.37046658e+00 2.37277058e+00 2.38046658e+00 2.38526658e+00 2.43526658e+00 2.43718854e+00 2.43949254e+00 2.44718854e+00 2.44949254e+00 2.45718854e+00 2.46254402e+00 2.46467654e+00 2.49069963e+00 2.49486909e+00 2.49515709e+00 2.50486909e+00 2.50515709e+00 2.51486909e+00 2.51515709e+00 2.52486909e+00 2.52515709e+00 2.53486909e+00 2.53515709e+00 2.54486909e+00 2.54637309e+00 2.55539628e+00 2.57539628e+00 2.57568428e+00 2.58539628e+00 2.58568428e+00 2.59539628e+00 2.59568428e+00 2.60539628e+00 2.60568428e+00 2.61539628e+00 2.61568428e+00 2.62539628e+00 2.62690028e+00 2.67690028e+00 2.67730007e+00 2.67758807e+00 2.68730007e+00 2.68758807e+00 2.69730007e+00 2.69938007e+00 2.74938007e+00 2.75503627e+00 2.75734027e+00 2.76503627e+00 2.76734027e+00 2.77503627e+00 2.78022027e+00 2.83022027e+00 2.83211601e+00 2.83981201e+00 2.84211601e+00 2.84981201e+00 2.85211601e+00 2.85981201e+00 2.86211601e+00 2.86981201e+00 2.87480401e+00 2.92480401e+00 2.93116375e+00 2.93145175e+00 2.94116375e+00 2.94145175e+00 2.95116375e+00 2.95266775e+00 3.00266775e+00 3.00395076e+00 3.00423876e+00 3.01395076e+00 3.01423876e+00 3.02395076e+00 3.02545476e+00 3.07545476e+00 3.07675854e+00 3.07704654e+00 3.08675854e+00 3.08704654e+00 3.09675854e+00 3.09704654e+00 3.10675854e+00 3.10883854e+00 3.15883854e+00 3.16414633e+00 3.16443433e+00 3.17414633e+00 3.17443433e+00 3.18414633e+00 3.18622633e+00 3.23622633e+00 3.23810520e+00 3.24040920e+00 3.24810520e+00 3.25040920e+00 3.25810520e+00 3.26789720e+00 3.31789720e+00 3.32345164e+00 3.32373964e+00 3.33345164e+00 3.33373964e+00 3.34345164e+00 3.34495564e+00 3.39495564e+00 3.39514285e+00 3.39744685e+00 3.40514285e+00 3.40744685e+00 3.41514285e+00 3.42365485e+00 3.47365485e+00 3.47629081e+00 3.47859481e+00 3.48629081e+00 3.48859481e+00 3.49629081e+00 3.50416281e+00 3.50782663e+00 3.52782663e+00 3.52811463e+00 3.53782663e+00 3.53811463e+00 3.54782663e+00 3.54811463e+00 3.55782663e+00 3.55811463e+00 3.56782663e+00 3.56811463e+00 3.57782663e+00 3.57933063e+00 3.62933063e+00 3.63672687e+00 3.63686286e+00 3.63903087e+00 3.64672687e+00 3.64903087e+00 3.65672687e+00 3.66376687e+00 3.71376687e+00 3.73376687e+00 3.78376687e+00 3.79072874e+00 3.79280874e+00 3.84280874e+00 3.84778380e+00 3.84807180e+00 3.85778380e+00 3.85807180e+00 3.86778380e+00 3.86986380e+00 3.91986380e+00 3.92778577e+00 3.92807377e+00 3.93778577e+00 3.93807377e+00 3.94778577e+00 3.94986577e+00 3.99986577e+00 4.00432740e+00 4.00461540e+00 4.01432740e+00 4.01461540e+00 4.02432740e+00 4.02640740e+00 4.07640740e+00 4.08534991e+00 4.08563791e+00 4.08567942e+00 4.09534991e+00 4.09563791e+00 4.09567942e+00 4.10534991e+00 4.10742991e+00 4.15742991e+00 4.16128060e+00 4.16358460e+00 4.17128060e+00 4.17358460e+00 4.18128060e+00 4.18358460e+00 4.19128060e+00 4.20017660e+00 4.25017660e+00 4.25620810e+00 4.25851210e+00 4.26620810e+00 4.26851210e+00 4.27620810e+00 4.28472010e+00 4.33472010e+00 4.33742964e+00 4.33771764e+00 4.34742964e+00 4.34771764e+00 4.35742964e+00 4.35893364e+00 4.40893364e+00 4.41099099e+00 4.41329499e+00 4.42099099e+00 4.42329499e+00 4.43099099e+00 4.43854299e+00 4.54421544e+00 4.55337517e+00 4.55366317e+00 4.56337517e+00 4.56366317e+00 4.57337517e+00 4.57366317e+00 4.58337517e+00 4.58366317e+00 4.59337517e+00 4.59545517e+00 4.61483440e+00 4.62849729e+00 4.63080129e+00 4.63483440e+00 4.63512240e+00 4.64483440e+00 4.64512240e+00 4.65483440e+00 4.65512240e+00 4.66483440e+00 4.66512240e+00 4.67483440e+00 4.67512240e+00 4.68483440e+00 4.68633840e+00 4.73633840e+00 4.73701913e+00 4.73730713e+00 4.74701913e+00 4.74730713e+00 4.75701913e+00 4.75909913e+00 4.80909913e+00 4.81352438e+00 4.81381238e+00 4.82352438e+00 4.82381238e+00 4.83352438e+00 4.83560438e+00 4.88560438e+00 4.89432168e+00 4.89460968e+00 4.90432168e+00 4.90460968e+00 4.91432168e+00 4.91640168e+00 4.96640168e+00 4.96839312e+00 4.96868112e+00 4.96869422e+00 4.97839312e+00 4.97868112e+00 4.97869422e+00 4.98640168e+00 5.03640168e+00 5.04323413e+00 5.04352213e+00 5.05323413e+00 5.05352213e+00 5.06323413e+00 5.06473813e+00 5.11473813e+00 5.11527008e+00 5.12296608e+00 5.12527008e+00 5.13296608e+00 5.13527008e+00 5.14296608e+00 5.14547821e+00 5.15122208e+00 5.20122208e+00 5.20260548e+00 5.20289348e+00 5.21260548e+00 5.21289348e+00 5.22260548e+00 5.22410948e+00 5.27410948e+00 5.28157532e+00 5.28186332e+00 5.29157532e+00 5.29186332e+00 5.30157532e+00 5.30365532e+00 5.35365532e+00 5.35436089e+00 5.36205689e+00 5.36436089e+00 5.37205689e+00 5.37436089e+00 5.38205689e+00 5.39044089e+00 5.44044089e+00 5.44549972e+00 5.44578772e+00 5.45549972e+00 5.45578772e+00 5.46549972e+00 5.46757972e+00 5.58268032e+00 5.58387999e+00 5.58618399e+00 5.59387999e+00 5.59618399e+00 5.60387999e+00 5.60618399e+00 5.61387999e+00 5.61618399e+00 5.62387999e+00 5.62618399e+00 5.63387999e+00 5.64059999e+00 5.64083427e+00 5.66083427e+00 5.66112227e+00 5.67083427e+00 5.67112227e+00 5.68083427e+00 5.68112227e+00 5.69083427e+00 5.69112227e+00 5.70083427e+00 5.70112227e+00 5.71083427e+00 5.71233827e+00 5.76233827e+00 5.76953791e+00 5.77184191e+00 5.77953791e+00 5.78184191e+00 5.78953791e+00 5.79452991e+00 5.84452991e+00 5.84571638e+00 5.85341238e+00 5.85571638e+00 5.86341238e+00 5.86571638e+00 5.87341238e+00 5.87571638e+00 5.88341238e+00 5.88904438e+00 5.93904438e+00 5.94304439e+00 5.94333239e+00 5.95304439e+00 5.95333239e+00 5.96304439e+00 5.96454839e+00 6.01454839e+00 6.01491888e+00 6.01520688e+00 6.02491888e+00 6.02520688e+00 6.03491888e+00 6.03642288e+00 6.08642288e+00 6.09569191e+00 6.09597991e+00 6.10569191e+00 6.10597991e+00 6.11569191e+00 6.11777191e+00 6.16777191e+00 6.17467894e+00 6.17496694e+00 6.18467894e+00 6.18496694e+00 6.19467894e+00 6.19675894e+00 6.24675894e+00 6.24892404e+00 6.24921204e+00 6.25892404e+00 6.25921204e+00 6.26892404e+00 6.26921204e+00 6.27892404e+00 6.28042804e+00 6.33042804e+00 6.33106484e+00 6.33135284e+00 6.34106484e+00 6.34135284e+00 6.35106484e+00 6.35314484e+00 6.40314484e+00 6.42314484e+00 6.47314484e+00 6.49314484e+00 6.49343284e+00 6.50314484e+00 6.50343284e+00 6.51314484e+00 6.51343284e+00 6.52314484e+00 6.52343284e+00 6.53314484e+00 6.53343284e+00 6.54314484e+00 6.54464884e+00 6.59464884e+00 6.60193455e+00 6.60232106e+00 6.60423855e+00 6.61193455e+00 6.61423855e+00 6.62193455e+00 6.62423855e+00 6.63193455e+00 6.63692655e+00 6.68692655e+00 6.69152899e+00 6.69383299e+00 6.70152899e+00 6.70383299e+00 6.71152899e+00 6.71383299e+00 6.72152899e+00 6.73119299e+00 6.78119299e+00 6.78337555e+00 6.78366355e+00 6.79337555e+00 6.79366355e+00 6.80337555e+00 6.80545555e+00 6.85545555e+00 6.85970342e+00 6.86200742e+00 6.86970342e+00 6.87200742e+00 6.87970342e+00 6.88840742e+00 6.93840742e+00 6.94213128e+00 6.94443528e+00 6.95213128e+00 6.95443528e+00 6.96213128e+00 6.96968328e+00 7.01968328e+00 7.02138919e+00 7.02369319e+00 7.03138919e+00 7.03369319e+00 7.04138919e+00 7.04855719e+00 7.09855719e+00 7.10061795e+00 7.10831395e+00 7.11061795e+00 7.11831395e+00 7.12061795e+00 7.12831395e+00 7.13650595e+00 7.18650595e+00 7.18665767e+00 7.18694567e+00 7.19665767e+00 7.19694567e+00 7.20665767e+00 7.20873767e+00 7.25873767e+00 7.25923125e+00 7.25951925e+00 7.26923125e+00 7.26951925e+00 7.27923125e+00 7.28131125e+00 7.33131125e+00 7.33268925e+00 7.34038525e+00 7.34268925e+00 7.35038525e+00 7.35268925e+00 7.36038525e+00 7.36646525e+00 7.41646525e+00 7.41972681e+00 7.42203081e+00 7.42972681e+00 7.43058596e+00 7.43203081e+00 7.43972681e+00 7.44203081e+00 7.44972681e+00 7.45881481e+00 7.51712988e+00 7.52339920e+00 7.52570320e+00 7.53339920e+00 7.54287120e+00 7.55054048e+00 7.57054048e+00 7.57082848e+00 7.58054048e+00 7.58082848e+00 7.59054048e+00 7.59082848e+00 7.60054048e+00 7.60082848e+00 7.61054048e+00 7.61082848e+00 7.62054048e+00 7.62204448e+00 7.67204448e+00 7.67853818e+00 7.67882618e+00 7.68853818e+00 7.68882618e+00 7.69853818e+00 7.70061818e+00 7.75061818e+00 7.75061934e+00 7.75292334e+00 7.76061934e+00 7.76292334e+00 7.77061934e+00 7.77804334e+00 7.82804334e+00 7.83428055e+00 7.83658455e+00 7.83684045e+00 7.84428055e+00 7.84658455e+00 7.84684045e+00 7.85428055e+00 7.86298455e+00 7.91298455e+00 7.92191928e+00 7.92220728e+00 7.93191928e+00 7.93220728e+00 7.94191928e+00 7.94220728e+00 7.95191928e+00 7.95399928e+00 8.00399928e+00 8.00451260e+00 8.00480060e+00 8.01451260e+00 8.01480060e+00 8.02451260e+00 8.02601660e+00 8.07601660e+00 8.08350005e+00 8.08580405e+00 8.09350005e+00 8.09580405e+00 8.10350005e+00 8.11054005e+00 8.16054005e+00 8.16474224e+00 8.16503024e+00 8.17474224e+00 8.17624624e+00 8.22624624e+00 8.22850469e+00 8.23620069e+00 8.23850469e+00 8.24620069e+00 8.25356069e+00 8.30356069e+00 8.30620205e+00 8.30850605e+00 8.31620205e+00 8.31850605e+00 8.32620205e+00 8.33154134e+00 8.33330605e+00 8.38330605e+00 8.38697165e+00 8.38927565e+00 8.39697165e+00 8.39927565e+00 8.40697165e+00 8.41337165e+00 8.46337165e+00 8.47048390e+00 8.47278790e+00 8.48048390e+00 8.48278790e+00 8.49048390e+00 8.49752390e+00 8.51246379e+00 8.52741487e+00 8.52770287e+00 8.53741487e+00 8.53770287e+00 8.54741487e+00 8.54770287e+00 8.55741487e+00 8.55770287e+00 8.56741487e+00 8.56770287e+00 8.57741487e+00 8.57949487e+00 8.58134679e+00 8.60134679e+00 8.60163479e+00 8.61134679e+00 8.61163479e+00 8.62134679e+00 8.62163479e+00 8.63134679e+00 8.63163479e+00 8.64134679e+00 8.64163479e+00 8.65134679e+00 8.65285079e+00 8.70285079e+00 8.70451932e+00 8.70682332e+00 8.71451932e+00 8.71682332e+00 8.72451932e+00 8.73123932e+00 8.78123932e+00 8.78622441e+00 8.78852841e+00 8.79622441e+00 8.79852841e+00 8.80622441e+00 8.80852841e+00 8.81622441e+00 8.82288041e+00 8.87288041e+00 8.87456993e+00 8.87687393e+00 8.88456993e+00 8.88687393e+00 8.89456993e+00 8.89687393e+00 8.90456993e+00 8.91052193e+00 8.96052193e+00 8.96252788e+00 8.96281588e+00 8.97252788e+00 8.97281588e+00 8.98252788e+00 8.98403188e+00 9.03403188e+00 9.03436053e+00 9.03464853e+00 9.04436053e+00 9.04464853e+00 9.05436053e+00 9.05586453e+00 9.10586453e+00 9.10604934e+00 9.10633734e+00 9.11604934e+00 9.11633734e+00 9.12604934e+00 9.12812934e+00 9.17812934e+00 9.18168851e+00 9.18197651e+00 9.19168851e+00 9.19197651e+00 9.20168851e+00 9.20197651e+00 9.21168851e+00 9.21319251e+00 9.26319251e+00 9.26882713e+00 9.26911513e+00 9.27882713e+00 9.27911513e+00 9.28882713e+00 9.29090713e+00 9.34090713e+00 9.34218630e+00 9.34449030e+00 9.35218630e+00 9.35449030e+00 9.36218630e+00 9.36807430e+00 9.41807430e+00 9.42382514e+00 9.42612914e+00 9.43382514e+00 9.43416573e+00 9.43612914e+00 9.44382514e+00 9.44612914e+00 9.45382514e+00 9.45984114e+00 9.56504842e+00 9.58504842e+00 9.58533642e+00 9.59504842e+00 9.59533642e+00 9.60504842e+00 9.60533642e+00 9.61504842e+00 9.61533642e+00 9.62504842e+00 9.62533642e+00 9.63504842e+00 9.63655242e+00 9.68655242e+00 9.69043935e+00 9.69274335e+00 9.70043935e+00 9.70274335e+00 9.71043935e+00 9.71895135e+00 9.76895135e+00 9.76921608e+00 9.77152008e+00 9.77921608e+00 9.78152008e+00 9.78921608e+00 9.79670408e+00 9.84670408e+00 9.85395028e+00 9.85625428e+00 9.86395028e+00 9.86625428e+00 9.87395028e+00 9.87625428e+00 9.88395028e+00 9.89310228e+00 9.94310228e+00 9.94350711e+00 9.94379511e+00 9.95350711e+00 9.95379511e+00 9.96350711e+00 9.96558711e+00 1.00155871e+01 1.00183252e+01 1.00186132e+01 1.00283252e+01 1.00286132e+01 1.00383252e+01 1.00398292e+01 1.00898292e+01 1.00957861e+01 1.00960741e+01 1.01057861e+01 1.01060741e+01 1.01157861e+01 1.01172901e+01 1.01672901e+01 1.01697032e+01 1.01699912e+01 1.01797032e+01 1.01799912e+01 1.01897032e+01 1.01912072e+01 1.02412072e+01 1.02431642e+01 1.02454682e+01 1.02531642e+01 1.02554682e+01 1.02631642e+01 1.02684122e+01 1.03184122e+01 1.03188386e+01 1.03265346e+01 1.03288386e+01 1.03365346e+01 1.03388386e+01 1.03465346e+01 1.03559426e+01 1.04059426e+01 1.04077050e+01 1.04154010e+01 1.04177050e+01 1.04254010e+01 1.04277050e+01 1.04354010e+01 1.04371478e+01 1.04377050e+01 1.04454010e+01 1.04507130e+01 1.05262654e+01 1.05462654e+01 1.05465534e+01 1.05562654e+01 1.05565534e+01 1.05662654e+01 1.05665534e+01 1.05762654e+01 1.05765534e+01 1.05862654e+01 1.05865534e+01 1.05962654e+01 1.05977694e+01 1.06477694e+01 1.06544324e+01 1.06547204e+01 1.06644324e+01 1.06647204e+01 1.06744324e+01 1.06765124e+01 1.07265124e+01 1.07281344e+01 1.07284224e+01 1.07381344e+01 1.07384224e+01 1.07481344e+01 1.07502144e+01 1.08002144e+01 1.08083592e+01 1.08086472e+01 1.08183592e+01 1.08186472e+01 1.08283592e+01 1.08304392e+01 1.08804392e+01 1.08849512e+01 1.08872552e+01 1.08949512e+01 1.08972552e+01 1.09049512e+01 1.09072552e+01 1.09149512e+01 1.09204552e+01 1.09704552e+01 1.09722473e+01 1.09725353e+01 1.09822473e+01 1.09825353e+01 1.09922473e+01 1.09937513e+01 1.10437513e+01 1.10446982e+01 1.10521621e+01 1.10524501e+01 1.10546982e+01 1.10621621e+01 1.10624501e+01 1.10646982e+01 1.10721621e+01 1.10742421e+01 1.11242421e+01 1.11261731e+01 1.11264611e+01 1.11361731e+01 1.11364611e+01 1.11461731e+01 1.11482531e+01 1.11982531e+01 1.12034954e+01 1.12037834e+01 1.12134954e+01 1.12137834e+01 1.12234954e+01 1.12255754e+01 1.12755754e+01 1.12812458e+01 1.12815338e+01 1.12912458e+01 1.12915338e+01 1.13012458e+01 1.13033258e+01 1.13533258e+01 1.13535127e+01 1.13538007e+01 1.13550534e+01 1.13573574e+01 1.13635127e+01 1.13638007e+01 1.13650534e+01 1.13673574e+01 1.13735127e+01 1.13738007e+01 1.13750534e+01 1.13845894e+01 1.13850167e+01 1.14057264e+01 1.14080304e+01 1.14157264e+01 1.14180304e+01 1.14238007e+01 1.14738007e+01 1.14938007e+01 1.14940887e+01 1.15038007e+01 1.15040887e+01 1.15138007e+01 1.15140887e+01 1.15238007e+01 1.15240887e+01 1.15338007e+01 1.15340887e+01 1.15438007e+01 1.15453047e+01 1.15953047e+01 1.16004932e+01 1.16027972e+01 1.16104932e+01 1.16127972e+01 1.16204932e+01 1.16258052e+01 1.16758052e+01 1.16793726e+01 1.16816766e+01 1.16893726e+01 1.16916766e+01 1.16993726e+01 1.17045566e+01 1.17545566e+01 1.17547503e+01 1.17570543e+01 1.17647503e+01 1.17655536e+01 1.17670543e+01 1.17747503e+01 1.17837743e+01 1.18337743e+01 1.18364436e+01 1.18387476e+01 1.18464436e+01 1.18487476e+01 1.18564436e+01 1.18627156e+01 1.19127156e+01 1.19161980e+01 1.19164860e+01 1.19261980e+01 1.19264860e+01 1.19361980e+01 1.19377020e+01 1.19877020e+01 1.19884092e+01 1.19886972e+01 1.19984092e+01 1.19986972e+01 1.20084092e+01 1.20104892e+01 1.20604892e+01 1.20636866e+01 1.20639746e+01 1.20736866e+01 1.20739746e+01 1.20836866e+01 1.20851906e+01 1.21351906e+01 1.21407426e+01 1.21410306e+01 1.21507426e+01 1.21510306e+01 1.21607426e+01 1.21622466e+01 1.22122466e+01 1.22148239e+01 1.22171279e+01 1.22248239e+01 1.22271279e+01 1.22348239e+01 1.22427599e+01 1.22927599e+01 1.22992736e+01 1.23015776e+01 1.23092736e+01 1.23115776e+01 1.23192736e+01 1.23275296e+01 1.23775296e+01 1.23779133e+01 1.23856093e+01 1.23879133e+01 1.23956093e+01 1.23979133e+01 1.24056093e+01 1.24079133e+01 1.24156093e+01 1.24216893e+01 1.24716893e+01 1.24799865e+01 1.24802745e+01 1.24899865e+01 1.24902745e+01 1.24999865e+01 1.25020665e+01 1.25196091e+01 1.25300470e+01 1.25323510e+01 1.25400470e+01 1.25423510e+01 1.25500470e+01 1.25523510e+01 1.25600470e+01 1.25623510e+01 1.25700470e+01 1.25723510e+01 1.25800470e+01 1.25884950e+01 1.25979595e+01 1.26179595e+01 1.26182475e+01 1.26279595e+01 1.26282475e+01 1.26379595e+01 1.26382475e+01 1.26479595e+01 1.26482475e+01 1.26579595e+01 1.26582475e+01 1.26679595e+01 1.26690398e+01 1.26694635e+01 1.27194635e+01 1.27200049e+01 1.27202929e+01 1.27300049e+01 1.27302929e+01 1.27400049e+01 1.27420849e+01 1.27920849e+01 1.27968853e+01 1.27971733e+01 1.28068853e+01 1.28071733e+01 1.28168853e+01 1.28189653e+01 1.28689653e+01 1.28691607e+01 1.28714647e+01 1.28791607e+01 1.28814647e+01 1.28891607e+01 1.28954327e+01 1.29454327e+01 1.29504329e+01 1.29507209e+01 1.29604329e+01 1.29619369e+01 1.30119369e+01 1.30130932e+01 1.30153972e+01 1.30230932e+01 1.30253972e+01 1.30330932e+01 1.30353972e+01 1.30430932e+01 1.30501332e+01 1.31001332e+01 1.31020826e+01 1.31023706e+01 1.31120826e+01 1.31123706e+01 1.31220826e+01 1.31235866e+01 1.31735866e+01 1.31767392e+01 1.31770272e+01 1.31867392e+01 1.31870272e+01 1.31967392e+01 1.31988192e+01 1.32488192e+01 1.32489559e+01 1.32551298e+01 1.32574338e+01 1.32586679e+01 1.32589559e+01 1.32651298e+01 1.32674338e+01 1.32686679e+01 1.32689559e+01 1.32751298e+01 1.32774338e+01 1.32786679e+01 1.32789559e+01 1.32851298e+01 1.32947938e+01 1.33107761e+01 1.33110641e+01 1.33207761e+01 1.33210641e+01 1.33289559e+01 1.33789559e+01 1.33954341e+01 1.33957221e+01 1.33978324e+01 1.34054341e+01 1.34057221e+01 1.34078324e+01 1.34154341e+01 1.34157221e+01 1.34178324e+01 1.34254341e+01 1.34257221e+01 1.34278324e+01 1.34354341e+01 1.34357221e+01 1.34378324e+01 1.34454341e+01 1.34475141e+01 1.35578978e+01 1.35638704e+01 1.35641584e+01 1.35738704e+01 1.35741584e+01 1.35838704e+01 1.35841584e+01 1.35938704e+01 1.35941584e+01 1.36038704e+01 1.36041584e+01 1.36138704e+01 1.36159504e+01 1.36351301e+01 1.36383459e+01 1.36406499e+01 1.36483459e+01 1.36506499e+01 1.36583459e+01 1.36606499e+01 1.36683459e+01 1.36706499e+01 1.36783459e+01 1.36806499e+01 1.36883459e+01 1.36968579e+01 1.37057355e+01 1.37239653e+01 1.37257355e+01 1.37260235e+01 1.37357355e+01 1.37360235e+01 1.37457355e+01 1.37460235e+01 1.37557355e+01 1.37560235e+01 1.37657355e+01 1.37660235e+01 1.37757355e+01 1.37772395e+01 1.38272395e+01 1.38361405e+01 1.38364285e+01 1.38461405e+01 1.38464285e+01 1.38561405e+01 1.38564285e+01 1.38661405e+01 1.38664285e+01 1.38761405e+01 1.38764285e+01 1.38861405e+01 1.38882205e+01 1.39382205e+01 1.39400612e+01 1.39403492e+01 1.39500612e+01 1.39503492e+01 1.39600612e+01 1.39615652e+01 1.40115652e+01 1.40163086e+01 1.40165966e+01 1.40263086e+01 1.40265966e+01 1.40363086e+01 1.40366112e+01 1.40383886e+01 1.40883886e+01 1.40890380e+01 1.40893260e+01 1.40990380e+01 1.40993260e+01 1.41090380e+01 1.41105420e+01 1.41605420e+01 1.41656511e+01 1.41679551e+01 1.41756511e+01 1.41779551e+01 1.41856511e+01 1.41930111e+01 1.42430111e+01 1.42451220e+01 1.42528180e+01 1.42551220e+01 1.42628180e+01 1.42651220e+01 1.42728180e+01 1.42751220e+01 1.42828180e+01 1.42908820e+01 1.43408820e+01 1.43436573e+01 1.43459613e+01 1.43536573e+01 1.43559613e+01 1.43636573e+01 1.43659613e+01 1.43736573e+01 1.43789053e+01 1.44289053e+01 1.44317057e+01 1.44340097e+01 1.44417057e+01 1.44440097e+01 1.44517057e+01 1.44540097e+01 1.44617057e+01 1.44711137e+01 1.45139680e+01 1.45147238e+01 1.45224198e+01 1.45247238e+01 1.45324198e+01 1.45347238e+01 1.45424198e+01 1.45495238e+01 1.45543522e+01 1.45694372e+01 1.45697252e+01 1.45794372e+01 1.45797252e+01 1.45894372e+01 1.45897252e+01 1.45994372e+01 1.45997252e+01 1.46094372e+01 1.46097252e+01 1.46194372e+01 1.46215172e+01 1.46347673e+01 1.46491319e+01 1.46514359e+01 1.46591319e+01 1.46614359e+01 1.46691319e+01 1.46714359e+01 1.46791319e+01 1.46814359e+01 1.46891319e+01 1.46914359e+01 1.46991319e+01 1.47078999e+01 1.47205785e+01 1.47328211e+01 1.47351251e+01 1.47428211e+01 1.47451251e+01 1.47528211e+01 1.47533705e+01 1.47551251e+01 1.47628211e+01 1.47651251e+01 1.47728211e+01 1.47751251e+01 1.47828211e+01 1.47925491e+01 1.48096279e+01 1.48205878e+01 1.48208758e+01 1.48305878e+01 1.48308758e+01 1.48405878e+01 1.48408758e+01 1.48505878e+01 1.48508758e+01 1.48605878e+01 1.48608758e+01 1.48705878e+01 1.48726678e+01 1.48837615e+01 1.48984089e+01 1.49007129e+01 1.49084089e+01 1.49107129e+01 1.49184089e+01 1.49207129e+01 1.49284089e+01 1.49307129e+01 1.49384089e+01 1.49407129e+01 1.49484089e+01 1.49551289e+01 1.49634260e+01 1.49696216e+01 1.49699096e+01 1.49796216e+01 1.49799096e+01 1.49896216e+01 1.49899096e+01 1.49996216e+01 1.49999096e+01 1.50096216e+01 1.50099096e+01 1.50196216e+01 1.50211256e+01 1.50290763e+01 1.50483888e+01 1.50486768e+01 1.50583888e+01 1.50586768e+01 1.50683888e+01 1.50686768e+01 1.50783888e+01 1.50786768e+01 1.50883888e+01 1.50886768e+01 1.50983888e+01 1.51004688e+01 1.51094505e+01 1.51251214e+01 1.51254094e+01 1.51351214e+01 1.51354094e+01 1.51451214e+01 1.51454094e+01 1.51551214e+01 1.51554094e+01 1.51651214e+01 1.51654094e+01 1.51751214e+01 1.51772014e+01 1.51823460e+01 1.52023460e+01 1.52026340e+01 1.52123460e+01 1.52126340e+01 1.52223460e+01 1.52226340e+01 1.52323460e+01 1.52326340e+01 1.52423460e+01 1.52426340e+01 1.52523460e+01 1.52538500e+01 1.53038500e+01 1.53097813e+01 1.53100693e+01 1.53197813e+01 1.53200693e+01 1.53297813e+01 1.53312853e+01 1.53812853e+01 1.53834034e+01 1.53836914e+01 1.53934034e+01 1.53936914e+01 1.54034034e+01 1.54049074e+01 1.54549074e+01 1.54639265e+01 1.54642145e+01 1.54739265e+01 1.54742145e+01 1.54839265e+01 1.54842145e+01 1.54939265e+01 1.54960065e+01 1.55143410e+01 1.55171736e+01 1.55174616e+01 1.55271736e+01 1.55274616e+01 1.55371736e+01 1.55374616e+01 1.55471736e+01 1.55474616e+01 1.55571736e+01 1.55574616e+01 1.55671736e+01 1.55692536e+01 1.55719099e+01 1.55919099e+01 1.55921979e+01 1.56019099e+01 1.56021979e+01 1.56119099e+01 1.56121979e+01 1.56219099e+01 1.56221979e+01 1.56319099e+01 1.56321979e+01 1.56419099e+01 1.56434139e+01 1.56934139e+01 1.57008999e+01 1.57032039e+01 1.57108999e+01 1.57132039e+01 1.57208999e+01 1.57279399e+01 1.57779399e+01 1.57826960e+01 1.57850000e+01 1.57926960e+01 1.57950000e+01 1.58026960e+01 1.58089040e+01 1.58589040e+01 1.58674934e+01 1.58677814e+01 1.58774934e+01 1.58776751e+01 1.58795734e+01 1.59295734e+01 1.59354983e+01 1.59357863e+01 1.59379668e+01 1.59454983e+01 1.59457863e+01 1.59479668e+01 1.59554983e+01 1.59570023e+01 1.59653268e+01 1.60027620e+01 1.60030500e+01 1.60057863e+01 1.60557863e+01 1.60757863e+01 1.61257863e+01 1.61292813e+01 1.61315853e+01 1.61392813e+01 1.61470253e+01 1.61970253e+01 1.61996624e+01 1.61999504e+01 1.62096624e+01 1.62099504e+01 1.62196624e+01 1.62211664e+01 1.62711664e+01 1.62733585e+01 1.62810545e+01 1.62833585e+01 1.62910545e+01 1.62933585e+01 1.63010545e+01 1.63033585e+01 1.63110545e+01 1.63209745e+01 1.63709745e+01 1.63751329e+01 1.63774369e+01 1.63851329e+01 1.63874369e+01 1.63951329e+01 1.63974369e+01 1.64051329e+01 1.64129409e+01 1.64629409e+01 1.64643583e+01 1.64666623e+01 1.64743583e+01 1.64766623e+01 1.64843583e+01 1.64908863e+01 1.64998366e+01 1.65139334e+01 1.65162374e+01 1.65239334e+01 1.65262374e+01 1.65339334e+01 1.65362374e+01 1.65439334e+01 1.65462374e+01 1.65539334e+01 1.65562374e+01 1.65639334e+01 1.65731494e+01 1.65807159e+01 1.65957752e+01 1.65980792e+01 1.66057752e+01 1.66080792e+01 1.66157752e+01 1.66180792e+01 1.66257752e+01 1.66280792e+01 1.66357752e+01 1.66380792e+01 1.66457752e+01 1.66543703e+01 1.66556312e+01 1.66748363e+01 1.66828746e+01 1.66831626e+01 1.66928746e+01 1.66931626e+01 1.67028746e+01 1.67031626e+01 1.67128746e+01 1.67131626e+01 1.67228746e+01 1.67231626e+01 1.67328746e+01 1.67349546e+01 1.67353406e+01 1.67553406e+01 1.67556286e+01 1.67653406e+01 1.67656286e+01 1.67753406e+01 1.67756286e+01 1.67853406e+01 1.67856286e+01 1.67953406e+01 1.67956286e+01 1.68053406e+01 1.68068446e+01 1.68568446e+01 1.68598143e+01 1.68621183e+01 1.68698143e+01 1.68721183e+01 1.68798143e+01 1.68890943e+01 1.69390943e+01 1.69445274e+01 1.69448154e+01 1.69545274e+01 1.69548154e+01 1.69645274e+01 1.69660314e+01 1.70160314e+01 1.70209997e+01 1.70212877e+01 1.70309997e+01 1.70312877e+01 1.70409997e+01 1.70425037e+01 1.70925037e+01 1.70987114e+01 1.70989994e+01 1.71087114e+01 1.71089994e+01 1.71187114e+01 1.71207914e+01 1.71707914e+01 1.71713218e+01 1.71716098e+01 1.71813218e+01 1.71816098e+01 1.71913218e+01 1.71934018e+01 1.72434018e+01 1.72506482e+01 1.72529522e+01 1.72530323e+01 1.72606482e+01 1.72629522e+01 1.72630323e+01 1.72634018e+01 1.73134018e+01 1.73149388e+01 1.73152268e+01 1.73249388e+01 1.73252268e+01 1.73349388e+01 1.73352268e+01 1.73449388e+01 1.73452268e+01 1.73549388e+01 1.73570188e+01 1.74070188e+01 1.74136175e+01 1.74139055e+01 1.74236175e+01 1.74239055e+01 1.74336175e+01 1.74356975e+01 1.75199758e+01 1.75399758e+01 1.75402638e+01 1.75499758e+01 1.75502638e+01 1.75599758e+01 1.75602638e+01 1.75699758e+01 1.75702638e+01 1.75799758e+01 1.75802638e+01 1.75899758e+01 1.75914798e+01 1.76414798e+01 1.76420816e+01 1.76443856e+01 1.76520816e+01 1.76543856e+01 1.76620816e+01 1.76643856e+01 1.76720816e+01 1.76818096e+01 1.77318096e+01 1.77342573e+01 1.77365613e+01 1.77442573e+01 1.77465613e+01 1.77542573e+01 1.77565613e+01 1.77642573e+01 1.77710413e+01 1.78210413e+01 1.78212026e+01 1.78288986e+01 1.78312026e+01 1.78388986e+01 1.78412026e+01 1.78488986e+01 1.78512026e+01 1.78588986e+01 1.78644188e+01 1.78659386e+01 1.79159386e+01 1.79187191e+01 1.79210231e+01 1.79287191e+01 1.79310231e+01 1.79387191e+01 1.79410231e+01 1.79487191e+01 1.79551191e+01 1.80051191e+01 1.80078203e+01 1.80081083e+01 1.80081427e+01 1.80084307e+01 1.80103885e+01 1.80178203e+01 1.80181083e+01 1.80181427e+01 1.80184307e+01 1.80203885e+01 1.80278203e+01 1.80281083e+01 1.80281427e+01 1.80302227e+01 1.80802227e+01 1.80883415e+01 1.80886295e+01 1.80983415e+01 1.80986295e+01 1.81083415e+01 1.81104215e+01 1.81604215e+01 1.81605917e+01 1.81608797e+01 1.81705917e+01 1.81708797e+01 1.81805917e+01 1.81826717e+01 1.82326717e+01 1.82346601e+01 1.82349481e+01 1.82446601e+01 1.82449481e+01 1.82546601e+01 1.82561641e+01 1.83061641e+01 1.83119597e+01 1.83122477e+01 1.83219597e+01 1.83222477e+01 1.83319597e+01 1.83340397e+01 1.83840397e+01 1.83860475e+01 1.83863355e+01 1.83960475e+01 1.83963355e+01 1.84060475e+01 1.84063355e+01 1.84160475e+01 1.84181275e+01 1.84681275e+01 1.84684650e+01 1.84707690e+01 1.84784650e+01 1.84807690e+01 1.84884650e+01 1.84962090e+01 1.85099108e+01 1.85228884e+01 1.85231764e+01 1.85328884e+01 1.85331764e+01 1.85428884e+01 1.85431764e+01 1.85528884e+01 1.85531764e+01 1.85628884e+01 1.85631764e+01 1.85728884e+01 1.85743924e+01 1.85763372e+01 1.85963372e+01 1.85966252e+01 1.86063372e+01 1.86066252e+01 1.86163372e+01 1.86166252e+01 1.86263372e+01 1.86266252e+01 1.86363372e+01 1.86366252e+01 1.86463372e+01 1.86478412e+01 1.86978412e+01 1.86982404e+01 1.87005444e+01 1.87082404e+01 1.87105444e+01 1.87182404e+01 1.87205444e+01 1.87282404e+01 1.87351524e+01 1.87851524e+01 1.87869701e+01 1.87892741e+01 1.87969701e+01 1.87992741e+01 1.88069701e+01 1.88125381e+01 1.88625381e+01 1.88690746e+01 1.88713786e+01 1.88790746e+01 1.88813786e+01 1.88890746e+01 1.88913786e+01 1.88990746e+01 1.89068186e+01 1.89568186e+01 1.89591951e+01 1.89594831e+01 1.89691951e+01 1.89694831e+01 1.89791951e+01 1.89794831e+01 1.89891951e+01 1.89906991e+01 1.90406991e+01 1.90410916e+01 1.90487876e+01 1.90510916e+01 1.90587876e+01 1.90594875e+01 1.90610916e+01 1.90687876e+01 1.90751876e+01 1.91251876e+01 1.91260303e+01 1.91263183e+01 1.91360303e+01 1.91363183e+01 1.91460303e+01 1.91463183e+01 1.91560303e+01 1.91575343e+01 1.92075343e+01 1.92099528e+01 1.92102408e+01 1.92199528e+01 1.92202408e+01 1.92299528e+01 1.92314568e+01 1.92814568e+01 1.92850707e+01 1.92853587e+01 1.92950707e+01 1.92953587e+01 1.93050707e+01 1.93053587e+01 1.93150707e+01 1.93171507e+01 1.93671507e+01 1.93728931e+01 1.93731811e+01 1.93828931e+01 1.93831811e+01 1.93928931e+01 1.93949731e+01 1.94449731e+01 1.94458326e+01 1.94461206e+01 1.94558326e+01 1.94561206e+01 1.94658326e+01 1.94679126e+01 1.95026054e+01 1.95086333e+01 1.95109373e+01 1.95186333e+01 1.95209373e+01 1.95226054e+01 1.95228934e+01 1.95326054e+01 1.95328934e+01 1.95426054e+01 1.95428934e+01 1.95526054e+01 1.95528934e+01 1.95626054e+01 1.95628934e+01 1.95726054e+01 1.95741094e+01 1.96241094e+01 1.96290401e+01 1.96293281e+01 1.96390401e+01 1.96393281e+01 1.96490401e+01 1.96511201e+01 1.97011201e+01 1.97071207e+01 1.97094247e+01 1.97171207e+01 1.97194247e+01 1.97271207e+01 1.97352487e+01 1.97852487e+01 1.97856798e+01 1.97933758e+01 1.97956798e+01 1.98033758e+01 1.98056798e+01 1.98133758e+01 1.98156798e+01 1.98233758e+01 1.98322718e+01 1.98822718e+01 1.98835037e+01 1.98911997e+01 1.98935037e+01 1.99011997e+01 1.99035037e+01 1.99111997e+01 1.99208637e+01 1.99708637e+01 1.99725272e+01 1.99728152e+01 1.99825272e+01 1.99840312e+01 2.00340312e+01 2.00389792e+01 2.00392672e+01 2.00489792e+01 2.00492672e+01 2.00589792e+01 2.00610592e+01 2.01110592e+01 2.01122581e+01 2.01125461e+01 2.01125688e+01 2.01222581e+01 2.01225461e+01 2.01225688e+01 2.01322581e+01 2.01343381e+01 2.01843381e+01 2.01844001e+01 2.01846881e+01 2.01944001e+01 2.01946881e+01 2.02044001e+01 2.02064801e+01 2.02564801e+01 2.02565839e+01 2.02568719e+01 2.02665839e+01 2.02668719e+01 2.02765839e+01 2.02780879e+01 2.03280879e+01 2.03313653e+01 2.03336693e+01 2.03413653e+01 2.03436693e+01 2.03513653e+01 2.03536693e+01 2.03613653e+01 2.03624966e+01 2.03669333e+01 2.04169333e+01 2.04234931e+01 2.04257971e+01 2.04334931e+01 2.04357971e+01 2.04434931e+01 2.04506611e+01 2.05458531e+01 2.05552469e+01 2.05555349e+01 2.05652469e+01 2.05655349e+01 2.05752469e+01 2.05755349e+01 2.05852469e+01 2.05855349e+01 2.05952469e+01 2.05955349e+01 2.06052469e+01 2.06073269e+01 2.06153912e+01 2.06330069e+01 2.06353109e+01 2.06430069e+01 2.06453109e+01 2.06530069e+01 2.06553109e+01 2.06630069e+01 2.06653109e+01 2.06730069e+01 2.06753109e+01 2.06830069e+01 2.06898549e+01 2.06946232e+01 2.07146232e+01 2.07149112e+01 2.07246232e+01 2.07249112e+01 2.07346232e+01 2.07349112e+01 2.07446232e+01 2.07449112e+01 2.07546232e+01 2.07549112e+01 2.07646232e+01 2.07661272e+01 2.08161272e+01 2.08164175e+01 2.08187215e+01 2.08264175e+01 2.08287215e+01 2.08364175e+01 2.08387215e+01 2.08464175e+01 2.08524975e+01 2.09024975e+01 2.09034537e+01 2.09111497e+01 2.09134537e+01 2.09211497e+01 2.09234537e+01 2.09311497e+01 2.09377417e+01 2.09877417e+01 2.09904105e+01 2.09906985e+01 2.10004105e+01 2.10006985e+01 2.10104105e+01 2.10119145e+01 2.10619145e+01 2.10638507e+01 2.10641387e+01 2.10738507e+01 2.10741387e+01 2.10838507e+01 2.10853547e+01 2.11353547e+01 2.11371752e+01 2.11394792e+01 2.11471752e+01 2.11494792e+01 2.11571752e+01 2.11594792e+01 2.11671752e+01 2.11735752e+01 2.12235752e+01 2.12243266e+01 2.12246146e+01 2.12343266e+01 2.12346146e+01 2.12443266e+01 2.12458306e+01 2.12958306e+01 2.12961042e+01 2.13058162e+01 2.13061042e+01 2.13158162e+01 2.13161042e+01 2.13258162e+01 2.13261042e+01 2.13358162e+01 2.13378962e+01 2.13878962e+01 2.13913370e+01 2.13916250e+01 2.14013370e+01 2.14016250e+01 2.14113370e+01 2.14116250e+01 2.14213370e+01 2.14234170e+01 2.14734170e+01 2.14746983e+01 2.14749863e+01 2.14846983e+01 2.14849863e+01 2.14946983e+01 2.14949863e+01 2.15046983e+01 2.15067756e+01 2.15067783e+01 2.15090480e+01 2.15290480e+01 2.15293360e+01 2.15390480e+01 2.15393360e+01 2.15490480e+01 2.15493360e+01 2.15590480e+01 2.15593360e+01 2.15690480e+01 2.15693360e+01 2.15790480e+01 2.15805520e+01 2.16305520e+01 2.16309858e+01 2.16332898e+01 2.16409858e+01 2.16432898e+01 2.16509858e+01 2.16575778e+01 2.17075778e+01 2.17103229e+01 2.17126269e+01 2.17203229e+01 2.17226269e+01 2.17303229e+01 2.17366589e+01 2.17866589e+01 2.17902471e+01 2.17925511e+01 2.18002471e+01 2.18025511e+01 2.18102471e+01 2.18179271e+01 2.18679271e+01 2.18702735e+01 2.18725775e+01 2.18802735e+01 2.18825775e+01 2.18902735e+01 2.18993615e+01 2.19493615e+01 2.19546123e+01 2.19549003e+01 2.19646123e+01 2.19649003e+01 2.19746123e+01 2.19766923e+01 2.20266923e+01 2.20286166e+01 2.20289046e+01 2.20386166e+01 2.20389046e+01 2.20486166e+01 2.20489046e+01 2.20586166e+01 2.20601206e+01 2.21101206e+01 2.21130768e+01 2.21153808e+01 2.21230768e+01 2.21253808e+01 2.21330768e+01 2.21387088e+01 2.21887088e+01 2.21963576e+01 2.21986616e+01 2.22063576e+01 2.22086616e+01 2.22163576e+01 2.22215416e+01 2.22715416e+01 2.22727123e+01 2.22750163e+01 2.22827123e+01 2.22850163e+01 2.22927123e+01 2.22991763e+01 2.23491763e+01 2.23514930e+01 2.23537970e+01 2.23614930e+01 2.23637970e+01 2.23714930e+01 2.23733221e+01 2.23782130e+01 2.24282130e+01 2.24302122e+01 2.24305002e+01 2.24402122e+01 2.24405002e+01 2.24502122e+01 2.24517162e+01 2.25334988e+01 2.25534988e+01 2.25537868e+01 2.25634988e+01 2.25637868e+01 2.25734988e+01 2.25737868e+01 2.25834988e+01 2.25837868e+01 2.25934988e+01 2.25937868e+01 2.26034988e+01 2.26050028e+01 2.26550028e+01 2.26597081e+01 2.26599961e+01 2.26697081e+01 2.26699961e+01 2.26797081e+01 2.26817881e+01 2.27317881e+01 2.27329655e+01 2.27332535e+01 2.27429655e+01 2.27432535e+01 2.27529655e+01 2.27550455e+01 2.28050455e+01 2.28075224e+01 2.28078104e+01 2.28175224e+01 2.28178104e+01 2.28275224e+01 2.28296024e+01 2.28796024e+01 2.28800419e+01 2.28803299e+01 2.28900419e+01 2.28903299e+01 2.29000419e+01 2.29021219e+01 2.29521219e+01 2.29551903e+01 2.29554783e+01 2.29651903e+01 2.29654783e+01 2.29751903e+01 2.29754783e+01 2.29851903e+01 2.29872703e+01 2.30372703e+01 2.30428934e+01 2.30431814e+01 2.30528934e+01 2.30531814e+01 2.30628934e+01 2.30643974e+01 2.31143974e+01 2.31165932e+01 2.31168812e+01 2.31265932e+01 2.31268812e+01 2.31365932e+01 2.31380972e+01 2.31880972e+01 2.31886899e+01 2.31889779e+01 2.31986899e+01 2.31989779e+01 2.32086899e+01 2.32101939e+01 2.32601939e+01 2.32622600e+01 2.32645640e+01 2.32722600e+01 2.32745640e+01 2.32822600e+01 2.32891080e+01 2.33391080e+01 2.33420270e+01 2.33423150e+01 2.33520270e+01 2.33523150e+01 2.33620270e+01 2.33641070e+01 2.34141070e+01 2.34141312e+01 2.34144192e+01 2.34241312e+01 2.34244192e+01 2.34341312e+01 2.34362112e+01 2.35375466e+01 2.35575466e+01 2.35578346e+01 2.35675466e+01 2.35678346e+01 2.35775466e+01 2.35778346e+01 2.35875466e+01 2.35878346e+01 2.35975466e+01 2.35978346e+01 2.36075466e+01 2.36090506e+01 2.36590506e+01 2.36628620e+01 2.36651660e+01 2.36728620e+01 2.36751660e+01 2.36828620e+01 2.36917580e+01 2.37417580e+01 2.37488625e+01 2.37511665e+01 2.37588625e+01 2.37611665e+01 2.37688625e+01 2.37750705e+01 2.38250705e+01 2.38265920e+01 2.38268800e+01 2.38365920e+01 2.38368800e+01 2.38465920e+01 2.38486720e+01 2.38986720e+01 2.39040855e+01 2.39043735e+01 2.39140855e+01 2.39143735e+01 2.39240855e+01 2.39243735e+01 2.39340855e+01 2.39361655e+01 2.39861655e+01 2.39869111e+01 2.39892151e+01 2.39969111e+01 2.39992151e+01 2.40069111e+01 2.40092151e+01 2.40092802e+01 2.40093758e+01 2.40169111e+01 2.40179246e+01 2.40229271e+01 2.40729271e+01 2.40791392e+01 2.40794272e+01 2.40891392e+01 2.40894272e+01 2.40991392e+01 2.40994272e+01 2.41091392e+01 2.41112192e+01 2.41612192e+01 2.41624128e+01 2.41627008e+01 2.41724128e+01 2.41727008e+01 2.41824128e+01 2.41827008e+01 2.41924128e+01 2.41944928e+01 2.42444928e+01 2.42536211e+01 2.42539091e+01 2.42636211e+01 2.42639091e+01 2.42736211e+01 2.42751251e+01 2.43251251e+01 2.43291170e+01 2.43294050e+01 2.43391170e+01 2.43394050e+01 2.43491170e+01 2.43511970e+01 2.44011970e+01 2.44020399e+01 2.44097359e+01 2.44120399e+01 2.44197359e+01 2.44220399e+01 2.44297359e+01 2.44395279e+01 2.45201489e+01 2.45251575e+01 2.45320695e+01 2.45399209e+01 2.45539819e+01 2.45562859e+01 2.45639819e+01 2.45662859e+01 2.45739819e+01 2.45762859e+01 2.45839819e+01 2.45862859e+01 2.45939819e+01 2.45962859e+01 2.46039819e+01 2.46102539e+01 2.46141083e+01 2.46341083e+01 2.46343963e+01 2.46441083e+01 2.46443963e+01 2.46541083e+01 2.46543963e+01 2.46641083e+01 2.46643963e+01 2.46741083e+01 2.46743963e+01 2.46841083e+01 2.46856123e+01 2.47356123e+01 2.47384594e+01 2.47387474e+01 2.47484594e+01 2.47487474e+01 2.47584594e+01 2.47587474e+01 2.47684594e+01 2.47705394e+01 2.48205394e+01 2.48278376e+01 2.48281256e+01 2.48378376e+01 2.48381256e+01 2.48478376e+01 2.48499176e+01 2.48999176e+01 2.49051358e+01 2.49074398e+01 2.49151358e+01 2.49174398e+01 2.49251358e+01 2.49303838e+01 2.49803838e+01 2.49823337e+01 2.49826217e+01 2.49923337e+01 2.49926217e+01 2.50023337e+01 2.50038377e+01 2.50538377e+01 2.50561854e+01 2.50584894e+01 2.50661854e+01 2.50684894e+01 2.50761854e+01 2.50829054e+01 2.51329054e+01 2.51361023e+01 2.51384063e+01 2.51461023e+01 2.51484063e+01 2.51561023e+01 2.51585776e+01 2.51639103e+01 2.52139103e+01 2.52204779e+01 2.52207659e+01 2.52304779e+01 2.52307659e+01 2.52404779e+01 2.52419819e+01 2.52919819e+01 2.52921346e+01 2.52924226e+01 2.53021346e+01 2.53024226e+01 2.53121346e+01 2.53124226e+01 2.53221346e+01 2.53242146e+01 2.53742146e+01 2.53802227e+01 2.53805107e+01 2.53902227e+01 2.53905107e+01 2.54002227e+01 2.54023027e+01 2.54523027e+01 2.54529124e+01 2.54606084e+01 2.54629124e+01 2.54706084e+01 2.54729124e+01 2.54806084e+01 2.54873284e+01 2.54977436e+01 2.55156405e+01 2.55177436e+01 2.55180316e+01 2.55277436e+01 2.55280316e+01 2.55377436e+01 2.55380316e+01 2.55477436e+01 2.55480316e+01 2.55577436e+01 2.55580316e+01 2.55677436e+01 2.55692476e+01 2.56192476e+01 2.56261568e+01 2.56264448e+01 2.56361568e+01 2.56364448e+01 2.56461568e+01 2.56464448e+01 2.56561568e+01 2.56582368e+01 2.57082368e+01 2.57131905e+01 2.57154945e+01 2.57231905e+01 2.57254945e+01 2.57331905e+01 2.57385025e+01 2.57885025e+01 2.57903775e+01 2.57980735e+01 2.58003775e+01 2.58080735e+01 2.58103775e+01 2.58180735e+01 2.58203775e+01 2.58280735e+01 2.58372895e+01 2.58872895e+01 2.58901630e+01 2.58924670e+01 2.59001630e+01 2.59024670e+01 2.59101630e+01 2.59124670e+01 2.59201630e+01 2.59259870e+01 2.59759870e+01 2.59763758e+01 2.59766638e+01 2.59863758e+01 2.59866638e+01 2.59963758e+01 2.59978798e+01 2.60478798e+01 2.60525012e+01 2.60548052e+01 2.60625012e+01 2.60648052e+01 2.60725012e+01 2.60797972e+01 2.61297972e+01 2.61331182e+01 2.61334062e+01 2.61431182e+01 2.61434062e+01 2.61531182e+01 2.61546222e+01 2.62046222e+01 2.62136842e+01 2.62139722e+01 2.62236842e+01 2.62239722e+01 2.62336842e+01 2.62351882e+01 2.62851882e+01 2.62892995e+01 2.62895875e+01 2.62992995e+01 2.62995875e+01 2.63092995e+01 2.63113795e+01 2.63613795e+01 2.63620889e+01 2.63623769e+01 2.63720889e+01 2.63723769e+01 2.63820889e+01 2.63823769e+01 2.63920889e+01 2.63929241e+01 2.63941689e+01 2.64441689e+01 2.64469504e+01 2.64492544e+01 2.64569504e+01 2.64592544e+01 2.64669504e+01 2.64759104e+01 2.64930252e+01 2.65130252e+01 2.65133132e+01 2.65230252e+01 2.65233132e+01 2.65330252e+01 2.65333132e+01 2.65430252e+01 2.65433132e+01 2.65530252e+01 2.65533132e+01 2.65630252e+01 2.65645292e+01 2.66145292e+01 2.66190668e+01 2.66213708e+01 2.66290668e+01 2.66313708e+01 2.66345292e+01 2.66845292e+01 2.66850181e+01 2.66853061e+01 2.66950181e+01 2.66953061e+01 2.67050181e+01 2.67053061e+01 2.67150181e+01 2.67153061e+01 2.67250181e+01 2.67270981e+01 2.67770981e+01 2.67802258e+01 2.67805138e+01 2.67902258e+01 2.67905138e+01 2.68002258e+01 2.68023058e+01 2.68523058e+01 2.68583898e+01 2.68606938e+01 2.68683898e+01 2.68706938e+01 2.68783898e+01 2.68855578e+01 2.69355578e+01 2.69362891e+01 2.69385931e+01 2.69462891e+01 2.69485931e+01 2.69562891e+01 2.69614731e+01 2.70114731e+01 2.70134017e+01 2.70157057e+01 2.70234017e+01 2.70257057e+01 2.70334017e+01 2.70357057e+01 2.70434017e+01 2.70532577e+01 2.71032577e+01 2.71035255e+01 2.71038135e+01 2.71135255e+01 2.71138135e+01 2.71235255e+01 2.71256055e+01 2.71756055e+01 2.71804490e+01 2.71807370e+01 2.71809015e+01 2.71904490e+01 2.71907370e+01 2.71909015e+01 2.72004490e+01 2.72025290e+01 2.72525290e+01 2.72529991e+01 2.72606951e+01 2.72629991e+01 2.72706951e+01 2.72729991e+01 2.72806951e+01 2.72881191e+01 2.73381191e+01 2.73400405e+01 2.73403285e+01 2.73500405e+01 2.73503285e+01 2.73600405e+01 2.73603285e+01 2.73700405e+01 2.73715445e+01 2.74215445e+01 2.74229602e+01 2.74306562e+01 2.74329602e+01 2.74406562e+01 2.74429602e+01 2.74506562e+01 2.74533727e+01 2.74582082e+01 2.75519516e+01 2.75540555e+01 2.75617515e+01 2.75640555e+01 2.75717515e+01 2.75809675e+01 2.75856310e+01 2.76056310e+01 2.76059190e+01 2.76156310e+01 2.76159190e+01 2.76256310e+01 2.76259190e+01 2.76356310e+01 2.76359190e+01 2.76456310e+01 2.76459190e+01 2.76556310e+01 2.76571350e+01 2.77071350e+01 2.77107957e+01 2.77130997e+01 2.77207957e+01 2.77230997e+01 2.77307957e+01 2.77391157e+01 2.77891157e+01 2.77964682e+01 2.77987722e+01 2.78064682e+01 2.78087722e+01 2.78164682e+01 2.78256202e+01 2.78756202e+01 2.78761584e+01 2.78784624e+01 2.78861584e+01 2.78884624e+01 2.78961584e+01 2.78984624e+01 2.79061584e+01 2.79121744e+01 2.79621744e+01 2.79634631e+01 2.79637511e+01 2.79734631e+01 2.79737511e+01 2.79834631e+01 2.79849671e+01 2.80349671e+01 2.80367321e+01 2.80370201e+01 2.80467321e+01 2.80470201e+01 2.80567321e+01 2.80582361e+01 2.81082361e+01 2.81125441e+01 2.81128321e+01 2.81225441e+01 2.81228321e+01 2.81325441e+01 2.81346241e+01 2.81846241e+01 2.81877686e+01 2.81880566e+01 2.81901111e+01 2.81977686e+01 2.81980566e+01 2.82001111e+01 2.82077686e+01 2.82092726e+01 2.82592726e+01 2.82597877e+01 2.82600757e+01 2.82697877e+01 2.82700757e+01 2.82797877e+01 2.82818677e+01 2.83318677e+01 2.83328548e+01 2.83351588e+01 2.83428548e+01 2.83451588e+01 2.83518677e+01 2.84018677e+01 2.84058917e+01 2.84061797e+01 2.84082486e+01 2.84158917e+01 2.84161797e+01 2.84182486e+01 2.84258917e+01 2.84261797e+01 2.84282486e+01 2.84358917e+01 2.84379717e+01 2.85676079e+01 2.85728414e+01 2.85731294e+01 2.85828414e+01 2.85849214e+01 2.86012682e+01 2.86158398e+01 2.86181438e+01 2.86258398e+01 2.86281438e+01 2.86358398e+01 2.86381438e+01 2.86458398e+01 2.86481438e+01 2.86558398e+01 2.86581438e+01 2.86658398e+01 2.86675331e+01 2.86709598e+01 2.86827360e+01 2.87004227e+01 2.87027267e+01 2.87104227e+01 2.87127267e+01 2.87204227e+01 2.87227267e+01 2.87304227e+01 2.87327267e+01 2.87404227e+01 2.87427267e+01 2.87504227e+01 2.87597667e+01 2.87744324e+01 2.87791882e+01 2.87794762e+01 2.87891882e+01 2.87894762e+01 2.87991882e+01 2.87994762e+01 2.88091882e+01 2.88094762e+01 2.88191882e+01 2.88194762e+01 2.88291882e+01 2.88312682e+01 2.88387384e+01 2.88587384e+01 2.88590264e+01 2.88687384e+01 2.88690264e+01 2.88787384e+01 2.88790264e+01 2.88887384e+01 2.88890264e+01 2.88987384e+01 2.88990264e+01 2.89087384e+01 2.89102424e+01 2.89602424e+01 2.89603456e+01 2.89606336e+01 2.89703456e+01 2.89706336e+01 2.89803456e+01 2.89818496e+01 2.90318496e+01 2.90395538e+01 2.90398418e+01 2.90495538e+01 2.90498418e+01 2.90595538e+01 2.90598418e+01 2.90695538e+01 2.90710578e+01 2.91210578e+01 2.91236116e+01 2.91238996e+01 2.91336116e+01 2.91338996e+01 2.91436116e+01 2.91451156e+01 2.91951156e+01 2.91961620e+01 2.92038580e+01 2.92061620e+01 2.92138580e+01 2.92161620e+01 2.92238580e+01 2.92261620e+01 2.92338580e+01 2.92419860e+01 2.92919860e+01 2.92946034e+01 2.92969074e+01 2.93046034e+01 2.93069074e+01 2.93146034e+01 2.93169074e+01 2.93246034e+01 2.93298514e+01 2.93798514e+01 2.93804770e+01 2.93807650e+01 2.93904770e+01 2.93907650e+01 2.94004770e+01 2.94007650e+01 2.94104770e+01 2.94125570e+01 2.94625570e+01 2.94643999e+01 2.94720959e+01 2.94743999e+01 2.94820959e+01 2.94843999e+01 2.94920959e+01 2.95015679e+01 2.95045240e+01 2.95245240e+01 2.95248120e+01 2.95345240e+01 2.95348120e+01 2.95445240e+01 2.95448120e+01 2.95545240e+01 2.95548120e+01 2.95645240e+01 2.95648120e+01 2.95745240e+01 2.95760280e+01 2.96260280e+01 2.96300482e+01 2.96303362e+01 2.96400482e+01 2.96403362e+01 2.96500482e+01 2.96521282e+01 2.97021282e+01 2.97042701e+01 2.97119661e+01 2.97121468e+01 2.97142701e+01 2.97219661e+01 2.97242701e+01 2.97319661e+01 2.97374701e+01 2.97874701e+01 2.97926850e+01 2.97949890e+01 2.98026850e+01 2.98049890e+01 2.98126850e+01 2.98149890e+01 2.98226850e+01 2.98307490e+01 2.98807490e+01 2.98844593e+01 2.98867633e+01 2.98944593e+01 2.98967633e+01 2.99044593e+01 2.99127793e+01 2.99627793e+01 2.99706184e+01 2.99709064e+01 2.99806184e+01 2.99821224e+01 3.00321224e+01 3.00374505e+01 3.00397545e+01 3.00474505e+01 3.00497545e+01 3.00574505e+01 3.00640425e+01 3.01140425e+01 3.01155967e+01 3.01179007e+01 3.01255967e+01 3.01279007e+01 3.01355967e+01 3.01379007e+01 3.01455967e+01 3.01553887e+01 3.02053887e+01 3.02087735e+01 3.02090615e+01 3.02187735e+01 3.02190615e+01 3.02287735e+01 3.02290615e+01 3.02387735e+01 3.02402775e+01 3.02902775e+01 3.02956950e+01 3.02959830e+01 3.03056950e+01 3.03059830e+01 3.03156950e+01 3.03159830e+01 3.03256950e+01 3.03277750e+01 3.03777750e+01 3.03850940e+01 3.03873980e+01 3.03950940e+01 3.03973980e+01 3.04050940e+01 3.04073980e+01 3.04150940e+01 3.04214940e+01 3.04714940e+01 3.04735262e+01 3.04812222e+01 3.04835262e+01 3.04912222e+01 3.04935262e+01 3.05012222e+01 3.05081982e+01 3.05206216e+01 3.05316421e+01 3.05338637e+01 3.05339461e+01 3.05416421e+01 3.05439461e+01 3.05516421e+01 3.05539461e+01 3.05616421e+01 3.05639461e+01 3.05716421e+01 3.05739461e+01 3.05816421e+01 3.05874661e+01 3.06027294e+01 3.06200208e+01 3.06223248e+01 3.06300208e+01 3.06323248e+01 3.06400208e+01 3.06423248e+01 3.06500208e+01 3.06523248e+01 3.06600208e+01 3.06623248e+01 3.06700208e+01 3.06769328e+01 3.06908783e+01 3.07108783e+01 3.07111663e+01 3.07208783e+01 3.07211663e+01 3.07308783e+01 3.07311663e+01 3.07408783e+01 3.07411663e+01 3.07508783e+01 3.07511663e+01 3.07608783e+01 3.07623823e+01 3.08123823e+01 3.08135700e+01 3.08158740e+01 3.08235700e+01 3.08258740e+01 3.08335700e+01 3.08433620e+01 3.08933620e+01 3.08948727e+01 3.08971767e+01 3.09048727e+01 3.09071767e+01 3.09148727e+01 3.09171767e+01 3.09248727e+01 3.09309527e+01 3.09809527e+01 3.09837274e+01 3.09840154e+01 3.09937274e+01 3.09940154e+01 3.10037274e+01 3.10052314e+01 3.10552314e+01 3.10575495e+01 3.10578375e+01 3.10675495e+01 3.10678375e+01 3.10775495e+01 3.10790535e+01 3.11290535e+01 3.11301910e+01 3.11304790e+01 3.11401910e+01 3.11404790e+01 3.11501910e+01 3.11522710e+01 3.12022710e+01 3.12040187e+01 3.12043067e+01 3.12065041e+01 3.12140187e+01 3.12143067e+01 3.12165041e+01 3.12240187e+01 3.12255227e+01 3.12755227e+01 3.12770034e+01 3.12772914e+01 3.12870034e+01 3.12872914e+01 3.12970034e+01 3.12972914e+01 3.13070034e+01 3.13090834e+01 3.13590834e+01 3.13594299e+01 3.13617339e+01 3.13694299e+01 3.13717339e+01 3.13790834e+01 3.14290834e+01 3.14336522e+01 3.14339402e+01 3.14436522e+01 3.14439402e+01 3.14536522e+01 3.14539402e+01 3.14636522e+01 3.14639402e+01 3.14736522e+01 3.14757322e+01 3.15405927e+01 3.15467556e+01 3.15488356e+01 3.15653728e+01 3.15811243e+01 3.15814123e+01 3.15911243e+01 3.15914123e+01 3.16011243e+01 3.16014123e+01 3.16111243e+01 3.16114123e+01 3.16211243e+01 3.16214123e+01 3.16311243e+01 3.16332043e+01 3.16380850e+01 3.16539756e+01 3.16562796e+01 3.16639756e+01 3.16661111e+01 3.16662796e+01 3.16739756e+01 3.16762796e+01 3.16839756e+01 3.16862796e+01 3.16939756e+01 3.16962796e+01 3.17039756e+01 3.17090316e+01 3.17244938e+01 3.17444938e+01 3.17447818e+01 3.17544938e+01 3.17547818e+01 3.17644938e+01 3.17647818e+01 3.17744938e+01 3.17747818e+01 3.17844938e+01 3.17847818e+01 3.17944938e+01 3.17959978e+01 3.18459978e+01 3.18488862e+01 3.18511902e+01 3.18588862e+01 3.18611902e+01 3.18688862e+01 3.18711902e+01 3.18788862e+01 3.18868222e+01 3.19368222e+01 3.19418516e+01 3.19421396e+01 3.19518516e+01 3.19521396e+01 3.19618516e+01 3.19633556e+01 3.20133556e+01 3.20188245e+01 3.20191125e+01 3.20288245e+01 3.20291125e+01 3.20388245e+01 3.20409045e+01 3.20909045e+01 3.20922816e+01 3.20925696e+01 3.21022816e+01 3.21025696e+01 3.21122816e+01 3.21137856e+01 3.21637856e+01 3.21638606e+01 3.21641486e+01 3.21738606e+01 3.21741486e+01 3.21838606e+01 3.21841486e+01 3.21938606e+01 3.21959406e+01 3.22459406e+01 3.22504960e+01 3.22507840e+01 3.22604960e+01 3.22607840e+01 3.22704960e+01 3.22707840e+01 3.22804960e+01 3.22825760e+01 3.23325760e+01 3.23369293e+01 3.23372173e+01 3.23469293e+01 3.23472173e+01 3.23569293e+01 3.23590093e+01 3.24090093e+01 3.24122565e+01 3.24125445e+01 3.24222565e+01 3.24225445e+01 3.24322565e+01 3.24337605e+01 3.24837605e+01 3.24895773e+01 3.24898653e+01 3.24995773e+01 3.24998653e+01 3.25095773e+01 3.25116573e+01 3.25185674e+01 3.25358033e+01 3.25381073e+01 3.25458033e+01 3.25481073e+01 3.25558033e+01 3.25581073e+01 3.25658033e+01 3.25681073e+01 3.25758033e+01 3.25781073e+01 3.25858033e+01 3.25942513e+01 3.26075506e+01 3.26238525e+01 3.26261565e+01 3.26338525e+01 3.26361565e+01 3.26438525e+01 3.26461565e+01 3.26538525e+01 3.26561565e+01 3.26638525e+01 3.26661565e+01 3.26738525e+01 3.26816605e+01 3.26937421e+01 3.27137421e+01 3.27140301e+01 3.27237421e+01 3.27240301e+01 3.27337421e+01 3.27340301e+01 3.27437421e+01 3.27438026e+01 3.27440301e+01 3.27537421e+01 3.27540301e+01 3.27637421e+01 3.27652461e+01 3.28152461e+01 3.28176070e+01 3.28199110e+01 3.28199362e+01 3.28276070e+01 3.28299110e+01 3.28299362e+01 3.28352461e+01 3.28852461e+01 3.28941861e+01 3.28944741e+01 3.29041861e+01 3.29044741e+01 3.29141861e+01 3.29144741e+01 3.29241861e+01 3.29262661e+01 3.29762661e+01 3.29789625e+01 3.29792505e+01 3.29889625e+01 3.29892505e+01 3.29989625e+01 3.30004665e+01 3.30504665e+01 3.30525946e+01 3.30601182e+01 3.30604062e+01 3.30625946e+01 3.30701182e+01 3.30704062e+01 3.30725946e+01 3.30801182e+01 3.30816222e+01 3.30891866e+01 3.31089632e+01 3.31092512e+01 3.31189632e+01 3.31192512e+01 3.31289632e+01 3.31292512e+01 3.31304062e+01 3.31804062e+01 3.31825545e+01 3.31828425e+01 3.31925545e+01 3.31928425e+01 3.32025545e+01 3.32028425e+01 3.32125545e+01 3.32128425e+01 3.32225545e+01 3.32228425e+01 3.32325545e+01 3.32346345e+01 3.32846345e+01 3.32907180e+01 3.32910060e+01 3.33007180e+01 3.33010060e+01 3.33107180e+01 3.33122220e+01 3.33622220e+01 3.33822220e+01 3.34322220e+01 3.34522220e+01 3.35212216e+01 3.35412216e+01 3.35415096e+01 3.35512216e+01 3.35515096e+01 3.35612216e+01 3.35615096e+01 3.35712216e+01 3.35715096e+01 3.35812216e+01 3.35815096e+01 3.35912216e+01 3.35927256e+01 3.36427256e+01 3.36479302e+01 3.36502342e+01 3.36579302e+01 3.36602342e+01 3.36679302e+01 3.36702342e+01 3.36779302e+01 3.36843942e+01 3.37343942e+01 3.37356113e+01 3.37358993e+01 3.37456113e+01 3.37458993e+01 3.37556113e+01 3.37576913e+01 3.38076913e+01 3.38141480e+01 3.38164520e+01 3.38241480e+01 3.38264520e+01 3.38341480e+01 3.38395880e+01 3.38895880e+01 3.38908079e+01 3.38931119e+01 3.39008079e+01 3.39031119e+01 3.39108079e+01 3.39166959e+01 3.39666959e+01 3.39713041e+01 3.39736081e+01 3.39813041e+01 3.39836081e+01 3.39913041e+01 3.40007761e+01 3.40507761e+01 3.40515903e+01 3.40538943e+01 3.40615903e+01 3.40638943e+01 3.40715903e+01 3.40815103e+01 3.41315103e+01 3.41325167e+01 3.41328047e+01 3.41425167e+01 3.41428047e+01 3.41525167e+01 3.41542505e+01 3.41545967e+01 3.42045967e+01 3.42054763e+01 3.42077803e+01 3.42154763e+01 3.42177803e+01 3.42254763e+01 3.42306603e+01 3.42806603e+01 3.42812736e+01 3.42815616e+01 3.42912736e+01 3.42915616e+01 3.43012736e+01 3.43027776e+01 3.43527776e+01 3.43552634e+01 3.43555514e+01 3.43652634e+01 3.43655514e+01 3.43752634e+01 3.43767674e+01 3.44267674e+01 3.44289169e+01 3.44292049e+01 3.44389169e+01 3.44392049e+01 3.44489169e+01 3.44504209e+01 3.45307985e+01 3.45486709e+01 3.45507985e+01 3.45510865e+01 3.45607985e+01 3.45610865e+01 3.45707985e+01 3.45710865e+01 3.45807985e+01 3.45810865e+01 3.45907985e+01 3.45910865e+01 3.46007985e+01 3.46023025e+01 3.46523025e+01 3.46537512e+01 3.46560552e+01 3.46637512e+01 3.46660552e+01 3.46723025e+01 3.47223025e+01 3.47268193e+01 3.47271073e+01 3.47368193e+01 3.47371073e+01 3.47468193e+01 3.47471073e+01 3.47568193e+01 3.47571073e+01 3.47668193e+01 3.47688993e+01 3.48188993e+01 3.48206721e+01 3.48229761e+01 3.48306721e+01 3.48329761e+01 3.48406721e+01 3.48429761e+01 3.48506721e+01 3.48587361e+01 3.49087361e+01 3.49218499e+01 3.49221379e+01 3.49318499e+01 3.49321379e+01 3.49418499e+01 3.49421379e+01 3.49518499e+01 3.49521379e+01 3.49618499e+01 3.49621379e+01 3.49718499e+01 3.49733539e+01 3.50233539e+01 3.50234503e+01 3.50331623e+01 3.50334503e+01 3.50431623e+01 3.50434503e+01 3.50531623e+01 3.50546663e+01 3.51046663e+01 3.51072403e+01 3.51095443e+01 3.51172403e+01 3.51195443e+01 3.51272403e+01 3.51370323e+01 3.51870323e+01 3.51884874e+01 3.51907914e+01 3.51984874e+01 3.52007914e+01 3.52084874e+01 3.52169354e+01 3.52669354e+01 3.52739352e+01 3.52762392e+01 3.52839352e+01 3.52862392e+01 3.52939352e+01 3.53019352e+01 3.53519352e+01 3.53572413e+01 3.53595453e+01 3.53672413e+01 3.53692065e+01 3.53695453e+01 3.53772413e+01 3.53865213e+01 3.54365213e+01 3.54370375e+01 3.54393415e+01 3.54470375e+01 3.54493415e+01 3.54570375e+01 3.54593415e+01 3.54670375e+01 3.54741415e+01 3.55116914e+01 3.55139941e+01 3.55162981e+01 3.55239941e+01 3.55262981e+01 3.55339941e+01 3.55362981e+01 3.55439941e+01 3.55462981e+01 3.55539941e+01 3.55600101e+01 3.55602803e+01 3.55802803e+01 3.55805683e+01 3.55902803e+01 3.55905683e+01 3.56002803e+01 3.56005683e+01 3.56102803e+01 3.56105683e+01 3.56202803e+01 3.56205683e+01 3.56302803e+01 3.56317843e+01 3.56817843e+01 3.56908323e+01 3.56911203e+01 3.57008323e+01 3.57011203e+01 3.57108323e+01 3.57129123e+01 3.57629123e+01 3.57687369e+01 3.57710409e+01 3.57787369e+01 3.57810409e+01 3.57887369e+01 3.57910409e+01 3.57987369e+01 3.58068009e+01 3.58568009e+01 3.58592542e+01 3.58615582e+01 3.58692542e+01 3.58715582e+01 3.58792542e+01 3.58883422e+01 3.59383422e+01 3.59384484e+01 3.59387364e+01 3.59484484e+01 3.59487364e+01 3.59584484e+01 3.59599524e+01 3.60099524e+01 3.60101796e+01 3.60104676e+01 3.60201796e+01 3.60204676e+01 3.60301796e+01 3.60316836e+01 3.60816836e+01 3.60819080e+01 3.60842120e+01 3.60919080e+01 3.60942120e+01 3.61019080e+01 3.61042120e+01 3.61119080e+01 3.61184360e+01 3.61684360e+01 3.61694576e+01 3.61717616e+01 3.61794576e+01 3.61800549e+01 3.61817616e+01 3.61894576e+01 3.61944496e+01 3.62444496e+01 3.62472678e+01 3.62475558e+01 3.62572678e+01 3.62575558e+01 3.62672678e+01 3.62675558e+01 3.62772678e+01 3.62787718e+01 3.63287718e+01 3.63287851e+01 3.63310891e+01 3.63387851e+01 3.63410891e+01 3.63487718e+01 3.63987718e+01 3.64006088e+01 3.64083048e+01 3.64106088e+01 3.64183048e+01 3.64206088e+01 3.64283048e+01 3.64380328e+01 3.65249270e+01 3.65449270e+01 3.65452150e+01 3.65549270e+01 3.65552150e+01 3.65649270e+01 3.65652150e+01 3.65749270e+01 3.65752150e+01 3.65849270e+01 3.65852150e+01 3.65949270e+01 3.65964310e+01 3.66464310e+01 3.66502880e+01 3.66525920e+01 3.66602880e+01 3.66625920e+01 3.66702880e+01 3.66796320e+01 3.67296320e+01 3.67337278e+01 3.67340158e+01 3.67437278e+01 3.67440158e+01 3.67537278e+01 3.67540158e+01 3.67637278e+01 3.67658078e+01 3.68158078e+01 3.68230303e+01 3.68253343e+01 3.68330303e+01 3.68353343e+01 3.68430303e+01 3.68453343e+01 3.68530303e+01 3.68587903e+01 3.69087903e+01 3.69122126e+01 3.69145166e+01 3.69222126e+01 3.69245166e+01 3.69322126e+01 3.69345166e+01 3.69422126e+01 3.69471406e+01 3.69971406e+01 3.69971682e+01 3.69974562e+01 3.70071682e+01 3.70074562e+01 3.70171682e+01 3.70192482e+01 3.70692482e+01 3.70724060e+01 3.70726940e+01 3.70824060e+01 3.70826940e+01 3.70924060e+01 3.70939100e+01 3.71439100e+01 3.71451508e+01 3.71454388e+01 3.71551508e+01 3.71554388e+01 3.71651508e+01 3.71666548e+01 3.72166548e+01 3.72186548e+01 3.72209588e+01 3.72230128e+01 3.72233008e+01 3.72286548e+01 3.72309588e+01 3.72330128e+01 3.72333008e+01 3.72386548e+01 3.72453108e+01 3.72758298e+01 3.72781338e+01 3.72858298e+01 3.72861302e+01 3.72881338e+01 3.72933008e+01 3.73433008e+01 3.73483407e+01 3.73486287e+01 3.73583407e+01 3.73586287e+01 3.73683407e+01 3.73686287e+01 3.73783407e+01 3.73786287e+01 3.73883407e+01 3.73886287e+01 3.73983407e+01 3.74004207e+01 3.74504207e+01 3.74518358e+01 3.74595318e+01 3.74618358e+01 3.74695318e+01 3.74704207e+01 3.74969101e+01 3.75169101e+01 3.75171981e+01 3.75269101e+01 3.75271981e+01 3.75369101e+01 3.75371981e+01 3.75469101e+01 3.75471981e+01 3.75569101e+01 3.75571981e+01 3.75669101e+01 3.75684141e+01 3.76184141e+01 3.76237399e+01 3.76260439e+01 3.76337399e+01 3.76360439e+01 3.76384141e+01 3.76884141e+01 3.76949990e+01 3.76952870e+01 3.77049990e+01 3.77052870e+01 3.77149990e+01 3.77152870e+01 3.77249990e+01 3.77252870e+01 3.77349990e+01 3.77370790e+01 3.77870790e+01 3.77903502e+01 3.77926542e+01 3.77926851e+01 3.78003502e+01 3.78026542e+01 3.78026851e+01 3.78070790e+01 3.78570790e+01 3.78599513e+01 3.78602393e+01 3.78699513e+01 3.78702393e+01 3.78799513e+01 3.78802393e+01 3.78899513e+01 3.78902393e+01 3.78999513e+01 3.79020313e+01 3.79520313e+01 3.79607965e+01 3.79610845e+01 3.79707965e+01 3.79710845e+01 3.79807965e+01 3.79823005e+01 3.80323005e+01 3.80355743e+01 3.80358623e+01 3.80455743e+01 3.80458623e+01 3.80555743e+01 3.80570783e+01 3.81070783e+01 3.81140219e+01 3.81143099e+01 3.81240219e+01 3.81243099e+01 3.81340219e+01 3.81355259e+01 3.81855259e+01 3.81925622e+01 3.81948662e+01 3.82025622e+01 3.82048662e+01 3.82125622e+01 3.82148662e+01 3.82225622e+01 3.82308822e+01 3.82808822e+01 3.82830926e+01 3.82853966e+01 3.82930926e+01 3.82953966e+01 3.83030926e+01 3.83096206e+01 3.83596206e+01 3.83611185e+01 3.83634225e+01 3.83711185e+01 3.83734225e+01 3.83811185e+01 3.83889905e+01 3.84389905e+01 3.84410523e+01 3.84487483e+01 3.84510523e+01 3.84587483e+01 3.84610523e+01 3.84687483e+01 3.84710523e+01 3.84787483e+01 3.84838683e+01 3.85612718e+01 3.85659688e+01 3.85812718e+01 3.85815598e+01 3.85912718e+01 3.85915598e+01 3.86012718e+01 3.86015598e+01 3.86112718e+01 3.86115598e+01 3.86212718e+01 3.86215598e+01 3.86312718e+01 3.86326878e+01 3.86327758e+01 3.86827758e+01 3.86910245e+01 3.86913125e+01 3.87010245e+01 3.87013125e+01 3.87110245e+01 3.87131045e+01 3.87631045e+01 3.87663909e+01 3.87666789e+01 3.87763909e+01 3.87766789e+01 3.87863909e+01 3.87884709e+01 3.88384709e+01 3.88412388e+01 3.88435428e+01 3.88512388e+01 3.88535428e+01 3.88612388e+01 3.88635428e+01 3.88712388e+01 3.88781508e+01 3.89281508e+01 3.89328867e+01 3.89331747e+01 3.89428867e+01 3.89431747e+01 3.89528867e+01 3.89543907e+01 3.90043907e+01 3.90109838e+01 3.90112718e+01 3.90209838e+01 3.90212718e+01 3.90309838e+01 3.90324878e+01 3.90824878e+01 3.90838654e+01 3.90841534e+01 3.90938654e+01 3.90941534e+01 3.91038654e+01 3.91059454e+01 3.91559454e+01 3.91637918e+01 3.91640798e+01 3.91737918e+01 3.91740798e+01 3.91837918e+01 3.91858718e+01 3.92358718e+01 3.92402961e+01 3.92405841e+01 3.92502961e+01 3.92505841e+01 3.92602961e+01 3.92623761e+01 3.93123761e+01 3.93144251e+01 3.93147131e+01 3.93244251e+01 3.93247131e+01 3.93344251e+01 3.93359291e+01 3.93859291e+01 3.93907389e+01 3.93910269e+01 3.94007389e+01 3.94010269e+01 3.94107389e+01 3.94128189e+01 3.94628189e+01 3.94669471e+01 3.94672351e+01 3.94769471e+01 3.94772351e+01 3.94869471e+01 3.94872351e+01 3.94969471e+01 3.94990271e+01 3.95119218e+01 3.95236385e+01 3.95239265e+01 3.95336385e+01 3.95339265e+01 3.95436385e+01 3.95439265e+01 3.95536385e+01 3.95539265e+01 3.95636385e+01 3.95639265e+01 3.95736385e+01 3.95757185e+01 3.95943635e+01 3.96143635e+01 3.96146515e+01 3.96243635e+01 3.96246515e+01 3.96343635e+01 3.96346515e+01 3.96443635e+01 3.96446515e+01 3.96543635e+01 3.96546515e+01 3.96643635e+01 3.96658675e+01 3.97158675e+01 3.97179268e+01 3.97256228e+01 3.97279268e+01 3.97356228e+01 3.97379268e+01 3.97456228e+01 3.97479268e+01 3.97556228e+01 3.97634948e+01 3.98134948e+01 3.98138939e+01 3.98141819e+01 3.98238939e+01 3.98241819e+01 3.98338939e+01 3.98341819e+01 3.98438939e+01 3.98459739e+01 3.98959739e+01 3.98960802e+01 3.98983842e+01 3.99060802e+01 3.99083842e+01 3.99160802e+01 3.99252962e+01 3.99752962e+01 3.99784158e+01 3.99807198e+01 3.99884158e+01 3.99907198e+01 3.99984158e+01 4.00032798e+01 4.00532798e+01 4.00539553e+01 4.00542433e+01 4.00639553e+01 4.00642433e+01 4.00739553e+01 4.00754593e+01 4.01254593e+01 4.01271168e+01 4.01274048e+01 4.01371168e+01 4.01374048e+01 4.01471168e+01 4.01491968e+01 4.01991968e+01 4.02064614e+01 4.02087605e+01 4.02087654e+01 4.02164614e+01 4.02187654e+01 4.02264614e+01 4.02322214e+01 4.02822214e+01 4.02852671e+01 4.02855551e+01 4.02952671e+01 4.02955551e+01 4.03052671e+01 4.03067711e+01 4.03567711e+01 4.03567846e+01 4.03664966e+01 4.03667846e+01 4.03764966e+01 4.03767846e+01 4.03864966e+01 4.03885766e+01 4.04385766e+01 4.04426560e+01 4.04429440e+01 4.04526560e+01 4.04529440e+01 4.04626560e+01 4.04629440e+01 4.04726560e+01 4.04741600e+01 4.05452995e+01 4.05481066e+01 4.05504106e+01 4.05581066e+01 4.05647626e+01 4.05766665e+01 4.05900379e+01 4.05923419e+01 4.06000379e+01 4.06023419e+01 4.06100379e+01 4.06123419e+01 4.06200379e+01 4.06223419e+01 4.06300379e+01 4.06323419e+01 4.06400379e+01 4.06479099e+01 4.06624256e+01 4.06706209e+01 4.06729249e+01 4.06806209e+01 4.06829249e+01 4.06906209e+01 4.06929249e+01 4.07006209e+01 4.07029249e+01 4.07106209e+01 4.07129249e+01 4.07206209e+01 4.07305409e+01 4.07464860e+01 4.07664860e+01 4.07667740e+01 4.07764860e+01 4.07767740e+01 4.07864860e+01 4.07867740e+01 4.07964860e+01 4.07967740e+01 4.08064860e+01 4.08067740e+01 4.08164860e+01 4.08179900e+01 4.08679900e+01 4.08709849e+01 4.08712729e+01 4.08809849e+01 4.08812729e+01 4.08909849e+01 4.08930649e+01 4.09430649e+01 4.09463518e+01 4.09466398e+01 4.09563518e+01 4.09566398e+01 4.09663518e+01 4.09678558e+01 4.10178558e+01 4.10243231e+01 4.10246111e+01 4.10343231e+01 4.10346111e+01 4.10443231e+01 4.10464031e+01 4.10964031e+01 4.11019299e+01 4.11042339e+01 4.11119299e+01 4.11142339e+01 4.11219299e+01 4.11307619e+01 4.11807619e+01 4.11864963e+01 4.11867843e+01 4.11964963e+01 4.11967843e+01 4.12064963e+01 4.12080003e+01 4.12580003e+01 4.12608709e+01 4.12611589e+01 4.12708709e+01 4.12711589e+01 4.12808709e+01 4.12829509e+01 4.13329509e+01 4.13398094e+01 4.13399547e+01 4.13400974e+01 4.13423383e+01 4.13498094e+01 4.13500974e+01 4.13523383e+01 4.13598094e+01 4.13613134e+01 4.13680983e+01 4.13832856e+01 4.13835736e+01 4.13932856e+01 4.13935736e+01 4.14032856e+01 4.14035736e+01 4.14132856e+01 4.14135736e+01 4.14200974e+01 4.14700974e+01 4.14759971e+01 4.14762851e+01 4.14859971e+01 4.14862851e+01 4.14959971e+01 4.14962851e+01 4.15059971e+01 4.15080771e+01 4.15242284e+01 4.15282647e+01 4.15305687e+01 4.15382647e+01 4.15405687e+01 4.15482647e+01 4.15505687e+01 4.15582647e+01 4.15605687e+01 4.15682647e+01 4.15705687e+01 4.15782647e+01 4.15869687e+01 4.15890165e+01 4.16079888e+01 4.16090165e+01 4.16093045e+01 4.16190165e+01 4.16193045e+01 4.16290165e+01 4.16293045e+01 4.16390165e+01 4.16393045e+01 4.16490165e+01 4.16493045e+01 4.16590165e+01 4.16605205e+01 4.17105205e+01 4.17196848e+01 4.17217648e+01 4.17717648e+01 4.17717848e+01 4.17794808e+01 4.17817848e+01 4.17894808e+01 4.17917848e+01 4.17994808e+01 4.18017848e+01 4.18094808e+01 4.18171608e+01 4.18671608e+01 4.18701283e+01 4.18724323e+01 4.18801283e+01 4.18824323e+01 4.18901283e+01 4.18963363e+01 4.19463363e+01 4.19466257e+01 4.19469137e+01 4.19566257e+01 4.19569137e+01 4.19666257e+01 4.19669137e+01 4.19766257e+01 4.19781297e+01 4.20281297e+01 4.20281435e+01 4.20284315e+01 4.20381435e+01 4.20384315e+01 4.20481435e+01 4.20496475e+01 4.20996475e+01 4.21020199e+01 4.21023079e+01 4.21120199e+01 4.21123079e+01 4.21220199e+01 4.21240999e+01 4.21740999e+01 4.21761111e+01 4.21838071e+01 4.21861111e+01 4.21938071e+01 4.21961111e+01 4.22038071e+01 4.22061111e+01 4.22138071e+01 4.22235991e+01 4.22735991e+01 4.22784905e+01 4.22807945e+01 4.22884905e+01 4.22907945e+01 4.22984905e+01 4.23051465e+01 4.23551465e+01 4.23582009e+01 4.23590151e+01 4.23605049e+01 4.23682009e+01 4.23705049e+01 4.23782009e+01 4.23805049e+01 4.23882009e+01 4.23970969e+01 4.24470969e+01 4.24494282e+01 4.24497162e+01 4.24594282e+01 4.24597162e+01 4.24694282e+01 4.24709322e+01 4.25276136e+01 4.25310253e+01 4.25333293e+01 4.25410253e+01 4.25461453e+01 4.25539087e+01 4.25739087e+01 4.25741967e+01 4.25839087e+01 4.25841967e+01 4.25939087e+01 4.25941967e+01 4.26039087e+01 4.26041967e+01 4.26139087e+01 4.26141967e+01 4.26239087e+01 4.26254127e+01 4.26754127e+01 4.26766665e+01 4.26769545e+01 4.26866665e+01 4.26869545e+01 4.26966665e+01 4.26987465e+01 4.27487465e+01 4.27521328e+01 4.27524208e+01 4.27621328e+01 4.27624208e+01 4.27721328e+01 4.27742128e+01 4.28242128e+01 4.28272374e+01 4.28275254e+01 4.28372374e+01 4.28375254e+01 4.28472374e+01 4.28493174e+01 4.28993174e+01 4.29060743e+01 4.29083783e+01 4.29160743e+01 4.29183783e+01 4.29260743e+01 4.29319623e+01 4.29819623e+01 4.29865685e+01 4.29868565e+01 4.29965685e+01 4.29968565e+01 4.30065685e+01 4.30080725e+01 4.30580725e+01 4.30592219e+01 4.30615259e+01 4.30692219e+01 4.30715259e+01 4.30792219e+01 4.30886299e+01 4.31386299e+01 4.31397359e+01 4.31400239e+01 4.31497359e+01 4.31500239e+01 4.31597359e+01 4.31600239e+01 4.31697359e+01 4.31712399e+01 4.32212399e+01 4.32232062e+01 4.32234942e+01 4.32332062e+01 4.32334942e+01 4.32432062e+01 4.32434942e+01 4.32532062e+01 4.32547102e+01 4.33047102e+01 4.33053952e+01 4.33056832e+01 4.33153952e+01 4.33156832e+01 4.33253952e+01 4.33274752e+01 4.33774752e+01 4.33781300e+01 4.33858260e+01 4.33881300e+01 4.33958260e+01 4.33981300e+01 4.34058260e+01 4.34152980e+01 4.34652980e+01 4.34657767e+01 4.34734727e+01 4.34757767e+01 4.34834727e+01 4.34857767e+01 4.34934727e+01 4.34957767e+01 4.35034727e+01 4.35067093e+01 4.35113447e+01 4.35296715e+01 4.35366633e+01 4.35389673e+01 4.35466633e+01 4.35489673e+01 4.35566633e+01 4.35589673e+01 4.35666633e+01 4.35689673e+01 4.35766633e+01 4.35789673e+01 4.35866633e+01 4.35935113e+01 4.36086752e+01 4.36173925e+01 4.36196965e+01 4.36273925e+01 4.36296965e+01 4.36373925e+01 4.36396965e+01 4.36473925e+01 4.36496965e+01 4.36573925e+01 4.36596965e+01 4.36673925e+01 4.36757765e+01 4.36872487e+01 4.37057769e+01 4.37072487e+01 4.37075367e+01 4.37172487e+01 4.37175367e+01 4.37272487e+01 4.37275367e+01 4.37372487e+01 4.37375367e+01 4.37472487e+01 4.37475367e+01 4.37572487e+01 4.37587527e+01 4.38087527e+01 4.38112812e+01 4.38115692e+01 4.38212812e+01 4.38215692e+01 4.38312812e+01 4.38315692e+01 4.38412812e+01 4.38433612e+01 4.38933612e+01 4.38942652e+01 4.39019612e+01 4.39042652e+01 4.39119612e+01 4.39142652e+01 4.39219612e+01 4.39316252e+01 4.39816252e+01 4.39904422e+01 4.39907302e+01 4.40004422e+01 4.40007302e+01 4.40104422e+01 4.40119462e+01 4.40619462e+01 4.40629232e+01 4.40632112e+01 4.40632830e+01 4.40729232e+01 4.40732112e+01 4.40732830e+01 4.40805206e+01 4.40808086e+01 4.40829232e+01 4.40832112e+01 4.40832830e+01 4.40905206e+01 4.40908086e+01 4.40929232e+01 4.40944272e+01 4.40950750e+01 4.41005206e+01 4.41008086e+01 4.41105206e+01 4.41108086e+01 4.41205206e+01 4.41208086e+01 4.41305206e+01 4.41320246e+01 4.41820246e+01 4.41886365e+01 4.41889245e+01 4.41986365e+01 4.41989245e+01 4.42086365e+01 4.42107165e+01 4.42607165e+01 4.42677243e+01 4.42680123e+01 4.42777243e+01 4.42780123e+01 4.42877243e+01 4.42898043e+01 4.43398043e+01 4.43465699e+01 4.43488739e+01 4.43565699e+01 4.43588739e+01 4.43665699e+01 4.43746339e+01 4.44246339e+01 4.44315370e+01 4.44338410e+01 4.44415370e+01 4.44429427e+01 4.44438410e+01 4.44515370e+01 4.44538410e+01 4.44615370e+01 4.44692810e+01 4.44869050e+01 4.45066102e+01 4.45069050e+01 4.45071930e+01 4.45169050e+01 4.45171930e+01 4.45269050e+01 4.45271930e+01 4.45369050e+01 4.45371930e+01 4.45469050e+01 4.45471930e+01 4.45569050e+01 4.45584090e+01 4.46084090e+01 4.46087539e+01 4.46108339e+01 4.46608339e+01 4.46615591e+01 4.46692551e+01 4.46715591e+01 4.46792551e+01 4.46808339e+01 4.47308339e+01 4.47348400e+01 4.47351280e+01 4.47448400e+01 4.47451280e+01 4.47548400e+01 4.47551280e+01 4.47648400e+01 4.47651280e+01 4.47748400e+01 4.47769200e+01 4.48269200e+01 4.48306893e+01 4.48329933e+01 4.48406893e+01 4.48429933e+01 4.48506893e+01 4.48529933e+01 4.48606893e+01 4.48673453e+01 4.49173453e+01 4.49200540e+01 4.49203420e+01 4.49300540e+01 4.49303420e+01 4.49400540e+01 4.49403420e+01 4.49500540e+01 4.49521340e+01 4.50021340e+01 4.50069846e+01 4.50072726e+01 4.50169846e+01 4.50172726e+01 4.50269846e+01 4.50290646e+01 4.50790646e+01 4.50810209e+01 4.50813089e+01 4.50910209e+01 4.50913089e+01 4.51010209e+01 4.51025249e+01 4.51525249e+01 4.51533772e+01 4.51536652e+01 4.51633772e+01 4.51636652e+01 4.51733772e+01 4.51754572e+01 4.52254572e+01 4.52265319e+01 4.52268199e+01 4.52365319e+01 4.52368199e+01 4.52465319e+01 4.52480359e+01 4.52980359e+01 4.53013848e+01 4.53016728e+01 4.53113848e+01 4.53116728e+01 4.53213848e+01 4.53228888e+01 4.53728888e+01 4.53768993e+01 4.53792033e+01 4.53868993e+01 4.53892033e+01 4.53968993e+01 4.53992033e+01 4.54068993e+01 4.54132993e+01 4.54632993e+01 4.54832993e+01 4.55212388e+01 4.55299569e+01 4.55302449e+01 4.55399569e+01 4.55402449e+01 4.55499569e+01 4.55502449e+01 4.55599569e+01 4.55602449e+01 4.55699569e+01 4.55702449e+01 4.55799569e+01 4.55820369e+01 4.55985063e+01 4.56185063e+01 4.56187943e+01 4.56285063e+01 4.56287943e+01 4.56385063e+01 4.56387943e+01 4.56485063e+01 4.56487943e+01 4.56585063e+01 4.56587943e+01 4.56685063e+01 4.56700103e+01 4.57200103e+01 4.57389046e+01 4.57400103e+01 4.57900103e+01 4.57985046e+01 4.58100103e+01 4.58600103e+01 4.58635286e+01 4.58658326e+01 4.58735286e+01 4.58810806e+01 4.59310806e+01 4.59320095e+01 4.59322975e+01 4.59325284e+01 4.59368439e+01 4.59391479e+01 4.59420095e+01 4.59422975e+01 4.59425284e+01 4.59468439e+01 4.59490455e+01 4.59491479e+01 4.59520095e+01 4.59522975e+01 4.59525284e+01 4.59568439e+01 4.59591479e+01 4.59620095e+01 4.59635135e+01 4.60135135e+01 4.60140318e+01 4.60143198e+01 4.60240318e+01 4.60243198e+01 4.60340318e+01 4.60343198e+01 4.60440318e+01 4.60461118e+01 4.60961118e+01 4.61008624e+01 4.61031664e+01 4.61108624e+01 4.61131664e+01 4.61208624e+01 4.61267504e+01 4.61767504e+01 4.61806779e+01 4.61809659e+01 4.61906779e+01 4.61909659e+01 4.62006779e+01 4.62021819e+01 4.62521819e+01 4.62527235e+01 4.62550275e+01 4.62627235e+01 4.62650275e+01 4.62727235e+01 4.62816835e+01 4.63316835e+01 4.63357473e+01 4.63380513e+01 4.63457473e+01 4.63480513e+01 4.63557473e+01 4.63580513e+01 4.63657473e+01 4.63719553e+01 4.64219553e+01 4.64266116e+01 4.64268996e+01 4.64366116e+01 4.64368996e+01 4.64466116e+01 4.64486916e+01 4.65497772e+01 4.65613726e+01 4.65636766e+01 4.65713726e+01 4.65736766e+01 4.65813726e+01 4.65836766e+01 4.65913726e+01 4.65936766e+01 4.66013726e+01 4.66036766e+01 4.66113726e+01 4.66193726e+01 4.66276482e+01 4.66476482e+01 4.66479362e+01 4.66576482e+01 4.66579362e+01 4.66676482e+01 4.66679362e+01 4.66776482e+01 4.66779362e+01 4.66876482e+01 4.66879362e+01 4.66976482e+01 4.66991522e+01 4.66991522e+01 4.67491522e+01 4.67494478e+01 4.67497358e+01 4.67594478e+01 4.67597358e+01 4.67694478e+01 4.67715278e+01 4.68215278e+01 4.68286457e+01 4.68309497e+01 4.68386457e+01 4.68409497e+01 4.68486457e+01 4.68549177e+01 4.69049177e+01 4.69071320e+01 4.69074200e+01 4.69171320e+01 4.69174200e+01 4.69271320e+01 4.69274200e+01 4.69371320e+01 4.69386360e+01 4.69886360e+01 4.69924097e+01 4.69926977e+01 4.70024097e+01 4.70026977e+01 4.70124097e+01 4.70126977e+01 4.70224097e+01 4.70244897e+01 4.70744897e+01 4.70749696e+01 4.70772736e+01 4.70849696e+01 4.70859160e+01 4.70872736e+01 4.70944897e+01 4.71444897e+01 4.71530433e+01 4.71533313e+01 4.71630433e+01 4.71633313e+01 4.71730433e+01 4.71733313e+01 4.71830433e+01 4.71833313e+01 4.71930433e+01 4.71951233e+01 4.72451233e+01 4.72465175e+01 4.72488215e+01 4.72565175e+01 4.72588215e+01 4.72665175e+01 4.72688215e+01 4.72765175e+01 4.72813815e+01 4.73313815e+01 4.73365072e+01 4.73388112e+01 4.73465072e+01 4.73488112e+01 4.73565072e+01 4.73588112e+01 4.73665072e+01 4.73718832e+01 4.74218832e+01 4.74222057e+01 4.74245097e+01 4.74322057e+01 4.74345097e+01 4.74422057e+01 4.74445097e+01 4.74522057e+01 4.74607177e+01 4.75125577e+01 4.75126302e+01 4.75203262e+01 4.75226302e+01 4.75303262e+01 4.75326302e+01 4.75403262e+01 4.75497982e+01 4.75638350e+01 4.75728175e+01 4.75731055e+01 4.75828175e+01 4.75831055e+01 4.75928175e+01 4.75931055e+01 4.76028175e+01 4.76031055e+01 4.76128175e+01 4.76131055e+01 4.76228175e+01 4.76248975e+01 4.76423638e+01 4.76535004e+01 4.76537884e+01 4.76558266e+01 4.76635004e+01 4.76637884e+01 4.76658266e+01 4.76735004e+01 4.76737884e+01 4.76758266e+01 4.76835004e+01 4.76837884e+01 4.76858266e+01 4.76935004e+01 4.76937884e+01 4.76958266e+01 4.77035004e+01 4.77055804e+01 4.77156282e+01 4.77356282e+01 4.77359162e+01 4.77456282e+01 4.77459162e+01 4.77556282e+01 4.77559162e+01 4.77656282e+01 4.77659162e+01 4.77756282e+01 4.77759162e+01 4.77856282e+01 4.77871322e+01 4.78371322e+01 4.78410922e+01 4.78433962e+01 4.78510922e+01 4.78533962e+01 4.78610922e+01 4.78633962e+01 4.78710922e+01 4.78768522e+01 4.79268522e+01 4.79276886e+01 4.79299926e+01 4.79376886e+01 4.79399926e+01 4.79476886e+01 4.79499926e+01 4.79576886e+01 4.79635735e+01 4.79638966e+01 4.80138966e+01 4.80196258e+01 4.80199138e+01 4.80296258e+01 4.80299138e+01 4.80396258e+01 4.80411298e+01 4.80911298e+01 4.80939745e+01 4.80962785e+01 4.81039745e+01 4.81062785e+01 4.81139745e+01 4.81162785e+01 4.81239745e+01 4.81333825e+01 4.81833825e+01 4.81847716e+01 4.81850596e+01 4.81947716e+01 4.81950596e+01 4.82047716e+01 4.82062756e+01 4.82562756e+01 4.82593976e+01 4.82617016e+01 4.82693976e+01 4.82717016e+01 4.82793976e+01 4.82845176e+01 4.83345176e+01 4.83375470e+01 4.83398510e+01 4.83475470e+01 4.83498510e+01 4.83575470e+01 4.83598510e+01 4.83675470e+01 4.83754830e+01 4.84254830e+01 4.84277161e+01 4.84280041e+01 4.84377161e+01 4.84380041e+01 4.84477161e+01 4.84497961e+01 4.84995461e+01 4.85056823e+01 4.85059703e+01 4.85156823e+01 4.85159703e+01 4.85256823e+01 4.85259703e+01 4.85356823e+01 4.85377623e+01 4.85402171e+01 4.85602171e+01 4.85605051e+01 4.85702171e+01 4.85705051e+01 4.85802171e+01 4.85805051e+01 4.85902171e+01 4.85905051e+01 4.86002171e+01 4.86005051e+01 4.86102171e+01 4.86117211e+01 4.86617211e+01 4.86646057e+01 4.86648937e+01 4.86746057e+01 4.86748937e+01 4.86846057e+01 4.86848937e+01 4.86946057e+01 4.86966857e+01 4.87466857e+01 4.87478872e+01 4.87481752e+01 4.87578872e+01 4.87581752e+01 4.87678872e+01 4.87699672e+01 4.88199672e+01 4.88215729e+01 4.88218609e+01 4.88315729e+01 4.88318609e+01 4.88415729e+01 4.88436529e+01 4.88936529e+01 4.88965145e+01 4.88988185e+01 4.89065145e+01 4.89088185e+01 4.89165145e+01 4.89238745e+01 4.89738745e+01 4.89747732e+01 4.89750612e+01 4.89847732e+01 4.89850612e+01 4.89947732e+01 4.89962772e+01 4.90462772e+01 4.90477487e+01 4.90480367e+01 4.90577487e+01 4.90580367e+01 4.90677487e+01 4.90692527e+01 4.91192527e+01 4.91243540e+01 4.91246420e+01 4.91343540e+01 4.91346420e+01 4.91443540e+01 4.91458580e+01 4.91958580e+01 4.91962505e+01 4.92039465e+01 4.92062505e+01 4.92139465e+01 4.92162505e+01 4.92239465e+01 4.92294505e+01 4.92794505e+01 4.92817150e+01 4.92894110e+01 4.92917150e+01 4.92994110e+01 4.93002195e+01 4.93017150e+01 4.93094110e+01 4.93117150e+01 4.93194110e+01 4.93262590e+01 4.93762590e+01 4.93804913e+01 4.93827953e+01 4.93904913e+01 4.93927953e+01 4.94004913e+01 4.94027953e+01 4.94104913e+01 4.94194513e+01 4.94694513e+01 4.94696875e+01 4.94773835e+01 4.94796875e+01 4.94873835e+01 4.94896875e+01 4.94973835e+01 4.95044875e+01 4.95176335e+01 4.95326630e+01 4.95349670e+01 4.95426630e+01 4.95449670e+01 4.95526630e+01 4.95549670e+01 4.95626630e+01 4.95649670e+01 4.95726630e+01 4.95749670e+01 4.95826630e+01 4.95882310e+01 4.95973877e+01 4.96173877e+01 4.96176757e+01 4.96273877e+01 4.96276757e+01 4.96373877e+01 4.96376757e+01 4.96473877e+01 4.96476757e+01 4.96573877e+01 4.96576757e+01 4.96673877e+01 4.96688917e+01 4.97188917e+01 4.97191415e+01 4.97214455e+01 4.97291415e+01 4.97314455e+01 4.97391415e+01 4.97414455e+01 4.97491415e+01 4.97548375e+01 4.98048375e+01 4.98063625e+01 4.98140585e+01 4.98163625e+01 4.98240585e+01 4.98263625e+01 4.98340585e+01 4.98389865e+01 4.98889865e+01 4.98983536e+01 4.98986416e+01 4.99083536e+01 4.99086416e+01 4.99183536e+01 4.99204336e+01 4.99704336e+01 4.99748692e+01 4.99751572e+01 4.99848692e+01 4.99851572e+01 4.99948692e+01 4.99969492e+01 5.00469492e+01 5.00484476e+01 5.00487356e+01 5.00584476e+01 5.00587356e+01 5.00684476e+01 5.00705276e+01 5.01205276e+01 5.01214170e+01 5.01217050e+01 5.01314170e+01 5.01317050e+01 5.01414170e+01 5.01434970e+01 5.01934970e+01 5.01987962e+01 5.01990842e+01 5.02087962e+01 5.02090842e+01 5.02187962e+01 5.02203002e+01 5.02703002e+01 5.02742332e+01 5.02745212e+01 5.02842332e+01 5.02844600e+01 5.02845212e+01 5.02942332e+01 5.02957372e+01 5.03457372e+01 5.03459154e+01 5.03462034e+01 5.03559154e+01 5.03562034e+01 5.03659154e+01 5.03674194e+01 5.04174194e+01 5.04237685e+01 5.04260725e+01 5.04337685e+01 5.04360725e+01 5.04374194e+01 5.05529177e+01 5.05729177e+01 5.05732057e+01 5.05829177e+01 5.05832057e+01 5.05929177e+01 5.05932057e+01 5.06029177e+01 5.06032057e+01 5.06129177e+01 5.06132057e+01 5.06229177e+01 5.06244217e+01 5.06744217e+01 5.06808184e+01 5.06831224e+01 5.06908184e+01 5.06931224e+01 5.07008184e+01 5.07082424e+01 5.07582424e+01 5.07599546e+01 5.07676506e+01 5.07699546e+01 5.07776506e+01 5.07782424e+01 5.08282424e+01 5.08421937e+01 5.08444977e+01 5.08521937e+01 5.08544977e+01 5.08621937e+01 5.08644977e+01 5.08721937e+01 5.08744977e+01 5.08821937e+01 5.08844977e+01 5.08921937e+01 5.09010897e+01 5.09510897e+01 5.09527150e+01 5.09530030e+01 5.09627150e+01 5.09630030e+01 5.09727150e+01 5.09747950e+01 5.10247950e+01 5.10336526e+01 5.10339406e+01 5.10436526e+01 5.10439406e+01 5.10536526e+01 5.10551566e+01 5.11051566e+01 5.11083022e+01 5.11106062e+01 5.11183022e+01 5.11206062e+01 5.11283022e+01 5.11343182e+01 5.11843182e+01 5.11874009e+01 5.11876889e+01 5.11974009e+01 5.11976889e+01 5.12074009e+01 5.12089049e+01 5.12589049e+01 5.12608056e+01 5.12617137e+01 5.12620017e+01 5.12622477e+01 5.12685016e+01 5.12708056e+01 5.12717137e+01 5.12720017e+01 5.12722477e+01 5.12785016e+01 5.12808056e+01 5.12817137e+01 5.12832177e+01 5.12840397e+01 5.12885016e+01 5.12948376e+01 5.13448376e+01 5.13481809e+01 5.13504849e+01 5.13581809e+01 5.13604849e+01 5.13681809e+01 5.13704849e+01 5.13781809e+01 5.13836849e+01 5.14336849e+01 5.14364023e+01 5.14387063e+01 5.14464023e+01 5.14482950e+01 5.14487063e+01 5.14564023e+01 5.14587063e+01 5.14664023e+01 5.14713303e+01 5.15777275e+01 5.15900674e+01 5.15903554e+01 5.16000674e+01 5.16003554e+01 5.16100674e+01 5.16103554e+01 5.16200674e+01 5.16203554e+01 5.16300674e+01 5.16303554e+01 5.16400674e+01 5.16421474e+01 5.16460198e+01 5.16646616e+01 5.16660198e+01 5.16663078e+01 5.16760198e+01 5.16763078e+01 5.16860198e+01 5.16863078e+01 5.16960198e+01 5.16963078e+01 5.17060198e+01 5.17063078e+01 5.17160198e+01 5.17175238e+01 5.17675238e+01 5.17683531e+01 5.17706571e+01 5.17783531e+01 5.17806571e+01 5.17883531e+01 5.17906571e+01 5.17983531e+01 5.18006571e+01 5.18083531e+01 5.18131531e+01 5.18631531e+01 5.18700634e+01 5.18723674e+01 5.18800634e+01 5.18823674e+01 5.18900634e+01 5.18956314e+01 5.19456314e+01 5.19468521e+01 5.19471401e+01 5.19568521e+01 5.19571401e+01 5.19668521e+01 5.19689321e+01 5.20189321e+01 5.20195941e+01 5.20198821e+01 5.20295941e+01 5.20298821e+01 5.20395941e+01 5.20410981e+01 5.20910981e+01 5.20970205e+01 5.20973085e+01 5.20993637e+01 5.21070205e+01 5.21073085e+01 5.21093637e+01 5.21170205e+01 5.21173085e+01 5.21193637e+01 5.21270205e+01 5.21285245e+01 5.21332677e+01 5.21603843e+01 5.21606723e+01 5.21673085e+01 5.22173085e+01 5.22358223e+01 5.22373085e+01 5.22873085e+01 5.22933103e+01 5.23073085e+01 5.23573085e+01 5.23615721e+01 5.23638761e+01 5.23715721e+01 5.23791881e+01 5.24291881e+01 5.24333892e+01 5.24356932e+01 5.24433892e+01 5.24456932e+01 5.24533892e+01 5.24556932e+01 5.24633892e+01 5.24712612e+01 5.25566904e+01 5.25766904e+01 5.25769784e+01 5.25866904e+01 5.25869784e+01 5.25966904e+01 5.25969784e+01 5.26066904e+01 5.26069784e+01 5.26166904e+01 5.26169784e+01 5.26266904e+01 5.26281944e+01 5.26781944e+01 5.26836144e+01 5.26839024e+01 5.26936144e+01 5.26939024e+01 5.27036144e+01 5.27039024e+01 5.27136144e+01 5.27156944e+01 5.27656944e+01 5.27675168e+01 5.27678048e+01 5.27775168e+01 5.27778048e+01 5.27875168e+01 5.27895968e+01 5.28395968e+01 5.28419913e+01 5.28442953e+01 5.28519913e+01 5.28542953e+01 5.28619913e+01 5.28628521e+01 5.28692233e+01 5.29192233e+01 5.29203891e+01 5.29206771e+01 5.29303891e+01 5.29306771e+01 5.29403891e+01 5.29406771e+01 5.29503891e+01 5.29518931e+01 5.30018931e+01 5.30039950e+01 5.30062990e+01 5.30139950e+01 5.30162990e+01 5.30239950e+01 5.30302030e+01 5.30802030e+01 5.30875857e+01 5.30878737e+01 5.30975857e+01 5.30978737e+01 5.31075857e+01 5.31096657e+01 5.31596657e+01 5.31673126e+01 5.31676006e+01 5.31773126e+01 5.31776006e+01 5.31873126e+01 5.31888166e+01 5.32388166e+01 5.32431358e+01 5.32434238e+01 5.32531358e+01 5.32534238e+01 5.32631358e+01 5.32646398e+01 5.33146398e+01 5.33149324e+01 5.33152204e+01 5.33249324e+01 5.33252204e+01 5.33349324e+01 5.33352204e+01 5.33449324e+01 5.33470124e+01 5.33970124e+01 5.33997812e+01 5.34020852e+01 5.34097812e+01 5.34120852e+01 5.34197812e+01 5.34282292e+01 5.34782292e+01 5.34846176e+01 5.34869216e+01 5.34946176e+01 5.34969216e+01 5.35046176e+01 5.35133216e+01 5.35192865e+01 5.35392865e+01 5.35395745e+01 5.35492865e+01 5.35495745e+01 5.35592865e+01 5.35595745e+01 5.35692865e+01 5.35695745e+01 5.35792865e+01 5.35795745e+01 5.35892865e+01 5.35907905e+01 5.36407905e+01 5.36495775e+01 5.36498655e+01 5.36595775e+01 5.36598655e+01 5.36695775e+01 5.36716575e+01 5.37216575e+01 5.37231060e+01 5.37254100e+01 5.37331060e+01 5.37354100e+01 5.37431060e+01 5.37505300e+01 5.38005300e+01 5.38075033e+01 5.38098073e+01 5.38175033e+01 5.38198073e+01 5.38275033e+01 5.38337753e+01 5.38837753e+01 5.38854133e+01 5.38857013e+01 5.38954133e+01 5.38957013e+01 5.39054133e+01 5.39074933e+01 5.39574933e+01 5.39631624e+01 5.39634504e+01 5.39731624e+01 5.39734504e+01 5.39831624e+01 5.39846664e+01 5.40346664e+01 5.40372165e+01 5.40375045e+01 5.40472165e+01 5.40475045e+01 5.40572165e+01 5.40587205e+01 5.41087205e+01 5.41099157e+01 5.41122197e+01 5.41199157e+01 5.41202214e+01 5.41222197e+01 5.41299157e+01 5.41388757e+01 5.41888757e+01 5.41972705e+01 5.41975585e+01 5.42072705e+01 5.42075585e+01 5.42172705e+01 5.42175585e+01 5.42272705e+01 5.42287745e+01 5.42787745e+01 5.42814631e+01 5.42817511e+01 5.42914631e+01 5.42917511e+01 5.43014631e+01 5.43035431e+01 5.43535431e+01 5.43611364e+01 5.43634404e+01 5.43711364e+01 5.43734404e+01 5.43811364e+01 5.43884324e+01 5.44384324e+01 5.44392814e+01 5.44415854e+01 5.44492814e+01 5.44515854e+01 5.44592814e+01 5.44674094e+01 5.45080189e+01 5.45142115e+01 5.45165155e+01 5.45242115e+01 5.45265155e+01 5.45280189e+01 5.45283069e+01 5.45380189e+01 5.45383069e+01 5.45480189e+01 5.45483069e+01 5.45580189e+01 5.45583069e+01 5.45680189e+01 5.45683069e+01 5.45780189e+01 5.45795229e+01 5.46295229e+01 5.46313415e+01 5.46336455e+01 5.46413415e+01 5.46436455e+01 5.46513415e+01 5.46536455e+01 5.46613415e+01 5.46701095e+01 5.47201095e+01 5.47274325e+01 5.47297365e+01 5.47374325e+01 5.47397365e+01 5.47474325e+01 5.47549205e+01 5.48049205e+01 5.48053143e+01 5.48076183e+01 5.48153143e+01 5.48176183e+01 5.48253143e+01 5.48346583e+01 5.48846583e+01 5.48885786e+01 5.48888666e+01 5.48985786e+01 5.48988666e+01 5.49085786e+01 5.49106586e+01 5.49606586e+01 5.49608571e+01 5.49685531e+01 5.49696350e+01 5.49708571e+01 5.49785531e+01 5.49808571e+01 5.49885531e+01 5.49968091e+01 5.50468091e+01 5.50512156e+01 5.50515036e+01 5.50612156e+01 5.50615036e+01 5.50712156e+01 5.50715036e+01 5.50812156e+01 5.50827196e+01 5.51327196e+01 5.51374292e+01 5.51377172e+01 5.51474292e+01 5.51477172e+01 5.51574292e+01 5.51589332e+01 5.52089332e+01 5.52095149e+01 5.52118189e+01 5.52195149e+01 5.52218189e+01 5.52295149e+01 5.52359149e+01 5.52859149e+01 5.52866003e+01 5.52868883e+01 5.52966003e+01 5.52968883e+01 5.53066003e+01 5.53081043e+01 5.53581043e+01 5.53602570e+01 5.53625610e+01 5.53702570e+01 5.53725610e+01 5.53802570e+01 5.53825610e+01 5.53902570e+01 5.53967850e+01 5.54467850e+01 5.54494165e+01 5.54517205e+01 5.54594165e+01 5.54617205e+01 5.54694165e+01 5.54744085e+01 5.54994343e+01 5.55008197e+01 5.55011077e+01 5.55108197e+01 5.55111077e+01 5.55208197e+01 5.55211077e+01 5.55308197e+01 5.55311077e+01 5.55408197e+01 5.55428997e+01 5.55497688e+01 5.55668368e+01 5.55691408e+01 5.55768368e+01 5.55791408e+01 5.55868368e+01 5.55891408e+01 5.55968368e+01 5.55991408e+01 5.56068368e+01 5.56091408e+01 5.56168368e+01 5.56250288e+01 5.56270040e+01 5.56470040e+01 5.56472920e+01 5.56570040e+01 5.56572920e+01 5.56670040e+01 5.56672920e+01 5.56770040e+01 5.56772920e+01 5.56870040e+01 5.56872920e+01 5.56970040e+01 5.56985080e+01 5.57485080e+01 5.57498894e+01 5.57501774e+01 5.57598894e+01 5.57601774e+01 5.57698894e+01 5.57719694e+01 5.58219694e+01 5.58271928e+01 5.58274808e+01 5.58371928e+01 5.58374808e+01 5.58471928e+01 5.58492728e+01 5.58992728e+01 5.59023989e+01 5.59026869e+01 5.59123989e+01 5.59126869e+01 5.59223989e+01 5.59226869e+01 5.59323989e+01 5.59339029e+01 5.59839029e+01 5.59927641e+01 5.59930521e+01 5.60027641e+01 5.60030521e+01 5.60127641e+01 5.60130521e+01 5.60227641e+01 5.60248441e+01 5.60748441e+01 5.60769741e+01 5.60772621e+01 5.60869741e+01 5.60872621e+01 5.60969741e+01 5.60984781e+01 5.61484781e+01 5.61521681e+01 5.61524561e+01 5.61621681e+01 5.61624561e+01 5.61721681e+01 5.61724561e+01 5.61821681e+01 5.61839695e+01 5.61842481e+01 5.62342481e+01 5.62371830e+01 5.62374710e+01 5.62471830e+01 5.62474710e+01 5.62571830e+01 5.62592630e+01 5.63092630e+01 5.63092822e+01 5.63110572e+01 5.63113452e+01 5.63169782e+01 5.63192822e+01 5.63210572e+01 5.63213452e+01 5.63269782e+01 5.63292822e+01 5.63310572e+01 5.63313452e+01 5.63369782e+01 5.63468982e+01 5.63682641e+01 5.63705681e+01 5.63782641e+01 5.63805681e+01 5.63813452e+01 5.64313452e+01 5.64485451e+01 5.64488331e+01 5.64585451e+01 5.64588331e+01 5.64685451e+01 5.64688331e+01 5.64785451e+01 5.64788331e+01 5.64885451e+01 5.64888331e+01 5.64985451e+01 5.65006251e+01 5.65038903e+01 5.65228696e+01 5.65238903e+01 5.65241783e+01 5.65338903e+01 5.65341783e+01 5.65438903e+01 5.65441783e+01 5.65538903e+01 5.65541783e+01 5.65638903e+01 5.65641783e+01 5.65738903e+01 5.65753943e+01 5.66253943e+01 5.66265283e+01 5.66288323e+01 5.66365283e+01 5.66388323e+01 5.66465283e+01 5.66488323e+01 5.66565283e+01 5.66632483e+01 5.67132483e+01 5.67201805e+01 5.67224845e+01 5.67301805e+01 5.67324845e+01 5.67401805e+01 5.67449805e+01 5.67949805e+01 5.67970130e+01 5.67993170e+01 5.68070130e+01 5.68093170e+01 5.68170130e+01 5.68193170e+01 5.68270130e+01 5.68346290e+01 5.68846290e+01 5.68892718e+01 5.68915758e+01 5.68992718e+01 5.69015758e+01 5.69092718e+01 5.69115758e+01 5.69192718e+01 5.69279758e+01 5.69779758e+01 5.69836402e+01 5.69839282e+01 5.69936402e+01 5.69957202e+01 5.70457202e+01 5.70462682e+01 5.70465562e+01 5.70562682e+01 5.70565562e+01 5.70662682e+01 5.70677722e+01 5.71177722e+01 5.71186275e+01 5.71209315e+01 5.71286275e+01 5.71309315e+01 5.71386275e+01 5.71395991e+01 5.71438115e+01 5.71938115e+01 5.71938189e+01 5.71941069e+01 5.72038189e+01 5.72041069e+01 5.72138189e+01 5.72153229e+01 5.72653229e+01 5.72661431e+01 5.72664311e+01 5.72668689e+01 5.72680903e+01 5.72683783e+01 5.72745649e+01 5.72768689e+01 5.72780903e+01 5.72783783e+01 5.72845649e+01 5.72868689e+01 5.72880903e+01 5.72883783e+01 5.72945649e+01 5.73021809e+01 5.73364311e+01 5.73864311e+01 5.73872944e+01 5.73893744e+01 5.74393744e+01 5.74397741e+01 5.74400621e+01 5.74497741e+01 5.74500621e+01 5.74597741e+01 5.74600621e+01 5.74697741e+01 5.74718541e+01 5.75650235e+01 5.75676990e+01 5.75700030e+01 5.75776990e+01 5.75800030e+01 5.75876990e+01 5.75900030e+01 5.75976990e+01 5.76000030e+01 5.76076990e+01 5.76100030e+01 5.76176990e+01 5.76236510e+01 5.76283704e+01 5.76483704e+01 5.76486584e+01 5.76583704e+01 5.76586584e+01 5.76683704e+01 5.76686584e+01 5.76783704e+01 5.76786584e+01 5.76883704e+01 5.76886584e+01 5.76983704e+01 5.76998744e+01 5.77498744e+01 5.77530173e+01 5.77553213e+01 5.77630173e+01 5.77653213e+01 5.77730173e+01 5.77753213e+01 5.77830173e+01 5.77896733e+01 5.78396733e+01 5.78418402e+01 5.78421282e+01 5.78518402e+01 5.78521282e+01 5.78618402e+01 5.78639202e+01 5.79139202e+01 5.79233267e+01 5.79236147e+01 5.79333267e+01 5.79336147e+01 5.79433267e+01 5.79448307e+01 5.79948307e+01 5.79996365e+01 5.79999245e+01 5.80001247e+01 5.80096365e+01 5.80099245e+01 5.80101247e+01 5.80196365e+01 5.80217165e+01 5.80717165e+01 5.80752317e+01 5.80775357e+01 5.80852317e+01 5.80875357e+01 5.80952317e+01 5.80975357e+01 5.81052317e+01 5.81107357e+01 5.81607357e+01 5.81616159e+01 5.81693119e+01 5.81716159e+01 5.81793119e+01 5.81807357e+01 5.82307357e+01 5.82359198e+01 5.82382238e+01 5.82459198e+01 5.82482238e+01 5.82559198e+01 5.82582238e+01 5.82659198e+01 5.82682238e+01 5.82759198e+01 5.82781109e+01 5.82839198e+01 5.83339198e+01 5.83419292e+01 5.83422172e+01 5.83519292e+01 5.83522172e+01 5.83619292e+01 5.83634332e+01 5.84134332e+01 5.84219986e+01 5.84222866e+01 5.84319986e+01 5.84340786e+01 5.84840786e+01 5.84879856e+01 5.84902896e+01 5.84979856e+01 5.85002896e+01 5.85079856e+01 5.85102896e+01 5.85179856e+01 5.85266256e+01 5.85438262e+01 5.85484827e+01 5.85507867e+01 5.85584827e+01 5.85607867e+01 5.85684827e+01 5.85707867e+01 5.85784827e+01 5.85807867e+01 5.85884827e+01 5.85907867e+01 5.85984827e+01 5.86080827e+01 5.86251066e+01 5.86404441e+01 5.86427481e+01 5.86504441e+01 5.86527481e+01 5.86604441e+01 5.86627481e+01 5.86704441e+01 5.86727481e+01 5.86804441e+01 5.86827481e+01 5.86904441e+01 5.86971001e+01 5.87027292e+01 5.87227292e+01 5.87230172e+01 5.87327292e+01 5.87330172e+01 5.87427292e+01 5.87430172e+01 5.87527292e+01 5.87530172e+01 5.87627292e+01 5.87630172e+01 5.87727292e+01 5.87742332e+01 5.88242332e+01 5.88299823e+01 5.88302703e+01 5.88399823e+01 5.88402703e+01 5.88499823e+01 5.88502703e+01 5.88599823e+01 5.88620623e+01 5.89120623e+01 5.89164921e+01 5.89167801e+01 5.89264921e+01 5.89267801e+01 5.89364921e+01 5.89379961e+01 5.89879961e+01 5.89905888e+01 5.89928928e+01 5.90005888e+01 5.90028928e+01 5.90105888e+01 5.90194208e+01 5.90694208e+01 5.90695158e+01 5.90698038e+01 5.90795158e+01 5.90798038e+01 5.90895158e+01 5.90910198e+01 5.91410198e+01 5.91421276e+01 5.91444316e+01 5.91521276e+01 5.91544316e+01 5.91621276e+01 5.91625596e+01 5.91644316e+01 5.91721276e+01 5.91785916e+01 5.92285916e+01 5.92314728e+01 5.92317608e+01 5.92414728e+01 5.92417608e+01 5.92514728e+01 5.92529768e+01 5.93029768e+01 5.93062405e+01 5.93085445e+01 5.93162405e+01 5.93185445e+01 5.93262405e+01 5.93357125e+01 5.93857125e+01 5.93910179e+01 5.93933219e+01 5.94010179e+01 5.94033219e+01 5.94110179e+01 5.94133219e+01 5.94210179e+01 5.94294019e+01 5.94794019e+01 5.94815933e+01 5.94838973e+01 5.94915933e+01 5.94938973e+01 5.95015933e+01 5.95086333e+01 5.95185286e+01 5.95370380e+01 5.95385286e+01 5.95388166e+01 5.95485286e+01 5.95488166e+01 5.95585286e+01 5.95588166e+01 5.95685286e+01 5.95688166e+01 5.95785286e+01 5.95788166e+01 5.95885286e+01 5.95900326e+01 5.96400326e+01 5.96600326e+01 5.97100326e+01 5.97179358e+01 5.97200158e+01 5.97700158e+01 5.97706748e+01 5.97729788e+01 5.97806748e+01 5.97829788e+01 5.97906748e+01 5.97997628e+01 5.98497628e+01 5.98507793e+01 5.98510673e+01 5.98607793e+01 5.98610673e+01 5.98707793e+01 5.98728593e+01 5.99228593e+01 5.99311785e+01 5.99314665e+01 5.99411785e+01 5.99414665e+01 5.99511785e+01 5.99526825e+01 6.00026825e+01 6.00088399e+01 6.00091279e+01 6.00188399e+01 6.00191279e+01 6.00288399e+01 6.00309199e+01 6.00809199e+01 6.00868036e+01 6.00891076e+01 6.00968036e+01 6.00991076e+01 6.01068036e+01 6.01139076e+01 6.01639076e+01 6.01682040e+01 6.01684920e+01 6.01782040e+01 6.01784920e+01 6.01882040e+01 6.01897080e+01 6.02397080e+01 6.02438371e+01 6.02446333e+01 6.02461411e+01 6.02538371e+01 6.02561411e+01 6.02638371e+01 6.02726051e+01 6.03226051e+01 6.03285556e+01 6.03308596e+01 6.03385556e+01 6.03408596e+01 6.03485556e+01 6.03508596e+01 6.03585556e+01 6.03673236e+01 6.04173236e+01 6.04183591e+01 6.04206631e+01 6.04283591e+01 6.04306631e+01 6.04383591e+01 6.04406631e+01 6.04483591e+01 6.04580871e+01 6.05047282e+01 6.05082743e+01 6.05105783e+01 6.05182743e+01 6.05205783e+01 6.05282743e+01 6.05344183e+01 6.05392308e+01 6.05589860e+01 6.05592308e+01 6.05595188e+01 6.05692308e+01 6.05695188e+01 6.05792308e+01 6.05795188e+01 6.05892308e+01 6.05895188e+01 6.05992308e+01 6.05995188e+01 6.06092308e+01 6.06107348e+01 6.06607348e+01 6.06629486e+01 6.06652526e+01 6.06729486e+01 6.06752526e+01 6.06829486e+01 6.06927406e+01 6.07427406e+01 6.07492553e+01 6.07515593e+01 6.07592553e+01 6.07615593e+01 6.07692553e+01 6.07715593e+01 6.07792553e+01 6.07857193e+01 6.08357193e+01 6.08375514e+01 6.08452474e+01 6.08475514e+01 6.08552474e+01 6.08575514e+01 6.08652474e+01 6.08675514e+01 6.08752474e+01 6.08753627e+01 6.08826714e+01 6.09326714e+01 6.09334528e+01 6.09337408e+01 6.09434528e+01 6.09437408e+01 6.09534528e+01 6.09549568e+01 6.10049568e+01 6.10068021e+01 6.10070901e+01 6.10168021e+01 6.10170901e+01 6.10268021e+01 6.10283061e+01 6.10783061e+01 6.10804522e+01 6.10807402e+01 6.10904522e+01 6.10907402e+01 6.11004522e+01 6.11025322e+01 6.11525322e+01 6.11563666e+01 6.11566546e+01 6.11663666e+01 6.11666546e+01 6.11763666e+01 6.11784466e+01 6.12284466e+01 6.12319934e+01 6.12322814e+01 6.12419934e+01 6.12422814e+01 6.12519934e+01 6.12534974e+01 6.13034974e+01 6.13041518e+01 6.13044398e+01 6.13141518e+01 6.13144398e+01 6.13241518e+01 6.13262318e+01 6.13762318e+01 6.13764792e+01 6.13767672e+01 6.13864792e+01 6.13867672e+01 6.13964792e+01 6.13967672e+01 6.14064792e+01 6.14085592e+01 6.14585592e+01 6.14656208e+01 6.14679248e+01 6.14756208e+01 6.14779248e+01 6.14856208e+01 6.14933008e+01 6.15061523e+01 6.15163893e+01 6.15186933e+01 6.15263893e+01 6.15286933e+01 6.15363893e+01 6.15386933e+01 6.15463893e+01 6.15486933e+01 6.15563893e+01 6.15586933e+01 6.15663893e+01 6.15722773e+01 6.15819034e+01 6.16019034e+01 6.16021914e+01 6.16119034e+01 6.16121914e+01 6.16219034e+01 6.16221914e+01 6.16319034e+01 6.16321914e+01 6.16419034e+01 6.16421914e+01 6.16519034e+01 6.16534074e+01 6.17034074e+01 6.17075577e+01 6.17078457e+01 6.17175577e+01 6.17178457e+01 6.17275577e+01 6.17296377e+01 6.17796377e+01 6.17797627e+01 6.17820667e+01 6.17897627e+01 6.17920667e+01 6.17997627e+01 6.18020667e+01 6.18097627e+01 6.18151387e+01 6.18651387e+01 6.18681268e+01 6.18684148e+01 6.18781268e+01 6.18784148e+01 6.18881268e+01 6.18902068e+01 6.19402068e+01 6.19453697e+01 6.19456577e+01 6.19553697e+01 6.19556577e+01 6.19653697e+01 6.19668737e+01 6.20168737e+01 6.20174486e+01 6.20197526e+01 6.20274486e+01 6.20297526e+01 6.20368737e+01 6.20868737e+01 6.20907791e+01 6.20910671e+01 6.21007791e+01 6.21010671e+01 6.21107791e+01 6.21110671e+01 6.21207791e+01 6.21210671e+01 6.21307791e+01 6.21328591e+01 6.21828591e+01 6.21843415e+01 6.21846295e+01 6.21943415e+01 6.21946295e+01 6.22043415e+01 6.22064215e+01 6.22564215e+01 6.22578736e+01 6.22601776e+01 6.22678736e+01 6.22701776e+01 6.22778736e+01 6.22796005e+01 6.22872176e+01 6.23372176e+01 6.23445896e+01 6.23448776e+01 6.23545896e+01 6.23548776e+01 6.23645896e+01 6.23660936e+01 6.24160936e+01 6.24180521e+01 6.24183401e+01 6.24280521e+01 6.24283401e+01 6.24380521e+01 6.24401321e+01 6.25692273e+01 6.25710745e+01 6.25733785e+01 6.25810745e+01 6.25833785e+01 6.25910745e+01 6.25933785e+01 6.26010745e+01 6.26082425e+01 6.26274906e+01 6.26309922e+01 6.26312802e+01 6.26409922e+01 6.26412802e+01 6.26509922e+01 6.26512802e+01 6.26609922e+01 6.26612802e+01 6.26709922e+01 6.26712802e+01 6.26809922e+01 6.26830722e+01 6.26980466e+01 6.27142947e+01 6.27165987e+01 6.27242947e+01 6.27265987e+01 6.27342947e+01 6.27365987e+01 6.27442947e+01 6.27465987e+01 6.27542947e+01 6.27565987e+01 6.27642947e+01 6.27742147e+01 6.27909456e+01 6.27944722e+01 6.27967762e+01 6.28044722e+01 6.28067762e+01 6.28144722e+01 6.28167762e+01 6.28244722e+01 6.28267762e+01 6.28344722e+01 6.28367762e+01 6.28444722e+01 6.28512562e+01 6.28638610e+01 6.28821952e+01 6.28838610e+01 6.28841490e+01 6.28938610e+01 6.28941490e+01 6.29038610e+01 6.29041490e+01 6.29138610e+01 6.29141490e+01 6.29238610e+01 6.29241490e+01 6.29338610e+01 6.29353650e+01 6.29853650e+01 6.29923625e+01 6.29946665e+01 6.30023625e+01 6.30046665e+01 6.30123625e+01 6.30182505e+01 6.30682505e+01 6.30719203e+01 6.30742243e+01 6.30819203e+01 6.30842243e+01 6.30919203e+01 6.30942243e+01 6.31019203e+01 6.31038406e+01 6.31074883e+01 6.31574883e+01 6.31592863e+01 6.31669823e+01 6.31692863e+01 6.31769823e+01 6.31792863e+01 6.31869823e+01 6.31892863e+01 6.31969823e+01 6.32024223e+01 6.32524223e+01 6.32574348e+01 6.32597388e+01 6.32674348e+01 6.32697388e+01 6.32774348e+01 6.32826188e+01 6.33326188e+01 6.33345904e+01 6.33348784e+01 6.33445904e+01 6.33448784e+01 6.33545904e+01 6.33560944e+01 6.34060944e+01 6.34062904e+01 6.34065784e+01 6.34162904e+01 6.34165784e+01 6.34262904e+01 6.34265784e+01 6.34362904e+01 6.34383704e+01 6.35772408e+01 6.35828805e+01 6.35851845e+01 6.35928805e+01 6.35951845e+01 6.36028805e+01 6.36099845e+01 6.36168126e+01 6.36368126e+01 6.36371006e+01 6.36468126e+01 6.36471006e+01 6.36568126e+01 6.36571006e+01 6.36668126e+01 6.36671006e+01 6.36768126e+01 6.36771006e+01 6.36868126e+01 6.36883166e+01 6.37383166e+01 6.37414240e+01 6.37417120e+01 6.37514240e+01 6.37517120e+01 6.37614240e+01 6.37635040e+01 6.38135040e+01 6.38137444e+01 6.38160484e+01 6.38237444e+01 6.38260484e+01 6.38337444e+01 6.38360484e+01 6.38437444e+01 6.38513604e+01 6.39013604e+01 6.39034754e+01 6.39111714e+01 6.39134754e+01 6.39211714e+01 6.39234754e+01 6.39311714e+01 6.39384034e+01 6.39884034e+01 6.39906449e+01 6.39909329e+01 6.40006449e+01 6.40009329e+01 6.40106449e+01 6.40121489e+01 6.40621489e+01 6.40678445e+01 6.40701485e+01 6.40778445e+01 6.40801485e+01 6.40878445e+01 6.40975085e+01 6.41475085e+01 6.41493736e+01 6.41516776e+01 6.41593736e+01 6.41598468e+01 6.41616776e+01 6.41693736e+01 6.41765416e+01 6.42265416e+01 6.42348441e+01 6.42351321e+01 6.42448441e+01 6.42469241e+01 6.42969241e+01 6.42995871e+01 6.42998751e+01 6.43095871e+01 6.43098751e+01 6.43195871e+01 6.43210911e+01 6.43710911e+01 6.43727122e+01 6.43750162e+01 6.43827122e+01 6.43850162e+01 6.43927122e+01 6.43998162e+01 6.44498162e+01 6.44567654e+01 6.44590694e+01 6.44667654e+01 6.44690694e+01 6.44767654e+01 6.44845734e+01 6.45537583e+01 6.45559621e+01 6.45636581e+01 6.45684581e+01 6.45802088e+01 6.45837155e+01 6.45840035e+01 6.45937155e+01 6.45940035e+01 6.46037155e+01 6.46040035e+01 6.46137155e+01 6.46140035e+01 6.46237155e+01 6.46240035e+01 6.46337155e+01 6.46357955e+01 6.46555274e+01 6.46679590e+01 6.46702630e+01 6.46779590e+01 6.46802630e+01 6.46879590e+01 6.46902630e+01 6.46979590e+01 6.47002630e+01 6.47079590e+01 6.47102630e+01 6.47179590e+01 6.47255750e+01 6.47325568e+01 6.47525568e+01 6.47528448e+01 6.47625568e+01 6.47628448e+01 6.47725568e+01 6.47728448e+01 6.47825568e+01 6.47828448e+01 6.47925568e+01 6.47928448e+01 6.48025568e+01 6.48040608e+01 6.48540608e+01 6.48548945e+01 6.48623235e+01 6.48626115e+01 6.48648945e+01 6.48723235e+01 6.48726115e+01 6.48748945e+01 6.48823235e+01 6.48844035e+01 6.49344035e+01 6.49389036e+01 6.49391916e+01 6.49489036e+01 6.49491916e+01 6.49589036e+01 6.49604076e+01 6.50104076e+01 6.50125043e+01 6.50127923e+01 6.50149959e+01 6.50225043e+01 6.50227923e+01 6.50249959e+01 6.50304076e+01 6.50804076e+01 6.50808971e+01 6.50885931e+01 6.50908971e+01 6.50985931e+01 6.51008971e+01 6.51085931e+01 6.51164011e+01 6.51664011e+01 6.51686561e+01 6.51709601e+01 6.51786561e+01 6.51809601e+01 6.51886561e+01 6.51919492e+01 6.51958881e+01 6.52458881e+01 6.52502658e+01 6.52505538e+01 6.52602658e+01 6.52605538e+01 6.52702658e+01 6.52705538e+01 6.52802658e+01 6.52817698e+01 6.53317698e+01 6.53377163e+01 6.53400203e+01 6.53477163e+01 6.53500203e+01 6.53577163e+01 6.53659083e+01 6.54159083e+01 6.54161553e+01 6.54184593e+01 6.54261553e+01 6.54284593e+01 6.54361553e+01 6.54384593e+01 6.54461553e+01 6.54521073e+01 6.55157304e+01 6.55229503e+01 6.55293503e+01 6.55338988e+01 6.55538988e+01 6.55541868e+01 6.55638988e+01 6.55641868e+01 6.55738988e+01 6.55741868e+01 6.55838988e+01 6.55841868e+01 6.55938988e+01 6.55941868e+01 6.56038988e+01 6.56054028e+01 6.56554028e+01 6.56567680e+01 6.56590720e+01 6.56667680e+01 6.56690720e+01 6.56767680e+01 6.56855360e+01 6.57355360e+01 6.57355967e+01 6.57432927e+01 6.57455967e+01 6.57532927e+01 6.57555967e+01 6.57632927e+01 6.57655967e+01 6.57732927e+01 6.57809727e+01 6.58309727e+01 6.58371448e+01 6.58394488e+01 6.58471448e+01 6.58494488e+01 6.58571448e+01 6.58594488e+01 6.58671448e+01 6.58732888e+01 6.59232888e+01 6.59289924e+01 6.59292804e+01 6.59389924e+01 6.59392804e+01 6.59489924e+01 6.59504964e+01 6.60004964e+01 6.60006777e+01 6.60009657e+01 6.60106777e+01 6.60109657e+01 6.60206777e+01 6.60227577e+01 6.60727577e+01 6.60743300e+01 6.60766340e+01 6.60843300e+01 6.60866340e+01 6.60927577e+01 6.61427577e+01 6.61518693e+01 6.61533733e+01 6.62033733e+01 6.62045495e+01 6.62049968e+01 6.62068535e+01 6.62145495e+01 6.62168535e+01 6.62245495e+01 6.62340215e+01 6.62840215e+01 6.62877693e+01 6.62880573e+01 6.62977693e+01 6.62980573e+01 6.63077693e+01 6.63098493e+01 6.63598493e+01 6.63688860e+01 6.63691740e+01 6.63788860e+01 6.63791740e+01 6.63888860e+01 6.63903900e+01 6.64403900e+01 6.64414497e+01 6.64417377e+01 6.64514497e+01 6.64517377e+01 6.64614497e+01 6.64617377e+01 6.64714497e+01 6.64735297e+01 6.65532617e+01 6.65545817e+01 6.65732617e+01 6.65735497e+01 6.65832617e+01 6.65835497e+01 6.65932617e+01 6.65935497e+01 6.66032617e+01 6.66035497e+01 6.66132617e+01 6.66135497e+01 6.66232617e+01 6.66247657e+01 6.66747657e+01 6.66777266e+01 6.66800306e+01 6.66877266e+01 6.66900306e+01 6.66977266e+01 6.67049586e+01 6.67549586e+01 6.67611896e+01 6.67634936e+01 6.67711896e+01 6.67734936e+01 6.67811896e+01 6.67883576e+01 6.68383576e+01 6.68421192e+01 6.68444232e+01 6.68521192e+01 6.68544232e+01 6.68621192e+01 6.68671112e+01 6.69171112e+01 6.69178868e+01 6.69181748e+01 6.69278868e+01 6.69281748e+01 6.69378868e+01 6.69381748e+01 6.69478868e+01 6.69499668e+01 6.69999668e+01 6.70030457e+01 6.70053497e+01 6.70130457e+01 6.70153497e+01 6.70230457e+01 6.70326457e+01 6.70826457e+01 6.70832661e+01 6.70835541e+01 6.70932661e+01 6.70935541e+01 6.71032661e+01 6.71053461e+01 6.71553461e+01 6.71602485e+01 6.71605365e+01 6.71702485e+01 6.71705365e+01 6.71802485e+01 6.71817525e+01 6.72317525e+01 6.72336624e+01 6.72413584e+01 6.72436624e+01 6.72513584e+01 6.72536624e+01 6.72613584e+01 6.72710136e+01 6.72711504e+01 6.73211504e+01 6.73236779e+01 6.73239659e+01 6.73336779e+01 6.73339659e+01 6.73436779e+01 6.73451819e+01 6.73951819e+01 6.73980391e+01 6.74003431e+01 6.74080391e+01 6.74103431e+01 6.74180391e+01 6.74245031e+01 6.74745031e+01 6.74751775e+01 6.74774815e+01 6.74851775e+01 6.74874815e+01 6.74951775e+01 6.74974815e+01 6.75051775e+01 6.75150975e+01 6.75196379e+01 6.75396379e+01 6.75399259e+01 6.75496379e+01 6.75499259e+01 6.75596379e+01 6.75599259e+01 6.75696379e+01 6.75699259e+01 6.75796379e+01 6.75799259e+01 6.75896379e+01 6.75911419e+01 6.76411419e+01 6.76436452e+01 6.76459492e+01 6.76536452e+01 6.76559492e+01 6.76636452e+01 6.76722852e+01 6.77222852e+01 6.77292540e+01 6.77295420e+01 6.77392540e+01 6.77395420e+01 6.77492540e+01 6.77495420e+01 6.77592540e+01 6.77607580e+01 6.78107580e+01 6.78140845e+01 6.78163885e+01 6.78240845e+01 6.78263885e+01 6.78340845e+01 6.78422765e+01 6.78922765e+01 6.78983849e+01 6.79006889e+01 6.79083849e+01 6.79106889e+01 6.79183849e+01 6.79206889e+01 6.79283849e+01 6.79346569e+01 6.79846569e+01 6.79861692e+01 6.79864572e+01 6.79961692e+01 6.79964572e+01 6.80061692e+01 6.80076732e+01 6.80576732e+01 6.80577690e+01 6.80580570e+01 6.80677690e+01 6.80680570e+01 6.80777690e+01 6.80792730e+01 6.81292730e+01 6.81315509e+01 6.81318389e+01 6.81415509e+01 6.81418389e+01 6.81515509e+01 6.81536309e+01 6.82036309e+01 6.82071576e+01 6.82094616e+01 6.82171576e+01 6.82194616e+01 6.82271576e+01 6.82333656e+01 6.82833656e+01 6.82877865e+01 6.82891224e+01 6.82900905e+01 6.82977865e+01 6.83000905e+01 6.83077865e+01 6.83100905e+01 6.83177865e+01 6.83272585e+01 6.83772585e+01 6.83814431e+01 6.83837471e+01 6.83914431e+01 6.83937471e+01 6.84014431e+01 6.84037471e+01 6.84114431e+01 6.84170751e+01 6.84670751e+01 6.84739197e+01 6.84762237e+01 6.84839197e+01 6.84862237e+01 6.84939197e+01 6.84992957e+01 6.85116280e+01 6.85220311e+01 6.85223191e+01 6.85320311e+01 6.85323191e+01 6.85420311e+01 6.85423191e+01 6.85520311e+01 6.85523191e+01 6.85620311e+01 6.85623191e+01 6.85720311e+01 6.85735351e+01 6.85769990e+01 6.85969990e+01 6.85972870e+01 6.86069990e+01 6.86072870e+01 6.86169990e+01 6.86172870e+01 6.86269990e+01 6.86272870e+01 6.86369990e+01 6.86372870e+01 6.86469990e+01 6.86485030e+01 6.86985030e+01 6.87020774e+01 6.87043814e+01 6.87120774e+01 6.87143814e+01 6.87220774e+01 6.87316774e+01 6.87816774e+01 6.87822305e+01 6.87845345e+01 6.87922305e+01 6.87945345e+01 6.88022305e+01 6.88085665e+01 6.88585665e+01 6.88598246e+01 6.88621286e+01 6.88698246e+01 6.88721286e+01 6.88798246e+01 6.88880806e+01 6.89380806e+01 6.89411901e+01 6.89414781e+01 6.89511901e+01 6.89514781e+01 6.89611901e+01 6.89626941e+01 6.90126941e+01 6.90140959e+01 6.90163999e+01 6.90240959e+01 6.90263999e+01 6.90340959e+01 6.90395683e+01 6.90395999e+01 6.90895999e+01 6.90969265e+01 6.90992305e+01 6.91069265e+01 6.91092305e+01 6.91169265e+01 6.91229425e+01 6.91729425e+01 6.91790006e+01 6.91813046e+01 6.91890006e+01 6.91913046e+01 6.91990006e+01 6.92060406e+01 6.92560406e+01 6.92594341e+01 6.92617381e+01 6.92694341e+01 6.92717381e+01 6.92794341e+01 6.92850661e+01 6.93350661e+01 6.93355708e+01 6.93378748e+01 6.93455708e+01 6.93478748e+01 6.93555708e+01 6.93648508e+01 6.94148508e+01 6.94166522e+01 6.94243482e+01 6.94266522e+01 6.94343482e+01 6.94366522e+01 6.94443482e+01 6.94519002e+01 6.94965963e+01 6.94978174e+01 6.95052559e+01 6.95055439e+01 6.95078174e+01 6.95152559e+01 6.95155439e+01 6.95178174e+01 6.95252559e+01 6.95273359e+01 6.95339914e+01 6.95539914e+01 6.95542794e+01 6.95639914e+01 6.95642794e+01 6.95739914e+01 6.95742794e+01 6.95839914e+01 6.95842794e+01 6.95939914e+01 6.95942794e+01 6.96039914e+01 6.96054954e+01 6.96554954e+01 6.96619215e+01 6.96622095e+01 6.96719215e+01 6.96722095e+01 6.96819215e+01 6.96822095e+01 6.96919215e+01 6.96940015e+01 6.97440015e+01 6.97440334e+01 6.97443214e+01 6.97540334e+01 6.97543214e+01 6.97640334e+01 6.97661134e+01 6.98161134e+01 6.98245511e+01 6.98248391e+01 6.98345511e+01 6.98348391e+01 6.98445511e+01 6.98466311e+01 6.98966311e+01 6.99061731e+01 6.99064611e+01 6.99161731e+01 6.99164611e+01 6.99261731e+01 6.99282531e+01 6.99782531e+01 6.99801388e+01 6.99804268e+01 6.99901388e+01 6.99904268e+01 7.00001388e+01 7.00022188e+01 7.00522188e+01 7.00528159e+01 7.00531039e+01 7.00628159e+01 7.00631039e+01 7.00728159e+01 7.00748959e+01 7.01248959e+01 7.01261633e+01 7.01264513e+01 7.01361633e+01 7.01364513e+01 7.01461633e+01 7.01482433e+01 7.01982433e+01 7.02027509e+01 7.02030389e+01 7.02033061e+01 7.02127509e+01 7.02130389e+01 7.02133061e+01 7.02227509e+01 7.02248309e+01 7.02748309e+01 7.02775551e+01 7.02778431e+01 7.02875551e+01 7.02878431e+01 7.02975551e+01 7.02990591e+01 7.03490591e+01 7.03584180e+01 7.03587060e+01 7.03684180e+01 7.03687060e+01 7.03784180e+01 7.03804980e+01 7.04304980e+01 7.04327971e+01 7.04330851e+01 7.04427971e+01 7.04430851e+01 7.04527971e+01 7.04543011e+01 7.05042594e+01 7.05074911e+01 7.05085435e+01 7.05097951e+01 7.05174911e+01 7.05197951e+01 7.05274911e+01 7.05322911e+01 7.05432781e+01 7.05544613e+01 7.05547493e+01 7.05644613e+01 7.05647493e+01 7.05744613e+01 7.05747493e+01 7.05844613e+01 7.05847493e+01 7.05944613e+01 7.05947493e+01 7.06044613e+01 7.06065413e+01 7.06219466e+01 7.06364860e+01 7.06387900e+01 7.06464860e+01 7.06487900e+01 7.06564860e+01 7.06587900e+01 7.06664860e+01 7.06687900e+01 7.06764860e+01 7.06787900e+01 7.06864860e+01 7.06914780e+01 7.06993185e+01 7.07193185e+01 7.07196065e+01 7.07293185e+01 7.07296065e+01 7.07393185e+01 7.07396065e+01 7.07493185e+01 7.07496065e+01 7.07593185e+01 7.07596065e+01 7.07693185e+01 7.07708225e+01 7.08208225e+01 7.08289960e+01 7.08292840e+01 7.08389960e+01 7.08392840e+01 7.08489960e+01 7.08510760e+01 7.09010760e+01 7.09043722e+01 7.09046602e+01 7.09143722e+01 7.09146602e+01 7.09243722e+01 7.09264522e+01 7.09764522e+01 7.09765073e+01 7.09767953e+01 7.09865073e+01 7.09867953e+01 7.09965073e+01 7.09985873e+01 7.10485873e+01 7.10512727e+01 7.10535767e+01 7.10612727e+01 7.10635767e+01 7.10712727e+01 7.10782487e+01 7.11282487e+01 7.11341549e+01 7.11364589e+01 7.11441549e+01 7.11464589e+01 7.11541549e+01 7.11629229e+01 7.12129229e+01 7.12173493e+01 7.12176373e+01 7.12273493e+01 7.12276373e+01 7.12373493e+01 7.12388533e+01 7.12888533e+01 7.12936700e+01 7.12959740e+01 7.13036700e+01 7.13059740e+01 7.13136700e+01 7.13235900e+01 7.13735900e+01 7.13787508e+01 7.13810548e+01 7.13887508e+01 7.13910548e+01 7.13987508e+01 7.14059188e+01 7.14559188e+01 7.14602547e+01 7.14605427e+01 7.14702547e+01 7.14705427e+01 7.14802547e+01 7.14805427e+01 7.14902547e+01 7.14903739e+01 7.14917587e+01 7.15039685e+01 7.15157930e+01 7.15180970e+01 7.15257930e+01 7.15280970e+01 7.15357930e+01 7.15380970e+01 7.15457930e+01 7.15480970e+01 7.15557930e+01 7.15580970e+01 7.15657930e+01 7.15720010e+01 7.15837477e+01 7.16029136e+01 7.16037477e+01 7.16040357e+01 7.16137477e+01 7.16140357e+01 7.16237477e+01 7.16240357e+01 7.16337477e+01 7.16340357e+01 7.16437477e+01 7.16440357e+01 7.16537477e+01 7.16552517e+01 7.17052517e+01 7.17077925e+01 7.17100965e+01 7.17177925e+01 7.17200965e+01 7.17277925e+01 7.17300965e+01 7.17377925e+01 7.17400965e+01 7.17477925e+01 7.17500965e+01 7.17577925e+01 7.17670085e+01 7.18170085e+01 7.18176013e+01 7.18252973e+01 7.18276013e+01 7.18352973e+01 7.18376013e+01 7.18452973e+01 7.18518253e+01 7.19018253e+01 7.19089164e+01 7.19112204e+01 7.19189164e+01 7.19212204e+01 7.19289164e+01 7.19361484e+01 7.19861484e+01 7.19908773e+01 7.19911653e+01 7.20008773e+01 7.20023813e+01 7.20523813e+01 7.20567963e+01 7.20570843e+01 7.20667963e+01 7.20670843e+01 7.20767963e+01 7.20783003e+01 7.21283003e+01 7.21310570e+01 7.21333610e+01 7.21410570e+01 7.21433610e+01 7.21510570e+01 7.21603370e+01 7.22103370e+01 7.22149524e+01 7.22172564e+01 7.22249524e+01 7.22272564e+01 7.22349524e+01 7.22396215e+01 7.22423124e+01 7.22923124e+01 7.22997320e+01 7.23000200e+01 7.23097320e+01 7.23100200e+01 7.23197320e+01 7.23212360e+01 7.23712360e+01 7.23724805e+01 7.23747845e+01 7.23824805e+01 7.23847845e+01 7.23924805e+01 7.23981125e+01 7.24481125e+01 7.24681125e+01 7.25217280e+01 7.25276368e+01 7.25375568e+01 7.25517823e+01 7.25595972e+01 7.25619012e+01 7.25695972e+01 7.25719012e+01 7.25795972e+01 7.25819012e+01 7.25895972e+01 7.25919012e+01 7.25995972e+01 7.26019012e+01 7.26095972e+01 7.26149092e+01 7.26345581e+01 7.26533475e+01 7.26545581e+01 7.26548461e+01 7.26645581e+01 7.26648461e+01 7.26745581e+01 7.26748461e+01 7.26845581e+01 7.26848461e+01 7.26945581e+01 7.26948461e+01 7.27045581e+01 7.27060621e+01 7.27560621e+01 7.27582057e+01 7.27584937e+01 7.27682057e+01 7.27684937e+01 7.27782057e+01 7.27784937e+01 7.27882057e+01 7.27884937e+01 7.27982057e+01 7.28002857e+01 7.28502857e+01 7.28566819e+01 7.28569699e+01 7.28666819e+01 7.28669699e+01 7.28766819e+01 7.28787619e+01 7.29287619e+01 7.29349749e+01 7.29372789e+01 7.29449749e+01 7.29472789e+01 7.29549749e+01 7.29620149e+01 7.30120149e+01 7.30172964e+01 7.30175844e+01 7.30272964e+01 7.30275844e+01 7.30372964e+01 7.30388004e+01 7.30888004e+01 7.30902494e+01 7.30905374e+01 7.31002494e+01 7.31005374e+01 7.31102494e+01 7.31105374e+01 7.31202494e+01 7.31223294e+01 7.31723294e+01 7.31727888e+01 7.31730768e+01 7.31827888e+01 7.31830768e+01 7.31927888e+01 7.31942928e+01 7.32442928e+01 7.32518004e+01 7.32520884e+01 7.32618004e+01 7.32620884e+01 7.32718004e+01 7.32733044e+01 7.33233044e+01 7.33315449e+01 7.33318329e+01 7.33415449e+01 7.33418329e+01 7.33515449e+01 7.33536249e+01 7.34036249e+01 7.34112463e+01 7.34135503e+01 7.34212463e+01 7.34235503e+01 7.34236249e+01 7.34736249e+01 7.34798399e+01 7.34821439e+01 7.34898399e+01 7.34921439e+01 7.34998399e+01 7.35021439e+01 7.35098399e+01 7.35121439e+01 7.35198399e+01 7.35243392e+01 7.35283519e+01 7.35466206e+01 7.35490201e+01 7.35513241e+01 7.35590201e+01 7.35613241e+01 7.35690201e+01 7.35713241e+01 7.35790201e+01 7.35813241e+01 7.35890201e+01 7.35913241e+01 7.35990201e+01 7.36052921e+01 7.36104250e+01 7.36304250e+01 7.36307130e+01 7.36404250e+01 7.36407130e+01 7.36504250e+01 7.36507130e+01 7.36604250e+01 7.36607130e+01 7.36704250e+01 7.36707130e+01 7.36804250e+01 7.36819290e+01 7.37319290e+01 7.37368946e+01 7.37371826e+01 7.37468946e+01 7.37471826e+01 7.37568946e+01 7.37589746e+01 7.38089746e+01 7.38124838e+01 7.38147878e+01 7.38148213e+01 7.38224838e+01 7.38247878e+01 7.38248213e+01 7.38289746e+01 7.38789746e+01 7.38802051e+01 7.38804931e+01 7.38902051e+01 7.38904931e+01 7.39002051e+01 7.39004931e+01 7.39102051e+01 7.39122851e+01 7.39622851e+01 7.39705780e+01 7.39708660e+01 7.39805780e+01 7.39808660e+01 7.39905780e+01 7.39926580e+01 7.40426580e+01 7.40442674e+01 7.40445554e+01 7.40542674e+01 7.40545554e+01 7.40642674e+01 7.40657714e+01 7.41157714e+01 7.41160445e+01 7.41163325e+01 7.41260445e+01 7.41263325e+01 7.41360445e+01 7.41375485e+01 7.41875485e+01 7.41897922e+01 7.41900802e+01 7.41997922e+01 7.42000802e+01 7.42097922e+01 7.42100802e+01 7.42197922e+01 7.42218722e+01 7.42718722e+01 7.42761050e+01 7.42784090e+01 7.42861050e+01 7.42884090e+01 7.42961050e+01 7.43020570e+01 7.43520570e+01 7.43539802e+01 7.43542682e+01 7.43639802e+01 7.43642682e+01 7.43739802e+01 7.43760602e+01 7.44260602e+01 7.44274577e+01 7.44277457e+01 7.44319533e+01 7.44342573e+01 7.44343472e+01 7.44374577e+01 7.44377457e+01 7.44419533e+01 7.44442573e+01 7.44443472e+01 7.44474577e+01 7.44477457e+01 7.44519533e+01 7.44609133e+01 7.44832474e+01 7.44855514e+01 7.44932474e+01 7.44955514e+01 7.44977457e+01 7.45015742e+01 7.45032474e+01 7.45055514e+01 7.45132474e+01 7.45155514e+01 7.45232474e+01 7.45255514e+01 7.45332474e+01 7.45393274e+01 7.45551182e+01 7.45616192e+01 7.45639232e+01 7.45716192e+01 7.45729747e+01 7.45739232e+01 7.45816192e+01 7.45839232e+01 7.45916192e+01 7.45939232e+01 7.46016192e+01 7.46039232e+01 7.46116192e+01 7.46203872e+01 7.46371419e+01 7.46530252e+01 7.46553292e+01 7.46630252e+01 7.46653292e+01 7.46730252e+01 7.46753292e+01 7.46830252e+01 7.46853292e+01 7.46930252e+01 7.46953292e+01 7.47030252e+01 7.47128172e+01 7.47204812e+01 7.47404812e+01 7.47407692e+01 7.47504812e+01 7.47507692e+01 7.47604812e+01 7.47607692e+01 7.47704812e+01 7.47707692e+01 7.47804812e+01 7.47807692e+01 7.47904812e+01 7.47919852e+01 7.48419852e+01 7.48460307e+01 7.48463187e+01 7.48560307e+01 7.48563187e+01 7.48660307e+01 7.48681107e+01 7.49181107e+01 7.49182290e+01 7.49205330e+01 7.49282290e+01 7.49305330e+01 7.49382290e+01 7.49405330e+01 7.49482290e+01 7.49532850e+01 7.50032850e+01 7.50061106e+01 7.50063986e+01 7.50161106e+01 7.50163986e+01 7.50261106e+01 7.50281906e+01 7.50781906e+01 7.50802321e+01 7.50825361e+01 7.50835207e+01 7.50838087e+01 7.50902321e+01 7.50925361e+01 7.50935207e+01 7.50938087e+01 7.51002321e+01 7.51076561e+01 7.51135207e+01 7.51150247e+01 7.51650247e+01 7.51664536e+01 7.51667416e+01 7.51764536e+01 7.51767416e+01 7.51864536e+01 7.51879576e+01 7.52379576e+01 7.52456743e+01 7.52459623e+01 7.52556743e+01 7.52559623e+01 7.52656743e+01 7.52671783e+01 7.53171783e+01 7.53216031e+01 7.53218911e+01 7.53316031e+01 7.53318911e+01 7.53416031e+01 7.53436831e+01 7.53936831e+01 7.53943629e+01 7.54020589e+01 7.54043629e+01 7.54120589e+01 7.54143629e+01 7.54220589e+01 7.54293549e+01 7.54793549e+01 7.54830306e+01 7.54853346e+01 7.54930306e+01 7.54933610e+01 7.54953346e+01 7.55030306e+01 7.55053346e+01 7.55130306e+01 7.55186626e+01 7.55196684e+01 7.55396684e+01 7.55399564e+01 7.55496684e+01 7.55499564e+01 7.55596684e+01 7.55599564e+01 7.55696684e+01 7.55699564e+01 7.55796684e+01 7.55799564e+01 7.55896684e+01 7.55911724e+01 7.56411724e+01 7.56463119e+01 7.56465999e+01 7.56563119e+01 7.56565999e+01 7.56663119e+01 7.56683919e+01 7.57183919e+01 7.57197456e+01 7.57274416e+01 7.57297456e+01 7.57374416e+01 7.57397456e+01 7.57474416e+01 7.57572336e+01 7.58072336e+01 7.58103176e+01 7.58126216e+01 7.58203176e+01 7.58226216e+01 7.58303176e+01 7.58326216e+01 7.58403176e+01 7.58451176e+01 7.58951176e+01 7.58988822e+01 7.58991702e+01 7.59088822e+01 7.59091702e+01 7.59188822e+01 7.59209622e+01 7.59709622e+01 7.59717892e+01 7.59740932e+01 7.59743177e+01 7.59817892e+01 7.59840932e+01 7.59843177e+01 7.59917892e+01 7.60012612e+01 7.60512612e+01 7.60578604e+01 7.60601644e+01 7.60678604e+01 7.60701644e+01 7.60778604e+01 7.60840684e+01 7.61340684e+01 7.61433478e+01 7.61436358e+01 7.61533478e+01 7.61554278e+01 7.62054278e+01 7.62078988e+01 7.62081868e+01 7.62178988e+01 7.62181868e+01 7.62278988e+01 7.62294028e+01 7.62794028e+01 7.62822229e+01 7.62845269e+01 7.62922229e+01 7.62945269e+01 7.63022229e+01 7.63045269e+01 7.63122229e+01 7.63188149e+01 7.63688149e+01 7.63760624e+01 7.63763504e+01 7.63860624e+01 7.63863504e+01 7.63960624e+01 7.63981424e+01 7.64481424e+01 7.64482523e+01 7.64485403e+01 7.64582523e+01 7.64585403e+01 7.64682523e+01 7.64703323e+01 7.65655492e+01 7.65759804e+01 7.65762684e+01 7.65783281e+01 7.65859804e+01 7.65862684e+01 7.65883281e+01 7.65959804e+01 7.65962684e+01 7.65983281e+01 7.66059804e+01 7.66062684e+01 7.66083281e+01 7.66159804e+01 7.66159974e+01 7.66162684e+01 7.66183281e+01 7.66259804e+01 7.66274844e+01 7.66315045e+01 7.66515045e+01 7.66517925e+01 7.66615045e+01 7.66617925e+01 7.66715045e+01 7.66717925e+01 7.66815045e+01 7.66817925e+01 7.66915045e+01 7.66917925e+01 7.67015045e+01 7.67030085e+01 7.67530085e+01 7.67606956e+01 7.67609836e+01 7.67706956e+01 7.67709836e+01 7.67806956e+01 7.67827756e+01 7.68327756e+01 7.68401021e+01 7.68403901e+01 7.68501021e+01 7.68503901e+01 7.68601021e+01 7.68621821e+01 7.69121821e+01 7.69130383e+01 7.69133263e+01 7.69230383e+01 7.69233263e+01 7.69330383e+01 7.69333263e+01 7.69430383e+01 7.69451183e+01 7.69951183e+01 7.70032437e+01 7.70035317e+01 7.70132437e+01 7.70135317e+01 7.70232437e+01 7.70253237e+01 7.70753237e+01 7.70788521e+01 7.70791401e+01 7.70888521e+01 7.70891401e+01 7.70988521e+01 7.71009321e+01 7.71509321e+01 7.71554862e+01 7.71557742e+01 7.71654862e+01 7.71657742e+01 7.71754862e+01 7.71775662e+01 7.72275662e+01 7.72365127e+01 7.72368007e+01 7.72465127e+01 7.72468007e+01 7.72565127e+01 7.72585927e+01 7.73085927e+01 7.73123668e+01 7.73146708e+01 7.73223668e+01 7.73246708e+01 7.73323668e+01 7.73394068e+01 7.73894068e+01 7.73952932e+01 7.73955812e+01 7.74052932e+01 7.74055812e+01 7.74152932e+01 7.74167972e+01 7.74667972e+01 7.74678454e+01 7.74681334e+01 7.74778454e+01 7.74781334e+01 7.74878454e+01 7.74893494e+01 7.75086003e+01 7.75200381e+01 7.75203261e+01 7.75300381e+01 7.75303261e+01 7.75400381e+01 7.75403261e+01 7.75500381e+01 7.75503261e+01 7.75600381e+01 7.75603261e+01 7.75700381e+01 7.75715421e+01 7.75851438e+01 7.75918556e+01 7.75921436e+01 7.76018556e+01 7.76021436e+01 7.76118556e+01 7.76121436e+01 7.76218556e+01 7.76221436e+01 7.76318556e+01 7.76321436e+01 7.76418556e+01 7.76439356e+01 7.76584223e+01 7.76690855e+01 7.76713895e+01 7.76784223e+01 7.76787103e+01 7.76884223e+01 7.76887103e+01 7.76984223e+01 7.76987103e+01 7.77084223e+01 7.77087103e+01 7.77184223e+01 7.77187103e+01 7.77284223e+01 7.77299263e+01 7.77799263e+01 7.77812016e+01 7.77814896e+01 7.77912016e+01 7.77914896e+01 7.78012016e+01 7.78032816e+01 7.78532816e+01 7.78549616e+01 7.78572656e+01 7.78649616e+01 7.78672656e+01 7.78749616e+01 7.78831536e+01 7.79331536e+01 7.79396863e+01 7.79419903e+01 7.79496863e+01 7.79519903e+01 7.79596863e+01 7.79661503e+01 7.80161503e+01 7.80180176e+01 7.80203216e+01 7.80280176e+01 7.80303216e+01 7.80380176e+01 7.80403216e+01 7.80480176e+01 7.80507337e+01 7.80553136e+01 7.81053136e+01 7.81053841e+01 7.81076881e+01 7.81153841e+01 7.81176881e+01 7.81253841e+01 7.81276881e+01 7.81353841e+01 7.81431921e+01 7.81931921e+01 7.81939504e+01 7.81942384e+01 7.82039504e+01 7.82042384e+01 7.82139504e+01 7.82154544e+01 7.82654544e+01 7.82703714e+01 7.82706594e+01 7.82803714e+01 7.82806594e+01 7.82903714e+01 7.82918754e+01 7.83418754e+01 7.83419778e+01 7.83442818e+01 7.83519778e+01 7.83542818e+01 7.83619778e+01 7.83642818e+01 7.83719778e+01 7.83780578e+01 7.84280578e+01 7.84329366e+01 7.84352406e+01 7.84429366e+01 7.84452406e+01 7.84529366e+01 7.84611926e+01 7.85029072e+01 7.85034484e+01 7.85057524e+01 7.85134484e+01 7.85157524e+01 7.85234484e+01 7.85257524e+01 7.85334484e+01 7.85413204e+01 7.85513522e+01 7.85637427e+01 7.85660467e+01 7.85737427e+01 7.85760467e+01 7.85837427e+01 7.85860467e+01 7.85937427e+01 7.85960467e+01 7.86037427e+01 7.86060467e+01 7.86137427e+01 7.86189907e+01 7.86244909e+01 7.86444909e+01 7.86447789e+01 7.86544909e+01 7.86547789e+01 7.86644909e+01 7.86647789e+01 7.86744909e+01 7.86747789e+01 7.86844909e+01 7.86847789e+01 7.86944909e+01 7.86959949e+01 7.87459949e+01 7.87506859e+01 7.87509739e+01 7.87606859e+01 7.87609739e+01 7.87706859e+01 7.87727659e+01 7.88227659e+01 7.88265711e+01 7.88268591e+01 7.88365711e+01 7.88368591e+01 7.88465711e+01 7.88486511e+01 7.88986511e+01 7.89007122e+01 7.89030162e+01 7.89107122e+01 7.89129210e+01 7.89130162e+01 7.89207122e+01 7.89272402e+01 7.89772402e+01 7.89792052e+01 7.89815092e+01 7.89892052e+01 7.89915092e+01 7.89992052e+01 7.90067572e+01 7.90567572e+01 7.90633322e+01 7.90636202e+01 7.90733322e+01 7.90736202e+01 7.90833322e+01 7.90848362e+01 7.91348362e+01 7.91372920e+01 7.91395960e+01 7.91472920e+01 7.91495960e+01 7.91572920e+01 7.91595960e+01 7.91672920e+01 7.91753560e+01 7.92078715e+01 7.92081595e+01 7.92095960e+01 7.92595960e+01 7.92599515e+01 7.92795960e+01 7.93295960e+01 7.93344813e+01 7.93365613e+01 7.93865613e+01 7.93961833e+01 7.93964713e+01 7.94061833e+01 7.94064713e+01 7.94161833e+01 7.94182633e+01 7.94682633e+01 7.94732938e+01 7.94735818e+01 7.94832938e+01 7.94835818e+01 7.94932938e+01 7.94953738e+01 7.95018592e+01 7.95218592e+01 7.95221472e+01 7.95318592e+01 7.95321472e+01 7.95418592e+01 7.95421472e+01 7.95518592e+01 7.95521472e+01 7.95618592e+01 7.95621472e+01 7.95718592e+01 7.95733632e+01 7.96233632e+01 7.96254184e+01 7.96277224e+01 7.96354184e+01 7.96377224e+01 7.96454184e+01 7.96513704e+01 7.97013704e+01 7.97031702e+01 7.97108662e+01 7.97131702e+01 7.97208662e+01 7.97231702e+01 7.97308662e+01 7.97331702e+01 7.97408662e+01 7.97502742e+01 7.98002742e+01 7.98202742e+01 7.98702742e+01 7.98770297e+01 7.98773177e+01 7.98870297e+01 7.98873177e+01 7.98970297e+01 7.98991097e+01 7.99491097e+01 7.99571127e+01 7.99574007e+01 7.99671127e+01 7.99674007e+01 7.99771127e+01 7.99786167e+01 8.00286167e+01 8.00332609e+01 8.00355649e+01 8.00432609e+01 8.00455649e+01 8.00532609e+01 8.00588929e+01 8.01088929e+01 8.01105520e+01 8.01108400e+01 8.01205520e+01 8.01208400e+01 8.01305520e+01 8.01326320e+01 8.01826320e+01 8.01849425e+01 8.01852305e+01 8.01949425e+01 8.01952305e+01 8.02049425e+01 8.02064465e+01 8.02564465e+01 8.02609352e+01 8.02614917e+01 8.02632392e+01 8.02709352e+01 8.02732392e+01 8.02764465e+01 8.03264465e+01 8.03281668e+01 8.03304708e+01 8.03381668e+01 8.03404708e+01 8.03481668e+01 8.03504708e+01 8.03581668e+01 8.03604708e+01 8.03681668e+01 8.03752708e+01 8.04252708e+01 8.04281529e+01 8.04304569e+01 8.04381529e+01 8.04404569e+01 8.04481529e+01 8.04504569e+01 8.04581529e+01 8.04651929e+01 8.05798590e+01 8.05814161e+01 8.05891121e+01 8.05914161e+01 8.05991121e+01 8.06014161e+01 8.06091121e+01 8.06114161e+01 8.06191121e+01 8.06214161e+01 8.06291121e+01 8.06342961e+01 8.06394970e+01 8.06594970e+01 8.06597850e+01 8.06694970e+01 8.06697850e+01 8.06794970e+01 8.06797850e+01 8.06894970e+01 8.06897850e+01 8.06994970e+01 8.06997850e+01 8.07094970e+01 8.07110010e+01 8.07610010e+01 8.07683685e+01 8.07706725e+01 8.07783685e+01 8.07806725e+01 8.07883685e+01 8.07936165e+01 8.08436165e+01 8.08486234e+01 8.08509274e+01 8.08586234e+01 8.08609274e+01 8.08686234e+01 8.08709274e+01 8.08786234e+01 8.08845114e+01 8.09345114e+01 8.09381489e+01 8.09404529e+01 8.09481489e+01 8.09504529e+01 8.09581489e+01 8.09631409e+01 8.10131409e+01 8.10165255e+01 8.10168135e+01 8.10265255e+01 8.10268135e+01 8.10365255e+01 8.10380295e+01 8.10880295e+01 8.10928945e+01 8.10951985e+01 8.11028945e+01 8.11051985e+01 8.11128945e+01 8.11159185e+01 8.11215985e+01 8.11715985e+01 8.11756942e+01 8.11779982e+01 8.11788053e+01 8.11790933e+01 8.11856942e+01 8.11879982e+01 8.11888053e+01 8.11890933e+01 8.11956942e+01 8.12036302e+01 8.12239414e+01 8.12262454e+01 8.12339414e+01 8.12362454e+01 8.12439414e+01 8.12462454e+01 8.12490933e+01 8.12990933e+01 8.13031235e+01 8.13054275e+01 8.13131235e+01 8.13154275e+01 8.13231235e+01 8.13254275e+01 8.13331235e+01 8.13354275e+01 8.13431235e+01 8.13454275e+01 8.13531235e+01 8.13622115e+01 8.14122115e+01 8.14152130e+01 8.14155010e+01 8.14252130e+01 8.14255010e+01 8.14352130e+01 8.14372930e+01 8.15745454e+01 8.15769260e+01 8.15792300e+01 8.15869260e+01 8.15892300e+01 8.15969260e+01 8.15992300e+01 8.16069260e+01 8.16158860e+01 8.16324032e+01 8.16451412e+01 8.16474452e+01 8.16551412e+01 8.16574452e+01 8.16651412e+01 8.16674452e+01 8.16751412e+01 8.16774452e+01 8.16851412e+01 8.16874452e+01 8.16951412e+01 8.17038452e+01 8.17228549e+01 8.17273559e+01 8.17276439e+01 8.17373559e+01 8.17376439e+01 8.17473559e+01 8.17476439e+01 8.17573559e+01 8.17576439e+01 8.17673559e+01 8.17676439e+01 8.17773559e+01 8.17794359e+01 8.17981962e+01 8.18149131e+01 8.18172171e+01 8.18249131e+01 8.18272171e+01 8.18349131e+01 8.18372171e+01 8.18449131e+01 8.18472171e+01 8.18549131e+01 8.18570682e+01 8.18572171e+01 8.18649131e+01 8.18722731e+01 8.18877143e+01 8.18981983e+01 8.18984863e+01 8.19081983e+01 8.19084863e+01 8.19181983e+01 8.19184863e+01 8.19281983e+01 8.19284863e+01 8.19381983e+01 8.19384863e+01 8.19481983e+01 8.19497023e+01 8.19673708e+01 8.19716366e+01 8.19719246e+01 8.19816366e+01 8.19819246e+01 8.19916366e+01 8.19919246e+01 8.20016366e+01 8.20019246e+01 8.20116366e+01 8.20119246e+01 8.20216366e+01 8.20231406e+01 8.20427547e+01 8.20437326e+01 8.20440206e+01 8.20537326e+01 8.20540206e+01 8.20637326e+01 8.20640206e+01 8.20737326e+01 8.20740206e+01 8.20837326e+01 8.20840206e+01 8.20937326e+01 8.20958126e+01 8.21143928e+01 8.21294765e+01 8.21297645e+01 8.21394765e+01 8.21397645e+01 8.21494765e+01 8.21497645e+01 8.21594765e+01 8.21597645e+01 8.21694765e+01 8.21697645e+01 8.21794765e+01 8.21815565e+01 8.21945201e+01 8.22045553e+01 8.22048433e+01 8.22145553e+01 8.22148433e+01 8.22245553e+01 8.22248433e+01 8.22345553e+01 8.22348433e+01 8.22445553e+01 8.22448433e+01 8.22545553e+01 8.22566353e+01 8.22638064e+01 8.22838064e+01 8.22840944e+01 8.22938064e+01 8.22940944e+01 8.23038064e+01 8.23040944e+01 8.23138064e+01 8.23140944e+01 8.23238064e+01 8.23240944e+01 8.23338064e+01 8.23353104e+01 8.23853104e+01 8.23871359e+01 8.23894399e+01 8.23971359e+01 8.23994399e+01 8.24071359e+01 8.24153279e+01 8.24653279e+01 8.24729585e+01 8.24732465e+01 8.24829585e+01 8.24832465e+01 8.24929585e+01 8.24944625e+01 8.25089301e+01 8.25207245e+01 8.25230285e+01 8.25307245e+01 8.25330285e+01 8.25407245e+01 8.25430285e+01 8.25507245e+01 8.25530285e+01 8.25607245e+01 8.25630285e+01 8.25707245e+01 8.25799405e+01 8.25914724e+01 8.26108594e+01 8.26114724e+01 8.26117604e+01 8.26214724e+01 8.26217604e+01 8.26314724e+01 8.26317604e+01 8.26414724e+01 8.26417604e+01 8.26514724e+01 8.26517604e+01 8.26614724e+01 8.26629764e+01 8.27129764e+01 8.27175702e+01 8.27198742e+01 8.27200440e+01 8.27275702e+01 8.27298742e+01 8.27300440e+01 8.27329764e+01 8.27829764e+01 8.28029764e+01 8.28529764e+01 8.28570715e+01 8.28591515e+01 8.29091515e+01 8.29122432e+01 8.29125312e+01 8.29222432e+01 8.29225312e+01 8.29322432e+01 8.29337472e+01 8.29837472e+01 8.29840878e+01 8.29863918e+01 8.29940878e+01 8.29963918e+01 8.30040878e+01 8.30094638e+01 8.30594638e+01 8.30609726e+01 8.30612606e+01 8.30709726e+01 8.30712606e+01 8.30809726e+01 8.30812606e+01 8.30909726e+01 8.30924766e+01 8.31424766e+01 8.31434869e+01 8.31435716e+01 8.31437749e+01 8.31534869e+01 8.31537749e+01 8.31634869e+01 8.31637749e+01 8.31734869e+01 8.31755669e+01 8.32255669e+01 8.32260592e+01 8.32263472e+01 8.32264141e+01 8.32360592e+01 8.32363472e+01 8.32364141e+01 8.32460592e+01 8.32481392e+01 8.32981392e+01 8.33015969e+01 8.33039009e+01 8.33115969e+01 8.33139009e+01 8.33215969e+01 8.33271009e+01 8.33771009e+01 8.33774417e+01 8.33797457e+01 8.33874417e+01 8.33897457e+01 8.33974417e+01 8.34055057e+01 8.34555057e+01 8.34555210e+01 8.34578250e+01 8.34655210e+01 8.34678250e+01 8.34755210e+01 8.34778250e+01 8.34855210e+01 8.34905770e+01 8.34990480e+01 8.35170324e+01 8.35173204e+01 8.35270324e+01 8.35273204e+01 8.35370324e+01 8.35373204e+01 8.35470324e+01 8.35473204e+01 8.35570324e+01 8.35573204e+01 8.35670324e+01 8.35691124e+01 8.35801814e+01 8.35912679e+01 8.35915559e+01 8.36012679e+01 8.36015559e+01 8.36112679e+01 8.36115559e+01 8.36212679e+01 8.36215559e+01 8.36312679e+01 8.36315559e+01 8.36412679e+01 8.36433479e+01 8.36622561e+01 8.36781881e+01 8.36784761e+01 8.36881881e+01 8.36884761e+01 8.36981881e+01 8.36984761e+01 8.37081881e+01 8.37084761e+01 8.37181881e+01 8.37184761e+01 8.37281881e+01 8.37302681e+01 8.37378688e+01 8.37573750e+01 8.37578688e+01 8.37581568e+01 8.37678688e+01 8.37681568e+01 8.37778688e+01 8.37781568e+01 8.37878688e+01 8.37881568e+01 8.37978688e+01 8.37981568e+01 8.38078688e+01 8.38093728e+01 8.38593728e+01 8.38620265e+01 8.38643305e+01 8.38720265e+01 8.38743305e+01 8.38820265e+01 8.38843305e+01 8.38920265e+01 8.38998345e+01 8.39498345e+01 8.39522572e+01 8.39545612e+01 8.39622572e+01 8.39645612e+01 8.39722572e+01 8.39821132e+01 8.40321132e+01 8.40324642e+01 8.40327522e+01 8.40424642e+01 8.40427522e+01 8.40524642e+01 8.40539682e+01 8.41039682e+01 8.41077997e+01 8.41101037e+01 8.41177997e+01 8.41201037e+01 8.41277997e+01 8.41312855e+01 8.41361837e+01 8.41861837e+01 8.41915051e+01 8.41938091e+01 8.42015051e+01 8.42038091e+01 8.42115051e+01 8.42164971e+01 8.42664971e+01 8.42712234e+01 8.42715114e+01 8.42812234e+01 8.42815114e+01 8.42912234e+01 8.42915114e+01 8.43012234e+01 8.43027274e+01 8.43527274e+01 8.43558130e+01 8.43561010e+01 8.43658130e+01 8.43661010e+01 8.43758130e+01 8.43773170e+01 8.44273170e+01 8.44324762e+01 8.44347802e+01 8.44424762e+01 8.44447802e+01 8.44524762e+01 8.44585562e+01 8.44980552e+01 8.45180552e+01 8.45183432e+01 8.45280552e+01 8.45283432e+01 8.45380552e+01 8.45383432e+01 8.45480552e+01 8.45483432e+01 8.45580552e+01 8.45583432e+01 8.45680552e+01 8.45695592e+01 8.46195592e+01 8.46242599e+01 8.46265639e+01 8.46342599e+01 8.46365639e+01 8.46442599e+01 8.46500839e+01 8.47000839e+01 8.47057550e+01 8.47080590e+01 8.47157550e+01 8.47180590e+01 8.47257550e+01 8.47322830e+01 8.47822830e+01 8.47839881e+01 8.47916841e+01 8.47939881e+01 8.48016841e+01 8.48039881e+01 8.48116841e+01 8.48167401e+01 8.48667401e+01 8.48670534e+01 8.48673414e+01 8.48770534e+01 8.48773414e+01 8.48870534e+01 8.48873414e+01 8.48970534e+01 8.48991334e+01 8.49491334e+01 8.49537651e+01 8.49560691e+01 8.49637651e+01 8.49660691e+01 8.49737651e+01 8.49795251e+01 8.50295251e+01 8.50334975e+01 8.50358015e+01 8.50434975e+01 8.50458015e+01 8.50534975e+01 8.50631615e+01 8.51131615e+01 8.51142515e+01 8.51145395e+01 8.51242515e+01 8.51245395e+01 8.51342515e+01 8.51357555e+01 8.51857555e+01 8.51938252e+01 8.51939789e+01 8.51941132e+01 8.52038252e+01 8.52041132e+01 8.52138252e+01 8.52153292e+01 8.52653292e+01 8.52717494e+01 8.52740534e+01 8.52817494e+01 8.52840534e+01 8.52917494e+01 8.53001334e+01 8.53501334e+01 8.53593267e+01 8.53596147e+01 8.53693267e+01 8.53696147e+01 8.53793267e+01 8.53796147e+01 8.53893267e+01 8.53908307e+01 8.54408307e+01 8.54501325e+01 8.54504205e+01 8.54601325e+01 8.54604205e+01 8.54701325e+01 8.54722125e+01 8.55376083e+01 8.55449038e+01 8.55472078e+01 8.55549038e+01 8.55637358e+01 8.55734548e+01 8.55934548e+01 8.55937428e+01 8.56034548e+01 8.56037428e+01 8.56134548e+01 8.56137428e+01 8.56234548e+01 8.56237428e+01 8.56334548e+01 8.56337428e+01 8.56434548e+01 8.56449588e+01 8.56949588e+01 8.56985202e+01 8.56988082e+01 8.57085202e+01 8.57088082e+01 8.57185202e+01 8.57206002e+01 8.57706002e+01 8.57727237e+01 8.57750277e+01 8.57827237e+01 8.57850277e+01 8.57927237e+01 8.57950277e+01 8.58027237e+01 8.58101477e+01 8.58601477e+01 8.58607904e+01 8.58610784e+01 8.58707904e+01 8.58710784e+01 8.58807904e+01 8.58810784e+01 8.58907904e+01 8.58910784e+01 8.59007904e+01 8.59010784e+01 8.59107904e+01 8.59128704e+01 8.59628704e+01 8.59691295e+01 8.59694175e+01 8.59791295e+01 8.59794175e+01 8.59891295e+01 8.59906335e+01 8.60406335e+01 8.60477586e+01 8.60480466e+01 8.60577586e+01 8.60580466e+01 8.60677586e+01 8.60692626e+01 8.61192626e+01 8.61197891e+01 8.61200771e+01 8.61297891e+01 8.61300771e+01 8.61397891e+01 8.61400771e+01 8.61497891e+01 8.61518691e+01 8.62018691e+01 8.62021624e+01 8.62024504e+01 8.62121624e+01 8.62124504e+01 8.62221624e+01 8.62242424e+01 8.62742424e+01 8.62743322e+01 8.62746202e+01 8.62824504e+01 8.62843322e+01 8.62846202e+01 8.62943322e+01 8.62958362e+01 8.63458362e+01 8.63511204e+01 8.63534244e+01 8.63611204e+01 8.63634244e+01 8.63711204e+01 8.63763044e+01 8.64263044e+01 8.64277460e+01 8.64300500e+01 8.64377460e+01 8.64400500e+01 8.64477460e+01 8.64544660e+01 8.65193674e+01 8.65239513e+01 8.65262553e+01 8.65339513e+01 8.65377680e+01 8.65435513e+01 8.65481353e+01 8.65681353e+01 8.65684233e+01 8.65781353e+01 8.65784233e+01 8.65881353e+01 8.65884233e+01 8.65981353e+01 8.65984233e+01 8.66081353e+01 8.66084233e+01 8.66181353e+01 8.66196393e+01 8.66696393e+01 8.66739827e+01 8.66762867e+01 8.66839827e+01 8.66862867e+01 8.66939827e+01 8.67008307e+01 8.67508307e+01 8.67548037e+01 8.67550917e+01 8.67648037e+01 8.67650917e+01 8.67748037e+01 8.67750917e+01 8.67848037e+01 8.67868837e+01 8.68368837e+01 8.68463390e+01 8.68466270e+01 8.68563390e+01 8.68566270e+01 8.68663390e+01 8.68684190e+01 8.69184190e+01 8.69200231e+01 8.69203111e+01 8.69300231e+01 8.69303111e+01 8.69400231e+01 8.69421031e+01 8.69921031e+01 8.69994210e+01 8.69997090e+01 8.70094210e+01 8.70097090e+01 8.70194210e+01 8.70209250e+01 8.70709250e+01 8.70752765e+01 8.70755645e+01 8.70852765e+01 8.70855645e+01 8.70952765e+01 8.70973565e+01 8.71473565e+01 8.71508346e+01 8.71511226e+01 8.71608346e+01 8.71611226e+01 8.71708346e+01 8.71723386e+01 8.72223386e+01 8.72291230e+01 8.72294110e+01 8.72391230e+01 8.72394110e+01 8.72491230e+01 8.72512030e+01 8.73012030e+01 8.73076613e+01 8.73079493e+01 8.73176613e+01 8.73179493e+01 8.73276613e+01 8.73291653e+01 8.73791653e+01 8.73873836e+01 8.73876716e+01 8.73973836e+01 8.73976716e+01 8.74073836e+01 8.74094636e+01 8.74594636e+01 8.74631930e+01 8.74634810e+01 8.74731930e+01 8.74734810e+01 8.74831930e+01 8.74834810e+01 8.74931930e+01 8.74952730e+01 8.75011306e+01 8.75165099e+01 8.75167979e+01 8.75265099e+01 8.75267979e+01 8.75365099e+01 8.75367979e+01 8.75465099e+01 8.75467979e+01 8.75565099e+01 8.75567979e+01 8.75665099e+01 8.75685899e+01 8.75842666e+01 8.75907065e+01 8.75909945e+01 8.76007065e+01 8.76009945e+01 8.76107065e+01 8.76109945e+01 8.76207065e+01 8.76209945e+01 8.76307065e+01 8.76309945e+01 8.76407065e+01 8.76427865e+01 8.76457055e+01 8.76657055e+01 8.76659935e+01 8.76757055e+01 8.76759935e+01 8.76857055e+01 8.76859935e+01 8.76957055e+01 8.76959935e+01 8.77057055e+01 8.77059935e+01 8.77157055e+01 8.77172095e+01 8.77672095e+01 8.77693544e+01 8.77716584e+01 8.77793544e+01 8.77816584e+01 8.77893544e+01 8.77916584e+01 8.77993544e+01 8.78042824e+01 8.78542824e+01 8.78561280e+01 8.78584320e+01 8.78661280e+01 8.78684320e+01 8.78761280e+01 8.78820800e+01 8.79320800e+01 8.79391729e+01 8.79414769e+01 8.79491729e+01 8.79514769e+01 8.79591729e+01 8.79614769e+01 8.79691729e+01 8.79715630e+01 8.79773009e+01 8.80273009e+01 8.80330891e+01 8.80353931e+01 8.80430891e+01 8.80453931e+01 8.80530891e+01 8.80620491e+01 8.81120491e+01 8.81208979e+01 8.81211859e+01 8.81308979e+01 8.81311859e+01 8.81408979e+01 8.81424019e+01 8.81924019e+01 8.81942556e+01 8.81945436e+01 8.82042556e+01 8.82045436e+01 8.82142556e+01 8.82163356e+01 8.82663356e+01 8.82754337e+01 8.82757217e+01 8.82854337e+01 8.82857217e+01 8.82954337e+01 8.82975137e+01 8.83475137e+01 8.83478953e+01 8.83501993e+01 8.83578953e+01 8.83601993e+01 8.83678953e+01 8.83774313e+01 8.84274313e+01 8.84288662e+01 8.84291542e+01 8.84388662e+01 8.84391542e+01 8.84488662e+01 8.84509462e+01 8.85847112e+01 8.85938373e+01 8.85941253e+01 8.86038373e+01 8.86059173e+01 8.86182621e+01 8.86291400e+01 8.86294280e+01 8.86391400e+01 8.86394280e+01 8.86491400e+01 8.86494280e+01 8.86591400e+01 8.86594280e+01 8.86691400e+01 8.86694280e+01 8.86791400e+01 8.86812200e+01 8.86826549e+01 8.87026549e+01 8.87029429e+01 8.87126549e+01 8.87129429e+01 8.87226549e+01 8.87229429e+01 8.87326549e+01 8.87329429e+01 8.87426549e+01 8.87429429e+01 8.87526549e+01 8.87541589e+01 8.88041589e+01 8.88064357e+01 8.88141317e+01 8.88164357e+01 8.88241317e+01 8.88264357e+01 8.88341317e+01 8.88419397e+01 8.88919397e+01 8.88977574e+01 8.88980454e+01 8.89077574e+01 8.89080454e+01 8.89177574e+01 8.89198374e+01 8.89698374e+01 8.89784243e+01 8.89787123e+01 8.89884243e+01 8.89887123e+01 8.89984243e+01 8.90005043e+01 8.90505043e+01 8.90524876e+01 8.90527756e+01 8.90624876e+01 8.90627756e+01 8.90724876e+01 8.90739916e+01 8.91239916e+01 8.91253116e+01 8.91276156e+01 8.91277934e+01 8.91353116e+01 8.91376156e+01 8.91377934e+01 8.91453116e+01 8.91476156e+01 8.91477934e+01 8.91553116e+01 8.91639516e+01 8.92139516e+01 8.92203817e+01 8.92226857e+01 8.92303817e+01 8.92326857e+01 8.92403817e+01 8.92416974e+01 8.92426857e+01 8.92503817e+01 8.92526857e+01 8.92603817e+01 8.92674857e+01 8.93174857e+01 8.93243635e+01 8.93246515e+01 8.93343635e+01 8.93346515e+01 8.93443635e+01 8.93464435e+01 8.93964435e+01 8.93966590e+01 8.93969470e+01 8.94066590e+01 8.94069470e+01 8.94166590e+01 8.94187390e+01 8.94687390e+01 8.94693373e+01 8.94696253e+01 8.94793373e+01 8.94796253e+01 8.94893373e+01 8.94914173e+01 8.94955856e+01 8.95155856e+01 8.95158736e+01 8.95255856e+01 8.95258736e+01 8.95355856e+01 8.95358736e+01 8.95455856e+01 8.95458736e+01 8.95555856e+01 8.95558736e+01 8.95655856e+01 8.95670896e+01 8.96170896e+01 8.96221667e+01 8.96224547e+01 8.96321667e+01 8.96324547e+01 8.96421667e+01 8.96442467e+01 8.96942467e+01 8.97018863e+01 8.97021743e+01 8.97118863e+01 8.97121743e+01 8.97218863e+01 8.97233903e+01 8.97733903e+01 8.97797478e+01 8.97820518e+01 8.97897478e+01 8.97920518e+01 8.97933903e+01 8.98433903e+01 8.98493889e+01 8.98496769e+01 8.98593889e+01 8.98596769e+01 8.98693889e+01 8.98696769e+01 8.98793889e+01 8.98814689e+01 8.99314689e+01 8.99348030e+01 8.99371070e+01 8.99448030e+01 8.99471070e+01 8.99548030e+01 8.99620990e+01 9.00120990e+01 9.00154218e+01 9.00157098e+01 9.00254218e+01 9.00257098e+01 9.00354218e+01 9.00369258e+01 9.00869258e+01 9.00879790e+01 9.00902830e+01 9.00979790e+01 9.01002830e+01 9.01079790e+01 9.01143790e+01 9.01643790e+01 9.01656789e+01 9.01733749e+01 9.01756789e+01 9.01833749e+01 9.01856789e+01 9.01933749e+01 9.01956789e+01 9.02033749e+01 9.02120149e+01 9.02620149e+01 9.02707091e+01 9.02709971e+01 9.02807091e+01 9.02809971e+01 9.02907091e+01 9.02909971e+01 9.03007091e+01 9.03022131e+01 9.03522131e+01 9.03543962e+01 9.03567002e+01 9.03643962e+01 9.03667002e+01 9.03722131e+01 9.04222131e+01 9.04283861e+01 9.04286741e+01 9.04383861e+01 9.04386741e+01 9.04483861e+01 9.04486741e+01 9.04583861e+01 9.04586741e+01 9.04683861e+01 9.04704661e+01 9.05054638e+01 9.05131799e+01 9.05134679e+01 9.05231799e+01 9.05234679e+01 9.05331799e+01 9.05334679e+01 9.05431799e+01 9.05452599e+01 9.05601752e+01 9.05655641e+01 9.05678681e+01 9.05755641e+01 9.05778681e+01 9.05855641e+01 9.05872733e+01 9.05878681e+01 9.05955641e+01 9.05978681e+01 9.06055641e+01 9.06078681e+01 9.06155641e+01 9.06234361e+01 9.06402853e+01 9.06521237e+01 9.06544277e+01 9.06621237e+01 9.06644277e+01 9.06721237e+01 9.06744277e+01 9.06821237e+01 9.06844277e+01 9.06921237e+01 9.06944277e+01 9.07021237e+01 9.07111477e+01 9.07262086e+01 9.07350384e+01 9.07353264e+01 9.07373454e+01 9.07450384e+01 9.07453264e+01 9.07473454e+01 9.07550384e+01 9.07553264e+01 9.07573454e+01 9.07650384e+01 9.07653264e+01 9.07673454e+01 9.07750384e+01 9.07753264e+01 9.07773454e+01 9.07850384e+01 9.07871184e+01 9.07938701e+01 9.07947694e+01 9.08138701e+01 9.08141581e+01 9.08238701e+01 9.08241581e+01 9.08338701e+01 9.08341581e+01 9.08438701e+01 9.08441581e+01 9.08538701e+01 9.08541581e+01 9.08638701e+01 9.08653741e+01 9.09153741e+01 9.09168971e+01 9.09171851e+01 9.09268971e+01 9.09271851e+01 9.09368971e+01 9.09384011e+01 9.09884011e+01 9.09950458e+01 9.09953338e+01 9.10050458e+01 9.10053338e+01 9.10150458e+01 9.10171258e+01 9.10671258e+01 9.10688899e+01 9.10691779e+01 9.10788899e+01 9.10791779e+01 9.10888899e+01 9.10891779e+01 9.10988899e+01 9.11003939e+01 9.11503939e+01 9.11506712e+01 9.11603832e+01 9.11606712e+01 9.11703832e+01 9.11706712e+01 9.11803832e+01 9.11824632e+01 9.12324632e+01 9.12351891e+01 9.12354771e+01 9.12451891e+01 9.12454771e+01 9.12551891e+01 9.12566931e+01 9.13066931e+01 9.13104189e+01 9.13107069e+01 9.13204189e+01 9.13207069e+01 9.13304189e+01 9.13307069e+01 9.13404189e+01 9.13424989e+01 9.13924989e+01 9.13945404e+01 9.13948284e+01 9.14045404e+01 9.14048284e+01 9.14145404e+01 9.14148284e+01 9.14245404e+01 9.14266204e+01 9.14766204e+01 9.14784289e+01 9.14787169e+01 9.14884289e+01 9.14887169e+01 9.14984289e+01 9.14987169e+01 9.15084289e+01 9.15105089e+01 9.15292908e+01 9.15407147e+01 9.15430187e+01 9.15507147e+01 9.15530187e+01 9.15607147e+01 9.15630187e+01 9.15707147e+01 9.15730187e+01 9.15807147e+01 9.15830187e+01 9.15907147e+01 9.15988427e+01 9.16016172e+01 9.16214258e+01 9.16216172e+01 9.16219052e+01 9.16316172e+01 9.16319052e+01 9.16416172e+01 9.16419052e+01 9.16516172e+01 9.16519052e+01 9.16616172e+01 9.16619052e+01 9.16716172e+01 9.16731212e+01 9.17231212e+01 9.17247096e+01 9.17270136e+01 9.17347096e+01 9.17361344e+01 9.17370136e+01 9.17447096e+01 9.17470136e+01 9.17547096e+01 9.17615576e+01 9.18115576e+01 9.18177077e+01 9.18200117e+01 9.18277077e+01 9.18300117e+01 9.18377077e+01 9.18400117e+01 9.18477077e+01 9.18500117e+01 9.18577077e+01 9.18662197e+01 9.19162197e+01 9.19256536e+01 9.19259416e+01 9.19356536e+01 9.19359416e+01 9.19456536e+01 9.19471576e+01 9.19971576e+01 9.19990464e+01 9.19993344e+01 9.20090464e+01 9.20093344e+01 9.20190464e+01 9.20211264e+01 9.20711264e+01 9.20735497e+01 9.20758537e+01 9.20835497e+01 9.20858537e+01 9.20911264e+01 9.21411264e+01 9.21427457e+01 9.21430337e+01 9.21527457e+01 9.21530337e+01 9.21627457e+01 9.21630337e+01 9.21727457e+01 9.21742497e+01 9.22242497e+01 9.22265859e+01 9.22268739e+01 9.22365859e+01 9.22368739e+01 9.22465859e+01 9.22480899e+01 9.22980899e+01 9.23067418e+01 9.23070298e+01 9.23167418e+01 9.23170298e+01 9.23267418e+01 9.23288218e+01 9.23788218e+01 9.23820179e+01 9.23823059e+01 9.23920179e+01 9.23923059e+01 9.24020179e+01 9.24023059e+01 9.24120179e+01 9.24140979e+01 9.24640979e+01 9.24659876e+01 9.24662756e+01 9.24759876e+01 9.24762756e+01 9.24859876e+01 9.24880676e+01 9.25047880e+01 9.25102683e+01 9.25105563e+01 9.25202683e+01 9.25205563e+01 9.25302683e+01 9.25305563e+01 9.25402683e+01 9.25405563e+01 9.25502683e+01 9.25505563e+01 9.25602683e+01 9.25623483e+01 9.25649986e+01 9.25849986e+01 9.25852866e+01 9.25949986e+01 9.25952866e+01 9.26049986e+01 9.26052866e+01 9.26149986e+01 9.26152866e+01 9.26249986e+01 9.26252866e+01 9.26349986e+01 9.26365026e+01 9.26865026e+01 9.26897209e+01 9.26920249e+01 9.26997209e+01 9.27020249e+01 9.27097209e+01 9.27150969e+01 9.27650969e+01 9.27691827e+01 9.27714867e+01 9.27791827e+01 9.27814867e+01 9.27891827e+01 9.27978867e+01 9.28478867e+01 9.28536271e+01 9.28559311e+01 9.28636271e+01 9.28659311e+01 9.28736271e+01 9.28788751e+01 9.29288751e+01 9.29316856e+01 9.29319736e+01 9.29416856e+01 9.29419736e+01 9.29516856e+01 9.29519736e+01 9.29616856e+01 9.29631896e+01 9.30131896e+01 9.30141805e+01 9.30218765e+01 9.30236984e+01 9.30241805e+01 9.30318765e+01 9.30331896e+01 9.30831896e+01 9.30916797e+01 9.30919677e+01 9.31016797e+01 9.31019677e+01 9.31116797e+01 9.31119677e+01 9.31216797e+01 9.31219677e+01 9.31316797e+01 9.31337597e+01 9.31837597e+01 9.31855825e+01 9.31858705e+01 9.31879234e+01 9.31955825e+01 9.31958705e+01 9.31979234e+01 9.32055825e+01 9.32076625e+01 9.32576625e+01 9.32582817e+01 9.32585697e+01 9.32682817e+01 9.32685697e+01 9.32782817e+01 9.32803617e+01 9.33303617e+01 9.33324225e+01 9.33347265e+01 9.33424225e+01 9.33447265e+01 9.33524225e+01 9.33547265e+01 9.33624225e+01 9.33679265e+01 9.34179265e+01 9.34229987e+01 9.34232867e+01 9.34329987e+01 9.34332867e+01 9.34429987e+01 9.34445027e+01 9.35237420e+01 9.35437420e+01 9.35440300e+01 9.35537420e+01 9.35540300e+01 9.35637420e+01 9.35640300e+01 9.35737420e+01 9.35740300e+01 9.35837420e+01 9.35840300e+01 9.35937420e+01 9.35952460e+01 9.36452460e+01 9.36473008e+01 9.36496048e+01 9.36573008e+01 9.36596048e+01 9.36673008e+01 9.36754928e+01 9.37254928e+01 9.37265521e+01 9.37288561e+01 9.37365521e+01 9.37388561e+01 9.37465521e+01 9.37488561e+01 9.37565521e+01 9.37634641e+01 9.38134641e+01 9.38155522e+01 9.38232482e+01 9.38255522e+01 9.38332482e+01 9.38355522e+01 9.38432482e+01 9.38455522e+01 9.38532482e+01 9.38611202e+01 9.39111202e+01 9.39115558e+01 9.39138598e+01 9.39140584e+01 9.39215558e+01 9.39238598e+01 9.39240584e+01 9.39315558e+01 9.39338598e+01 9.39340584e+01 9.39415558e+01 9.39485318e+01 9.39985318e+01 9.39987004e+01 9.40084124e+01 9.40087004e+01 9.40184124e+01 9.40204924e+01 9.40704924e+01 9.40780313e+01 9.40783193e+01 9.40880313e+01 9.40883193e+01 9.40980313e+01 9.40995353e+01 9.41495353e+01 9.41535721e+01 9.41538601e+01 9.41635721e+01 9.41638601e+01 9.41735721e+01 9.41756521e+01 9.42256521e+01 9.42265610e+01 9.42268490e+01 9.42365610e+01 9.42368490e+01 9.42465610e+01 9.42480650e+01 9.42980650e+01 9.43001469e+01 9.43014954e+01 9.43024509e+01 9.43101469e+01 9.43124509e+01 9.43201469e+01 9.43281469e+01 9.43781469e+01 9.43808286e+01 9.43831326e+01 9.43908286e+01 9.43931326e+01 9.44008286e+01 9.44031326e+01 9.44108286e+01 9.44180606e+01 9.44680606e+01 9.44702624e+01 9.44705504e+01 9.44802624e+01 9.44805504e+01 9.44902624e+01 9.44923424e+01 9.45052434e+01 9.45252434e+01 9.45255314e+01 9.45352434e+01 9.45355314e+01 9.45452434e+01 9.45455314e+01 9.45552434e+01 9.45555314e+01 9.45652434e+01 9.45655314e+01 9.45752434e+01 9.45767474e+01 9.46267474e+01 9.46276714e+01 9.46279594e+01 9.46281175e+01 9.46358135e+01 9.46381175e+01 9.46458135e+01 9.46481175e+01 9.46558135e+01 9.46619575e+01 9.46884380e+01 9.46887260e+01 9.46979594e+01 9.47479594e+01 9.47660874e+01 9.47663754e+01 9.47760874e+01 9.47763754e+01 9.47860874e+01 9.47863754e+01 9.47960874e+01 9.47963754e+01 9.48060874e+01 9.48063754e+01 9.48160874e+01 9.48181674e+01 9.48681674e+01 9.48734975e+01 9.48758015e+01 9.48834975e+01 9.48858015e+01 9.48934975e+01 9.49005375e+01 9.49505375e+01 9.49564893e+01 9.49567773e+01 9.49664893e+01 9.49667773e+01 9.49764893e+01 9.49779933e+01 9.50279933e+01 9.50290507e+01 9.50293387e+01 9.50390507e+01 9.50393387e+01 9.50490507e+01 9.50493387e+01 9.50590507e+01 9.50611307e+01 9.51111307e+01 9.51151994e+01 9.51154874e+01 9.51251994e+01 9.51254874e+01 9.51351994e+01 9.51354874e+01 9.51451994e+01 9.51467034e+01 9.51967034e+01 9.52045573e+01 9.52048453e+01 9.52145573e+01 9.52148453e+01 9.52245573e+01 9.52260613e+01 9.52760613e+01 9.52768172e+01 9.52845132e+01 9.52868172e+01 9.52945132e+01 9.52968172e+01 9.53045132e+01 9.53068172e+01 9.53145132e+01 9.53197612e+01 9.53697612e+01 9.53761267e+01 9.53784307e+01 9.53861267e+01 9.53884307e+01 9.53961267e+01 9.53984307e+01 9.54061267e+01 9.54115027e+01 9.54615027e+01 9.54637539e+01 9.54714499e+01 9.54736406e+01 9.54737539e+01 9.54814499e+01 9.54837539e+01 9.54914499e+01 9.55006019e+01 9.55182473e+01 9.55324571e+01 9.55347611e+01 9.55424571e+01 9.55447611e+01 9.55524571e+01 9.55547611e+01 9.55624571e+01 9.55647611e+01 9.55724571e+01 9.55747611e+01 9.55824571e+01 9.55893691e+01 9.56047138e+01 9.56159216e+01 9.56182256e+01 9.56259216e+01 9.56282256e+01 9.56359216e+01 9.56382256e+01 9.56459216e+01 9.56482256e+01 9.56559216e+01 9.56582256e+01 9.56659216e+01 9.56756496e+01 9.56764686e+01 9.56964686e+01 9.56967566e+01 9.57064686e+01 9.57067566e+01 9.57164686e+01 9.57167566e+01 9.57264686e+01 9.57267566e+01 9.57364686e+01 9.57367566e+01 9.57464686e+01 9.57479726e+01 9.57979726e+01 9.58033915e+01 9.58036795e+01 9.58133915e+01 9.58136795e+01 9.58233915e+01 9.58236795e+01 9.58333915e+01 9.58354715e+01 9.58854715e+01 9.58925985e+01 9.58928865e+01 9.59025985e+01 9.59028865e+01 9.59125985e+01 9.59146785e+01 9.59646785e+01 9.59686359e+01 9.59689239e+01 9.59786359e+01 9.59789239e+01 9.59886359e+01 9.59907159e+01 9.60407159e+01 9.60416388e+01 9.60419268e+01 9.60516388e+01 9.60519268e+01 9.60616388e+01 9.60631428e+01 9.61131428e+01 9.61185406e+01 9.61188286e+01 9.61285406e+01 9.61288286e+01 9.61385406e+01 9.61400446e+01 9.61900446e+01 9.61933444e+01 9.61956484e+01 9.62033444e+01 9.62056484e+01 9.62133444e+01 9.62187844e+01 9.62687844e+01 9.62702421e+01 9.62779381e+01 9.62802421e+01 9.62879381e+01 9.62902421e+01 9.62979381e+01 9.63055541e+01 9.63555541e+01 9.63601238e+01 9.63604118e+01 9.63701238e+01 9.63704118e+01 9.63801238e+01 9.63816278e+01 9.64316278e+01 9.64410767e+01 9.64413647e+01 9.64510767e+01 9.64513647e+01 9.64610767e+01 9.64631567e+01 9.65820905e+01 9.65849888e+01 9.65849921e+01 9.65872928e+01 9.65949888e+01 9.65972928e+01 9.66049888e+01 9.66072928e+01 9.66149888e+01 9.66198528e+01 9.66288064e+01 9.66488064e+01 9.66490944e+01 9.66588064e+01 9.66590944e+01 9.66688064e+01 9.66690944e+01 9.66788064e+01 9.66790944e+01 9.66888064e+01 9.66890944e+01 9.66988064e+01 9.67003104e+01 9.67503104e+01 9.67543987e+01 9.67567027e+01 9.67643987e+01 9.67667027e+01 9.67743987e+01 9.67767027e+01 9.67843987e+01 9.67908627e+01 9.68408627e+01 9.68410906e+01 9.68433946e+01 9.68510906e+01 9.68533946e+01 9.68610906e+01 9.68685786e+01 9.69185786e+01 9.69247510e+01 9.69270550e+01 9.69347510e+01 9.69370550e+01 9.69447510e+01 9.69496150e+01 9.69996150e+01 9.70051075e+01 9.70053955e+01 9.70075755e+01 9.70151075e+01 9.70153955e+01 9.70175755e+01 9.70251075e+01 9.70266115e+01 9.70332715e+01 9.70510466e+01 9.70513346e+01 9.70610466e+01 9.70613346e+01 9.70710466e+01 9.70713346e+01 9.70753955e+01 9.71253955e+01 9.71310689e+01 9.71333729e+01 9.71410689e+01 9.71433729e+01 9.71510689e+01 9.71533729e+01 9.71610689e+01 9.71633729e+01 9.71710689e+01 9.71733729e+01 9.71810689e+01 9.71877249e+01 9.72377249e+01 9.72415859e+01 9.72438899e+01 9.72515859e+01 9.72538899e+01 9.72615859e+01 9.72672819e+01 9.73172819e+01 9.73220136e+01 9.73243176e+01 9.73320136e+01 9.73343176e+01 9.73420136e+01 9.73473256e+01 9.73973256e+01 9.73997376e+01 9.74020416e+01 9.74097376e+01 9.74100444e+01 9.74120416e+01 9.74197376e+01 9.74281856e+01 9.74781856e+01 9.74854777e+01 9.74857657e+01 9.74954777e+01 9.74975577e+01 9.75133025e+01 9.75200296e+01 9.75203176e+01 9.75300296e+01 9.75303176e+01 9.75400296e+01 9.75403176e+01 9.75500296e+01 9.75503176e+01 9.75600296e+01 9.75603176e+01 9.75700296e+01 9.75721096e+01 9.75777942e+01 9.75938739e+01 9.75961779e+01 9.76038739e+01 9.76061779e+01 9.76138739e+01 9.76161779e+01 9.76238739e+01 9.76261779e+01 9.76338739e+01 9.76361779e+01 9.76438739e+01 9.76533459e+01 9.76727668e+01 9.76927501e+01 9.76927668e+01 9.76930548e+01 9.77027668e+01 9.77030548e+01 9.77127668e+01 9.77130548e+01 9.77227668e+01 9.77230548e+01 9.77327668e+01 9.77330548e+01 9.77427668e+01 9.77442708e+01 9.77942708e+01 9.77963926e+01 9.77966806e+01 9.78063926e+01 9.78066806e+01 9.78163926e+01 9.78184726e+01 9.78684726e+01 9.78751112e+01 9.78774152e+01 9.78837479e+01 9.78840359e+01 9.78851112e+01 9.78874152e+01 9.78937479e+01 9.78940359e+01 9.78951112e+01 9.79023432e+01 9.79037479e+01 9.79040359e+01 9.79137479e+01 9.79140359e+01 9.79237479e+01 9.79240359e+01 9.79337479e+01 9.79352519e+01 9.79852519e+01 9.79882925e+01 9.79885805e+01 9.79982925e+01 9.79985805e+01 9.80082925e+01 9.80085805e+01 9.80182925e+01 9.80197965e+01 9.80697965e+01 9.80714256e+01 9.80717136e+01 9.80814256e+01 9.80817136e+01 9.80914256e+01 9.80935056e+01 9.81435056e+01 9.81484616e+01 9.81487496e+01 9.81584616e+01 9.81587496e+01 9.81684616e+01 9.81699656e+01 9.82199656e+01 9.82204699e+01 9.82227739e+01 9.82304699e+01 9.82327739e+01 9.82404699e+01 9.82502619e+01 9.83002619e+01 9.83016279e+01 9.83039319e+01 9.83116279e+01 9.83139319e+01 9.83216279e+01 9.83282199e+01 9.83782199e+01 9.83816185e+01 9.83839225e+01 9.83916185e+01 9.83925117e+01 9.83939225e+01 9.83982199e+01 9.84482199e+01 9.84532659e+01 9.84555699e+01 9.84632659e+01 9.84655699e+01 9.84682199e+01 9.85818082e+01 9.86018082e+01 9.86020962e+01 9.86118082e+01 9.86120962e+01 9.86218082e+01 9.86220962e+01 9.86318082e+01 9.86320962e+01 9.86418082e+01 9.86420962e+01 9.86518082e+01 9.86533122e+01 9.87033122e+01 9.87034685e+01 9.87057725e+01 9.87058267e+01 9.87134685e+01 9.87157725e+01 9.87158267e+01 9.87233122e+01 9.87733122e+01 9.87749577e+01 9.87752457e+01 9.87849577e+01 9.87852457e+01 9.87949577e+01 9.87952457e+01 9.88049577e+01 9.88070377e+01 9.88570377e+01 9.88620969e+01 9.88644009e+01 9.88720969e+01 9.88744009e+01 9.88820969e+01 9.88920169e+01 9.89420169e+01 9.89465409e+01 9.89468289e+01 9.89565409e+01 9.89568289e+01 9.89665409e+01 9.89680449e+01 9.90180449e+01 9.90211182e+01 9.90234222e+01 9.90269348e+01 9.90272228e+01 9.90311182e+01 9.90334222e+01 9.90369348e+01 9.90372228e+01 9.90411182e+01 9.90500142e+01 9.90832026e+01 9.90855066e+01 9.90932026e+01 9.90955066e+01 9.90972228e+01 9.91472228e+01 9.91628824e+01 9.91631704e+01 9.91728824e+01 9.91731704e+01 9.91828824e+01 9.91831704e+01 9.91928824e+01 9.91931704e+01 9.92028824e+01 9.92031704e+01 9.92128824e+01 9.92143864e+01 9.92643864e+01 9.92704096e+01 9.92727136e+01 9.92804096e+01 9.92827136e+01 9.92904096e+01 9.92967456e+01 9.93467456e+01 9.93537835e+01 9.93560875e+01 9.93637835e+01 9.93660875e+01 9.93737835e+01 9.93760875e+01 9.93837835e+01 9.93925515e+01 9.94425515e+01 9.94487616e+01 9.94510656e+01 9.94587616e+01 9.94610656e+01 9.94687616e+01 9.94740736e+01 9.95056159e+01 9.95133641e+01 9.95136521e+01 9.95233641e+01 9.95236521e+01 9.95333641e+01 9.95336521e+01 9.95433641e+01 9.95436521e+01 9.95533641e+01 9.95545348e+01 9.95554441e+01 9.95729001e+01 9.95916442e+01 9.95919322e+01 9.96016442e+01 9.96019322e+01 9.96116442e+01 9.96119322e+01 9.96216442e+01 9.96219322e+01 9.96316442e+01 9.96319322e+01 9.96416442e+01 9.96437242e+01 9.96633578e+01 9.96706476e+01 9.96729516e+01 9.96806476e+01 9.96829516e+01 9.96906476e+01 9.96929516e+01 9.97006476e+01 9.97029516e+01 9.97106476e+01 9.97129516e+01 9.97206476e+01 9.97287116e+01 9.97412278e+01 9.97503471e+01 9.97526511e+01 9.97603471e+01 9.97626511e+01 9.97703471e+01 9.97726511e+01 9.97803471e+01 9.97826511e+01 9.97903471e+01 9.97926511e+01 9.98003471e+01 9.98086031e+01 9.98220791e+01 9.98420791e+01 9.98423671e+01 9.98520791e+01 9.98523671e+01 9.98620791e+01 9.98623671e+01 9.98720791e+01 9.98723671e+01 9.98820791e+01 9.98823671e+01 9.98920791e+01 9.98935831e+01 9.99435831e+01 9.99442654e+01 9.99445534e+01 9.99542654e+01 9.99545534e+01 9.99642654e+01 9.99657694e+01 1.00000000e+02],[0.5        0.49999998 0.49999988 0.49999983 0.4999998  0.4999854  0.49998535 0.49997095 0.4999709  0.4998957  0.49989565 0.49989555 0.4998955  0.4998954  0.49989535 0.49989525 0.4998952  0.4998951  0.49989505 0.49989495 0.49989485 0.49989478 0.49977958 0.49977954 0.49966434 0.4996643  0.4995491  0.49954906 0.49943386 0.49943382 0.49931862 0.49931858 0.49904978 0.49904978 0.49904968 0.49902808 0.49897952 0.49895792 0.49890936 0.49888776 0.4988392  0.4988176  0.49876904 0.49874744 0.49869888 0.49858608 0.49858603 0.49858602 0.49847082 0.49847078 0.49835558 0.49835554 0.49785954 0.49785949 0.49785937 0.49785933 0.49774413 0.49774409 0.49762889 0.49762885 0.49751365 0.49751362 0.49705282 0.49705277 0.49705275 0.49693755 0.49693752 0.49682232 0.49682228 0.49632948 0.49632943 0.4963294  0.4962142  0.49621416 0.49609896 0.49609892 0.49565412 0.49565407 0.49565406 0.49563966 0.49563961 0.49553561 0.49553556 0.49553556 0.49542036 0.49542032 0.49530512 0.49530508 0.495      0.49490828 0.49490823 0.4949082  0.494793   0.49479296 0.49467776 0.49467772 0.49434492 0.49434487 0.49434485 0.49422965 0.49422961 0.49411441 0.49411437 0.49381357 0.49381352 0.49381349 0.49379909 0.49379904 0.49378464 0.49378459 0.49370939 0.49370928 0.49370925 0.49359405 0.49359401 0.49347881 0.49347877 0.49336357 0.49336353 0.49324833 0.4932483  0.4928259  0.49282588 0.49282578 0.49280418 0.49275562 0.49273402 0.49268546 0.49266386 0.4926153  0.4925937  0.49254514 0.49252354 0.49247498 0.49236218 0.49236213 0.49236212 0.49234772 0.49234767 0.49233327 0.49233322 0.49231882 0.49231877 0.49221477 0.49221472 0.4922147  0.4922003  0.49220025 0.49218585 0.4921858  0.4920818  0.49208175 0.49208172 0.49206732 0.49206727 0.49205287 0.49205282 0.49194882 0.49194877 0.49194876 0.49193436 0.49193432 0.49191992 0.49191987 0.49181587 0.49181582 0.49181579 0.49180139 0.49180134 0.49178694 0.49178689 0.49171169 0.49171164 0.49171163 0.49169723 0.49169719 0.49168279 0.49168274 0.49160754 0.49160749 0.49160747 0.49159307 0.49159302 0.49157862 0.49157858 0.49147458 0.49147453 0.49147452 0.49135932 0.49135929 0.49124409 0.49124405 0.49096885 0.4909688  0.49096879 0.49085359 0.49085355 0.49073835 0.49073831 0.49049831 0.49049826 0.49049825 0.49038305 0.49038301 0.49026781 0.49026777 0.49       0.48989337 0.48989335 0.48989333 0.48987893 0.48987888 0.48986448 0.48986443 0.48985003 0.48984998 0.48983558 0.48983553 0.48982113 0.48982108 0.48974588 0.48974588 0.48974578 0.48972418 0.48967562 0.48965402 0.48960546 0.48958386 0.4895353  0.4895137  0.48946514 0.48944354 0.48939498 0.48928218 0.48928213 0.48928212 0.48926772 0.48926767 0.48925327 0.48925323 0.48914923 0.48914918 0.48914915 0.48903395 0.48903391 0.48891871 0.48891867 0.48865947 0.48865942 0.48865923 0.48865919 0.48854399 0.48854395 0.48842875 0.48842872 0.48831352 0.48831348 0.48806388 0.48806383 0.4880638  0.4880494  0.48804935 0.48803495 0.4880349  0.4879597  0.48795965 0.48795964 0.48794524 0.48794519 0.48793079 0.48793075 0.48785555 0.4878555  0.48785549 0.48784109 0.48784104 0.48782664 0.48782659 0.48781219 0.48781214 0.48770814 0.48770809 0.48770807 0.48769367 0.48769362 0.48767922 0.48767917 0.48757517 0.48757512 0.48757511 0.48745991 0.48745987 0.48734467 0.48734463 0.48685503 0.48685498 0.48685496 0.48684056 0.48684051 0.48682611 0.48682606 0.48675086 0.48675081 0.48675081 0.48663561 0.48663557 0.48652037 0.48652033 0.48609473 0.48609468 0.48609467 0.48597947 0.48597943 0.48586423 0.48586419 0.48547059 0.48547059 0.48547049 0.48544889 0.48540033 0.48537873 0.48533017 0.48530857 0.48526001 0.48523841 0.48518985 0.48516825 0.48511969 0.48500689 0.48500684 0.4850068  0.485      0.4848916  0.48489156 0.48477636 0.48477632 0.48442432 0.48442427 0.48442417 0.48442412 0.48442409 0.48432009 0.48432004 0.48432001 0.48430561 0.48430556 0.48429116 0.48429112 0.48418712 0.48418707 0.48418703 0.48417263 0.48417258 0.48415818 0.48415813 0.48405413 0.48405408 0.48405406 0.48403966 0.48403961 0.48402521 0.48402516 0.48392116 0.48392111 0.48392106 0.48390666 0.48390666 0.48390661 0.48389221 0.48389221 0.48389216 0.48378816 0.48378811 0.48378809 0.48367289 0.48367285 0.48355765 0.48355761 0.48344241 0.48344237 0.48299757 0.48299752 0.48299749 0.48288229 0.48288226 0.48276706 0.48276702 0.48234142 0.48234137 0.48234135 0.48232695 0.48232691 0.48231251 0.48231246 0.48223726 0.48223721 0.4822372  0.482122   0.48212196 0.48200676 0.48200672 0.48162912 0.48162901 0.48162897 0.48161457 0.48161452 0.48160012 0.48160007 0.48158567 0.48158562 0.48157122 0.48157117 0.48146717 0.48146715 0.48146709 0.48135189 0.48135187 0.48133027 0.48128171 0.48126011 0.48121155 0.48118995 0.48114139 0.48111979 0.48107123 0.48104963 0.48100107 0.48088827 0.48088822 0.48088821 0.48087381 0.48087376 0.48085936 0.48085932 0.48075532 0.48075527 0.48075524 0.48074084 0.4807408  0.4807264  0.48072635 0.48062235 0.4806223  0.48062225 0.48060785 0.4806078  0.4805934  0.48059336 0.48048936 0.48048931 0.4804893  0.4804749  0.48047489 0.48047485 0.48046045 0.48046044 0.48046041 0.48046036 0.48046032 0.48044592 0.48044587 0.48043147 0.48043142 0.48035622 0.48035617 0.48035612 0.48035608 0.48024088 0.48024084 0.48012564 0.48012561 0.48       0.47971281 0.47971276 0.47971275 0.47969835 0.4796983  0.4796839  0.47968385 0.47960865 0.4796086  0.47960856 0.47959416 0.47959412 0.47957972 0.47957967 0.47947567 0.47947562 0.47947555 0.47947551 0.47936031 0.47936027 0.47924507 0.47924503 0.47882583 0.47882578 0.47882576 0.47881136 0.47881131 0.47879691 0.47879686 0.47869286 0.47869274 0.47869274 0.47857754 0.4785775  0.4784623  0.47846226 0.47834706 0.47834702 0.47823182 0.47823178 0.47811658 0.47811655 0.47778055 0.47778055 0.47778045 0.47775885 0.47771029 0.47768869 0.47764013 0.47761853 0.47756997 0.47754837 0.47749981 0.47747821 0.47742965 0.47731685 0.4773168  0.47731676 0.47720156 0.47720152 0.47708632 0.47708628 0.47683668 0.47683663 0.47683651 0.47683648 0.47672128 0.47672124 0.47660604 0.476606   0.4764908  0.47649076 0.47620916 0.47620911 0.47620909 0.47619469 0.47619464 0.47618024 0.47618019 0.47610499 0.47610494 0.47610494 0.47609054 0.47609049 0.47607609 0.47607604 0.47600084 0.47600079 0.47600075 0.47598635 0.4759863  0.4759719  0.47597185 0.47586785 0.4758678  0.47586777 0.47585337 0.47585332 0.47583892 0.47583887 0.47573487 0.47573482 0.47573481 0.47572041 0.47572036 0.47570596 0.47570591 0.47569151 0.47569146 0.47561626 0.47561621 0.47561621 0.47560181 0.47560176 0.47558736 0.47558731 0.47548331 0.47548326 0.47548316 0.47548311 0.47548301 0.47546141 0.47541285 0.47539125 0.47534269 0.47532109 0.47527253 0.47525093 0.47520237 0.47518077 0.47513221 0.47501941 0.47501936 0.47501933 0.475      0.47490413 0.47490409 0.47478889 0.47478885 0.47467365 0.47467361 0.47442401 0.47442396 0.47442394 0.47430874 0.4743087  0.4741935  0.47419346 0.47407826 0.47407822 0.47359502 0.47359497 0.47359496 0.47358056 0.47358051 0.47356611 0.47356606 0.47346206 0.47346201 0.47346199 0.47334679 0.47334675 0.47323155 0.47323152 0.47279632 0.47279627 0.47279625 0.47268105 0.47268101 0.47256581 0.47256577 0.47218817 0.47218812 0.47218811 0.47207291 0.47207287 0.47195767 0.47195763 0.47159923 0.47159918 0.47159898 0.47159894 0.47148374 0.4714837  0.4713685  0.47136846 0.47095886 0.47095881 0.47095881 0.47094441 0.47094436 0.47092996 0.47092992 0.47082592 0.47082587 0.47082586 0.47081146 0.47081141 0.47079701 0.47079697 0.47069297 0.47069292 0.47069278 0.47069274 0.47057754 0.4705775  0.4704623  0.47046226 0.47015826 0.47015821 0.4701582  0.470043   0.47004296 0.47       0.46992776 0.46992772 0.46981252 0.46981248 0.46935808 0.46935802 0.46935799 0.46924279 0.46924275 0.46876915 0.46876914 0.46876904 0.46874744 0.46869888 0.46867728 0.46862872 0.46860712 0.46855856 0.46853696 0.4684884  0.4684668  0.46841824 0.46830544 0.46830539 0.46830536 0.46829096 0.46829091 0.46827651 0.46827647 0.46817247 0.46817242 0.46817242 0.46805722 0.46805718 0.46794198 0.46794194 0.46757074 0.46757069 0.46757066 0.46745546 0.46745543 0.46745539 0.46734019 0.46734017 0.46734013 0.46690493 0.46690488 0.46690484 0.46689044 0.46689039 0.46687599 0.46687594 0.46686154 0.46686149 0.46675749 0.46675744 0.46675744 0.46674304 0.46674299 0.46672859 0.46672854 0.46665334 0.46665329 0.46665325 0.46653805 0.46653802 0.46642282 0.46642278 0.46607078 0.46607073 0.46607071 0.46605631 0.46605626 0.46598106 0.46598101 0.46598078 0.46598074 0.46586554 0.4658655  0.4654975  0.46549745 0.46549744 0.46538224 0.4653822  0.465267   0.46526696 0.465      0.46491176 0.46491171 0.4649117  0.4647965  0.46479646 0.46468126 0.46468122 0.46436122 0.46436117 0.46436113 0.46424593 0.4642459  0.4641307  0.46413066 0.46377866 0.46377864 0.46377857 0.46376417 0.46376412 0.46374972 0.46374967 0.46373527 0.46373522 0.46372082 0.46372077 0.46370637 0.46370632 0.46360232 0.46360232 0.46360222 0.46358062 0.46353206 0.46351046 0.4634619  0.4634403  0.46339174 0.46337014 0.46332158 0.46329998 0.46325142 0.46313862 0.46313857 0.46313856 0.46302336 0.46302333 0.46290813 0.46290809 0.46257209 0.46257204 0.46257201 0.46245681 0.46245677 0.46234157 0.46234154 0.46222634 0.4622263  0.4618935  0.46189345 0.46189344 0.46177824 0.4617782  0.461663   0.46166296 0.46154776 0.46154772 0.46125012 0.46125007 0.46125006 0.46123566 0.46123561 0.46122121 0.46122117 0.46114597 0.46114592 0.46114591 0.46113151 0.46113147 0.46111707 0.46111702 0.46104182 0.46104177 0.46104177 0.46102737 0.46102732 0.46101292 0.46101287 0.46090887 0.46090882 0.4609088  0.4608944  0.46089435 0.46087995 0.4608799  0.4608655  0.46086546 0.46079026 0.46079021 0.46079018 0.46077578 0.46077573 0.46076133 0.46076128 0.46065728 0.46065723 0.46065722 0.46054202 0.46054199 0.46042679 0.46042675 0.46013235 0.4601323  0.46013227 0.46001707 0.46001703 0.46       0.45990183 0.45990179 0.45978659 0.45978655 0.45948575 0.45948565 0.45948555 0.45946395 0.45941539 0.45939379 0.45934523 0.45932363 0.45927507 0.45925347 0.45920491 0.45918331 0.45913475 0.45902195 0.4590219  0.45902188 0.45890668 0.45890664 0.45879144 0.4587914  0.4583658  0.45836575 0.45836575 0.45825055 0.45825051 0.45813531 0.45813527 0.45776087 0.45776082 0.45776079 0.45764559 0.45764555 0.45753035 0.45753031 0.45741511 0.45741507 0.45695747 0.45695742 0.45695742 0.45694302 0.45694297 0.45692857 0.45692852 0.45682452 0.45682447 0.45682446 0.45681006 0.45681001 0.45679561 0.45679556 0.45672036 0.45672031 0.45672028 0.45670588 0.45670583 0.45669143 0.45669138 0.45661618 0.45661613 0.45661612 0.45660172 0.45660167 0.45658727 0.45658722 0.45651202 0.45651197 0.45651197 0.45639677 0.45639673 0.45628153 0.45628149 0.45601909 0.45601904 0.456019   0.45601896 0.45590376 0.45590372 0.45578852 0.45578848 0.45531808 0.45531803 0.45531785 0.45531782 0.45520262 0.45520258 0.45508738 0.45508734 0.455      0.45497214 0.4549721  0.4547065  0.45470642 0.45470632 0.45468472 0.45463616 0.45461456 0.454566   0.4545444  0.45449584 0.45447424 0.45442568 0.45440408 0.45435552 0.45424272 0.45424267 0.45424264 0.45422824 0.45422819 0.45421379 0.45421374 0.45410974 0.45410969 0.45410969 0.45409529 0.45409524 0.45408084 0.45408079 0.45397679 0.45397674 0.4539767  0.4539623  0.45396225 0.45394785 0.4539478  0.4538438  0.45384375 0.45384373 0.45372853 0.45372849 0.45361329 0.45361325 0.45349805 0.45349801 0.45322281 0.45322276 0.45322275 0.45320835 0.45320831 0.45319391 0.45319386 0.45311866 0.45311861 0.45311851 0.45311847 0.45310407 0.45310385 0.45310381 0.45308941 0.45308919 0.45308915 0.45298515 0.4529851  0.45298509 0.45297069 0.45297064 0.45295624 0.45295619 0.45285219 0.45285214 0.45285212 0.45283772 0.45283767 0.45282327 0.45282322 0.45271922 0.45271917 0.45271914 0.45270474 0.45270469 0.45269029 0.45269024 0.45258624 0.45258619 0.45258619 0.45257179 0.45257179 0.45245659 0.45245656 0.45244216 0.45244215 0.45232695 0.45232692 0.45231252 0.45231251 0.45183571 0.45183567 0.45183557 0.45172037 0.45172033 0.45160513 0.4516051  0.45160505 0.45160495 0.45158335 0.45153479 0.45151319 0.45146463 0.45144303 0.45139447 0.45137287 0.45132431 0.45130271 0.45125415 0.45114135 0.4511413  0.45114127 0.45102607 0.45102604 0.45091084 0.4509108  0.4506452  0.45064515 0.45064513 0.45052993 0.45052989 0.45041469 0.45041465 0.45015545 0.4501554  0.4501554  0.4500402  0.45004016 0.45       0.44992496 0.44992492 0.44947372 0.44947367 0.44947366 0.44935846 0.44935842 0.44924322 0.44924318 0.44892958 0.44892953 0.44892952 0.44891512 0.44891507 0.44890067 0.44890062 0.44882542 0.44882537 0.44882537 0.44881097 0.44881092 0.44879652 0.44879647 0.44869247 0.44869242 0.4486924  0.448678   0.44867795 0.44866355 0.44866351 0.44858831 0.44858826 0.44858823 0.44857383 0.44857378 0.44855938 0.44855933 0.44848413 0.44848408 0.44848407 0.44836887 0.44836883 0.44825363 0.44825359 0.44785679 0.44785674 0.44785671 0.44774151 0.44774147 0.44762627 0.44762623 0.44721343 0.44721338 0.44721334 0.4472133  0.4470981  0.44709807 0.44698287 0.44698283 0.44686763 0.44686759 0.44656359 0.44656354 0.4465635  0.4465491  0.44654905 0.44653465 0.4465346  0.4464306  0.44643058 0.44643053 0.44631533 0.44631529 0.44620009 0.44620005 0.44608485 0.44608482 0.44596962 0.44596958 0.44585438 0.44585434 0.44543194 0.44543193 0.44543183 0.44541023 0.44536167 0.44534007 0.44529151 0.44526991 0.44522135 0.44519975 0.44515119 0.44512959 0.44508103 0.445      0.44496823 0.44496818 0.44496818 0.44495378 0.44495373 0.44493933 0.44493928 0.44483528 0.44483523 0.44483521 0.44482081 0.44482076 0.44480636 0.44480631 0.44470231 0.44470226 0.44470226 0.44458706 0.44458702 0.44447182 0.44447178 0.44415818 0.44415813 0.44415811 0.44414371 0.44414366 0.44406846 0.44406841 0.4440684  0.4439532  0.44395316 0.44383796 0.44383792 0.44372272 0.44372269 0.44337069 0.44337064 0.44337063 0.44335623 0.44335618 0.44334178 0.44334173 0.44326653 0.44326648 0.44326646 0.44325206 0.44325201 0.44323761 0.44323757 0.44313357 0.44313352 0.4431335  0.44313347 0.44301827 0.44301826 0.44300386 0.44300383 0.44288863 0.44288863 0.44287423 0.4428742  0.442759   0.44275899 0.44274459 0.44274456 0.44226136 0.44226128 0.44224688 0.44224683 0.44223243 0.44223239 0.44223234 0.44223226 0.44221786 0.44221765 0.44221761 0.44220321 0.442203   0.44220296 0.44218856 0.44218835 0.44218831 0.44217391 0.4421737  0.44217366 0.44215926 0.44215905 0.44215901 0.44205501 0.4420549  0.44205487 0.44204047 0.44204043 0.44202603 0.44202598 0.44201158 0.44201153 0.44199713 0.44199708 0.44198268 0.44198263 0.44187863 0.44187861 0.4418786  0.4417634  0.44176336 0.44164816 0.44164812 0.44153292 0.44153288 0.44141768 0.44141764 0.44130244 0.4413024  0.4408768  0.44087679 0.4408767  0.44078819 0.44076659 0.44071803 0.44069643 0.44064787 0.44062627 0.44057771 0.44055611 0.44050755 0.44048595 0.44043739 0.44032459 0.44032454 0.4403245  0.4403101  0.44031005 0.44029565 0.4402956  0.4402812  0.44028115 0.44026675 0.44026671 0.44025231 0.44025226 0.44014826 0.44014821 0.4401482  0.4401338  0.44013375 0.44011935 0.4401193  0.4400441  0.44004405 0.44004403 0.44002963 0.44002958 0.44001518 0.44001513 0.44       0.43991113 0.43991108 0.43991108 0.43989668 0.43989663 0.43988223 0.43988218 0.43980698 0.43980693 0.4398069  0.4396917  0.43969167 0.43957647 0.43957643 0.43920843 0.43920838 0.43920817 0.43920813 0.43909293 0.43909289 0.43897769 0.43897765 0.43886245 0.43886241 0.43845921 0.43845916 0.43845915 0.43834395 0.43834391 0.43822871 0.43822867 0.43811347 0.43811343 0.43785103 0.43785098 0.43785097 0.43773577 0.43773573 0.43762053 0.43762049 0.43750529 0.43750525 0.43703485 0.43703481 0.43703473 0.4370347  0.4369195  0.43691946 0.43680426 0.43680422 0.43644902 0.43644901 0.43644894 0.43643454 0.43643449 0.43642009 0.43642004 0.43640564 0.43640559 0.43639119 0.43639114 0.43637674 0.4363767  0.4362727  0.43627268 0.43627261 0.43615741 0.43615737 0.43604217 0.43604213 0.43592693 0.4359269  0.4358117  0.43581166 0.43569646 0.43569642 0.43525802 0.43525801 0.43525794 0.43514274 0.43514271 0.43502751 0.43502747 0.435      0.43491227 0.43491223 0.43479703 0.43479699 0.43468179 0.43468175 0.43419535 0.43419533 0.43419528 0.43418088 0.43418083 0.43416643 0.43416638 0.43415198 0.43415193 0.43413753 0.43413749 0.43412309 0.43412304 0.43401904 0.43401903 0.43401895 0.43390375 0.43390371 0.43378851 0.43378848 0.43367328 0.43367324 0.43355804 0.433558   0.4334428  0.43344276 0.43310676 0.43310675 0.43310672 0.43309232 0.43309227 0.43307787 0.43307782 0.43306342 0.43306338 0.43304898 0.43304893 0.43303453 0.43303448 0.43295928 0.43295927 0.43295917 0.43294477 0.43294473 0.43293033 0.43293028 0.43291588 0.43291583 0.43290143 0.43290138 0.43288698 0.43288693 0.43278293 0.43278292 0.43278284 0.43276844 0.4327684  0.432754   0.43275395 0.43273955 0.4327395  0.4327251  0.43272505 0.43271065 0.4327106  0.4326066  0.4326066  0.4326065  0.4325849  0.43253634 0.43251474 0.43246618 0.43244458 0.43239602 0.43237442 0.43232586 0.43230426 0.4322557  0.4321429  0.43214285 0.43214282 0.43212842 0.43212837 0.43211397 0.43211392 0.43203872 0.43203867 0.43203866 0.43202426 0.43202421 0.43200981 0.43200976 0.43193456 0.43193451 0.43193447 0.43192007 0.43192002 0.43190562 0.43190557 0.43189117 0.43189112 0.43178712 0.4317871  0.43178709 0.43177269 0.43177264 0.43175824 0.43175819 0.43174379 0.43174374 0.43172934 0.43172929 0.43171489 0.43171485 0.43161085 0.43161084 0.43161074 0.43158914 0.43154058 0.43151898 0.43147042 0.43144882 0.43140026 0.43137866 0.4313301  0.4313085  0.43125994 0.43114714 0.43114709 0.43114706 0.43103186 0.43103182 0.43091662 0.43091658 0.43056458 0.43056453 0.4305645  0.4304493  0.43044927 0.43033407 0.43033403 0.43002363 0.43002358 0.43002353 0.43000913 0.43000909 0.43       0.42990509 0.42990504 0.42990501 0.42989061 0.42989039 0.42989035 0.42987595 0.42987573 0.4298757  0.4298005  0.42979966 0.42979948 0.42978508 0.42978506 0.42978501 0.42978491 0.42978486 0.42978484 0.42966964 0.42966961 0.42928241 0.42928236 0.42928234 0.42926794 0.42926789 0.42925349 0.42925345 0.42917825 0.4291782  0.42917798 0.42917794 0.42906274 0.4290627  0.4289475  0.42894746 0.42883226 0.42883222 0.42833622 0.42833617 0.42833615 0.42822095 0.42822091 0.42810571 0.42810567 0.42799047 0.42799044 0.42760004 0.42759999 0.42759998 0.42748478 0.42748474 0.42736954 0.4273695  0.4270431  0.42704309 0.42704302 0.42692782 0.42692778 0.42681258 0.42681255 0.42669735 0.42669731 0.42658211 0.42658207 0.42646687 0.42646683 0.42600603 0.42600602 0.42600595 0.42589075 0.42589071 0.42577551 0.42577547 0.42566027 0.42566023 0.42554503 0.42554499 0.42542979 0.42542976 0.425      0.42493696 0.42493694 0.4249369  0.4249225  0.42492245 0.42490805 0.424908   0.4248936  0.42489355 0.42487915 0.4248791  0.4248647  0.42486465 0.42476065 0.42476065 0.42476055 0.42473895 0.42469039 0.42466879 0.42462023 0.42459863 0.42455007 0.42452847 0.42447991 0.42445831 0.42440975 0.42429695 0.4242969  0.42429689 0.42418169 0.42418165 0.42406645 0.42406641 0.42360241 0.42360236 0.42360233 0.42358793 0.42358788 0.42357348 0.42357344 0.42349824 0.42349819 0.42349816 0.42348376 0.42348371 0.42346931 0.42346926 0.42339406 0.42339401 0.42339398 0.42337958 0.42337953 0.42336513 0.42336509 0.42326109 0.42326104 0.42326103 0.42324663 0.42324659 0.42323219 0.42323214 0.42312814 0.42312809 0.42312805 0.42301285 0.42301284 0.4230128  0.4228976  0.4228976  0.42289759 0.42289754 0.42289754 0.42288314 0.42288309 0.42286869 0.42286864 0.42285424 0.42285419 0.42283979 0.42283974 0.42273574 0.42273569 0.42273566 0.42272126 0.42272121 0.42270681 0.42270676 0.42260276 0.42260268 0.42260258 0.42258098 0.42253242 0.42251082 0.42246226 0.42244066 0.4223921  0.4223705  0.42232194 0.42230034 0.42225178 0.42213898 0.42213893 0.42213892 0.42202372 0.42202369 0.42190849 0.42190845 0.42179325 0.42179321 0.42130681 0.42130676 0.42130675 0.42119155 0.42119151 0.42107631 0.42107627 0.42096107 0.42096103 0.42062183 0.42062178 0.42062177 0.42062173 0.42050653 0.42050649 0.42039129 0.42039125 0.42027605 0.42027601 0.42       0.41992401 0.41992396 0.41992395 0.41980875 0.41980871 0.41969351 0.41969347 0.41957827 0.41957823 0.41925823 0.41925818 0.41925817 0.41924377 0.41924377 0.41922937 0.41922917 0.41922913 0.41921473 0.41921473 0.41920033 0.41920013 0.4192001  0.4191857  0.41918569 0.41908169 0.41908164 0.4190816  0.4190672  0.41906715 0.41905275 0.41905271 0.41894871 0.41894866 0.41894865 0.41893425 0.41893421 0.41891981 0.41891976 0.41881576 0.41881571 0.4188157  0.4188013  0.41880125 0.41878685 0.4187868  0.4187116  0.41871155 0.41871152 0.41869712 0.41869707 0.41868267 0.41868262 0.41857862 0.41857857 0.41857856 0.41856416 0.41856412 0.41854972 0.41854967 0.41853527 0.41853522 0.41843122 0.41843117 0.41843117 0.41831597 0.41831593 0.41820073 0.41820069 0.41781349 0.41781348 0.41781341 0.41779901 0.41779896 0.41778456 0.41778451 0.41777011 0.41777007 0.41775567 0.41775562 0.41774122 0.41774117 0.41766597 0.41766597 0.41766587 0.41764427 0.41759571 0.41757411 0.41752555 0.41750395 0.41745539 0.41743379 0.41738523 0.41736363 0.41731507 0.41720227 0.41720222 0.41720221 0.41708701 0.41708698 0.41697178 0.41697174 0.41685654 0.4168565  0.4165109  0.41651085 0.41651084 0.41639564 0.4163956  0.4162804  0.41628036 0.41600196 0.41600191 0.41600188 0.41588668 0.41588664 0.41577144 0.4157714  0.4156562  0.41565616 0.41526896 0.41526891 0.4152689  0.4152545  0.41525445 0.41524005 0.41524001 0.41522561 0.41522556 0.41515036 0.41515031 0.41515027 0.41515023 0.41503503 0.41503499 0.415      0.41491979 0.41491975 0.41459975 0.4145997  0.4145997  0.4145853  0.41458525 0.41457085 0.4145708  0.4145564  0.41455635 0.41448115 0.4144811  0.41448109 0.41446669 0.41446664 0.41445224 0.41445219 0.41437699 0.41437694 0.41437693 0.41436253 0.41436248 0.41434808 0.41434803 0.41433363 0.41433358 0.41422958 0.41422953 0.4142295  0.4142151  0.41421505 0.41420065 0.4142006  0.4140966  0.41409655 0.41409655 0.41408215 0.4140821  0.4140677  0.41406765 0.41396365 0.41396362 0.41396359 0.41384839 0.41384835 0.41373315 0.41373314 0.41371154 0.41366298 0.41364138 0.41359282 0.41357122 0.41352266 0.41350106 0.4134525  0.4134309  0.41338234 0.41326954 0.41326949 0.41326947 0.41325507 0.41325502 0.41324062 0.41324057 0.41313657 0.41313652 0.41313649 0.41302129 0.41302125 0.41290605 0.41290601 0.41249961 0.41249956 0.41249952 0.41249948 0.41238428 0.41238424 0.41226904 0.412269   0.4121538  0.41215376 0.41170896 0.41170891 0.41170879 0.41170875 0.41159355 0.41159351 0.41147831 0.41147828 0.41099508 0.41099503 0.41099502 0.41098062 0.41098057 0.41090537 0.41090532 0.41090529 0.41089089 0.41089085 0.41087645 0.4108764  0.4107724  0.41077235 0.41077234 0.41075794 0.41075794 0.41075789 0.41074349 0.41074349 0.41074344 0.41063944 0.41063939 0.41063939 0.41062499 0.41062494 0.41061054 0.41061049 0.41050649 0.41050644 0.41050644 0.41049204 0.41049199 0.41047759 0.41047754 0.41040234 0.41040229 0.41040228 0.41028708 0.41028704 0.41017184 0.4101718  0.4100566  0.41005656 0.41       0.40977816 0.40977811 0.40977808 0.40966288 0.40966284 0.40954764 0.4095476  0.4091892  0.40918911 0.40918906 0.40917466 0.40917461 0.40916021 0.40916016 0.40914576 0.40914572 0.40913132 0.40913127 0.40911687 0.40911682 0.40901282 0.40901281 0.40901272 0.40889752 0.40889748 0.40878228 0.40878225 0.40866705 0.40866701 0.40855181 0.40855177 0.40843657 0.40843653 0.40809413 0.40809413 0.40809403 0.40807243 0.40802387 0.40800227 0.40795371 0.40793211 0.40788355 0.40786195 0.40781339 0.40779179 0.40774323 0.40763043 0.40763038 0.40763037 0.40751517 0.40751514 0.40739994 0.4073999  0.4072847  0.40728466 0.40698066 0.40698061 0.40698051 0.40698047 0.40686527 0.40686524 0.40675004 0.40675    0.4064204  0.40642035 0.40642033 0.40640593 0.40640589 0.40639149 0.40639144 0.40631624 0.40631619 0.40631618 0.40630178 0.40630173 0.40628733 0.40628728 0.40621208 0.40621203 0.40621202 0.40609682 0.40609678 0.40598158 0.40598154 0.40586634 0.40586631 0.40554631 0.40554626 0.40554625 0.40553185 0.4055318  0.4055174  0.40551735 0.40544215 0.4054421  0.40544208 0.40544203 0.40542763 0.40542758 0.40541318 0.40541313 0.40539873 0.40539868 0.40529468 0.40529463 0.40529462 0.40528022 0.40528017 0.40526577 0.40526572 0.40525132 0.40525127 0.40514727 0.40514722 0.40514721 0.40513281 0.40513277 0.40511837 0.40511832 0.40510392 0.40510387 0.405      0.40499987 0.40499987 0.40499977 0.40497817 0.40492961 0.40490801 0.40485945 0.40483785 0.40478929 0.40476769 0.40471913 0.40469753 0.40464897 0.40453617 0.40453612 0.40453611 0.40442091 0.40442087 0.40430567 0.40430564 0.40397604 0.40397599 0.40397597 0.40386077 0.40386073 0.40374553 0.4037455  0.4034287  0.40342865 0.40342863 0.40331343 0.40331339 0.40319819 0.40319815 0.40281415 0.4028141  0.40281409 0.40269889 0.40269885 0.40258365 0.40258361 0.40212921 0.40212916 0.40212914 0.40211474 0.40211469 0.40210029 0.40210024 0.40199624 0.40199619 0.40199618 0.40198178 0.40198173 0.40196733 0.40196728 0.40195288 0.40195283 0.40187763 0.40187758 0.40187757 0.40176237 0.40176233 0.40164713 0.40164709 0.40136549 0.40136544 0.4013654  0.4012502  0.40125017 0.40113497 0.40113493 0.40087573 0.40087568 0.40087567 0.40076047 0.40076043 0.40064523 0.40064519 0.40032199 0.40032194 0.40032193 0.40020673 0.40020669 0.40009149 0.40009146 0.4        0.39975546 0.39975541 0.3997554  0.399741   0.39974095 0.39972655 0.3997265  0.3996513  0.39965122 0.39965112 0.39962952 0.39958096 0.39955936 0.3995108  0.3994892  0.39944064 0.39941904 0.39937048 0.39934888 0.39930032 0.39918752 0.39918747 0.39918744 0.39917304 0.39917299 0.39915859 0.39915855 0.39905455 0.3990545  0.39905449 0.39904009 0.39904004 0.39902564 0.39902559 0.39892159 0.39892154 0.39892153 0.39890713 0.39890708 0.39889268 0.39889263 0.39878863 0.39878858 0.39878858 0.39877418 0.39877413 0.39875973 0.39875968 0.39865568 0.39865563 0.39865562 0.39864122 0.39864117 0.39862677 0.39862672 0.39861232 0.39861227 0.39850827 0.39850822 0.39850819 0.39849379 0.39849375 0.39847935 0.3984793  0.3984041  0.39840405 0.39840404 0.39838964 0.39838959 0.39837519 0.39837514 0.39829994 0.39829989 0.39829989 0.39828549 0.39828544 0.39827104 0.39827099 0.39819579 0.39819574 0.39819573 0.39808053 0.39808049 0.39796529 0.39796525 0.39762285 0.3976228  0.39762279 0.39760839 0.39760834 0.39759394 0.39759389 0.39748989 0.39748984 0.39748984 0.39747544 0.39747539 0.39746099 0.39746094 0.39735694 0.39735684 0.39735674 0.39733514 0.39728658 0.39726498 0.39721642 0.39719482 0.39714626 0.39712466 0.3970761  0.3970545  0.39700594 0.39689314 0.39689309 0.39689307 0.39677787 0.39677783 0.39666263 0.3966626  0.3962178  0.39621775 0.39621771 0.39610251 0.39610247 0.39598727 0.39598723 0.39567683 0.39567678 0.39567678 0.39566238 0.39566233 0.39564793 0.39564788 0.39554388 0.39554383 0.3955438  0.3955294  0.39552935 0.39551495 0.3955149  0.3955005  0.39550046 0.39539646 0.39539641 0.3953964  0.3952812  0.39528116 0.39516596 0.39516593 0.39505073 0.39505072 0.39505071 0.39505067 0.395      0.39474987 0.39474982 0.39474979 0.39473539 0.39473534 0.39472094 0.39472089 0.39470649 0.39470644 0.39460244 0.39460239 0.39460239 0.39458799 0.39458794 0.39457354 0.39457349 0.39455909 0.39455904 0.39445504 0.39445499 0.39445495 0.39444055 0.3944405  0.3944261  0.39442605 0.39435085 0.3943508  0.39435078 0.39433638 0.39433633 0.39432193 0.39432188 0.39421788 0.39421783 0.39421775 0.39421771 0.39410251 0.39410247 0.39398727 0.39398723 0.39349763 0.39349755 0.39349753 0.39315193 0.39315192 0.39315185 0.39303665 0.39303661 0.39292141 0.39292137 0.39280617 0.39280613 0.39269093 0.3926909  0.3925757  0.39257566 0.39226206 0.39226205 0.39226195 0.39224035 0.39219179 0.39217019 0.39212163 0.39210003 0.39205147 0.39202987 0.39198131 0.39195971 0.39191115 0.39179835 0.3917983  0.39179829 0.39178389 0.39178384 0.39176944 0.39176939 0.39175499 0.39175494 0.39165094 0.39165089 0.39165086 0.39163646 0.39163641 0.39162201 0.39162196 0.39151796 0.39151791 0.39151788 0.39140268 0.39140265 0.39128745 0.39128741 0.39102501 0.39102496 0.39102495 0.39101055 0.3910105  0.3909961  0.39099605 0.39092085 0.3909208  0.39092079 0.39080559 0.39080555 0.39069035 0.39069031 0.39035431 0.39035426 0.39035425 0.39023905 0.39023901 0.39012381 0.39012377 0.39       0.38973337 0.38973332 0.38973329 0.38971889 0.38971884 0.38970444 0.38970439 0.38962919 0.38962914 0.38962914 0.38961474 0.38961469 0.38960029 0.38960024 0.38958584 0.38958579 0.38948179 0.38948174 0.38948171 0.38946731 0.38946726 0.38945286 0.38945281 0.38934881 0.38934876 0.3893487  0.38934867 0.38923347 0.38923343 0.38911823 0.38911819 0.38878219 0.38878218 0.38878209 0.38867694 0.38865534 0.38860678 0.38858518 0.38853662 0.38851502 0.38846646 0.38844486 0.3883963  0.3883747  0.38832614 0.38821334 0.38821329 0.38821325 0.38819885 0.3881988  0.3881844  0.38818435 0.38816995 0.38816991 0.38806591 0.38806586 0.38806583 0.38795063 0.38795059 0.38783539 0.38783535 0.38756975 0.3875697  0.38756952 0.38756948 0.38745428 0.38745424 0.38733904 0.387339   0.3872238  0.38722376 0.38676296 0.38676291 0.3867629  0.3866477  0.38664766 0.38653246 0.38653242 0.38641722 0.38641718 0.38612598 0.38612593 0.38612593 0.38611153 0.38611148 0.38609708 0.38609703 0.38602183 0.38602178 0.38602176 0.38590656 0.38590652 0.38579132 0.38579128 0.38542648 0.38542643 0.38542642 0.38541202 0.38541197 0.38539757 0.38539752 0.38532232 0.38532227 0.38532222 0.38530782 0.38530778 0.38529338 0.38529333 0.38521813 0.38521808 0.38521806 0.38520366 0.38520361 0.38518921 0.38518916 0.38508516 0.38508511 0.38508511 0.38507071 0.38507066 0.38505626 0.38505621 0.38504181 0.38504176 0.385      0.38493776 0.38493771 0.3849377  0.3848225  0.38482246 0.38470726 0.38470722 0.38425922 0.3842592  0.3842591  0.3842375  0.38418894 0.38416734 0.38411878 0.38409718 0.38404862 0.38402702 0.38397846 0.38395686 0.3839083  0.3837955  0.38379545 0.38379543 0.38368023 0.38368019 0.38356499 0.38356497 0.38356492 0.38356492 0.38355052 0.38355047 0.38353607 0.38353603 0.38352163 0.38352158 0.38350718 0.38350713 0.38340313 0.38340308 0.38340306 0.38338866 0.38338861 0.38337421 0.38337417 0.38327017 0.38327012 0.38327009 0.38315489 0.38315485 0.38303965 0.38303961 0.38268121 0.38268116 0.38268115 0.38256595 0.38256592 0.38245072 0.38245068 0.38219148 0.38219143 0.38219142 0.38207622 0.38207618 0.38196098 0.38196094 0.38184574 0.3818457  0.3813529  0.38135285 0.38135285 0.38133845 0.3813384  0.381324   0.38132395 0.38121995 0.3812199  0.38121988 0.38120548 0.38120546 0.38120542 0.38119102 0.381191   0.38119095 0.38108695 0.3810869  0.38108685 0.38108682 0.38097162 0.38097158 0.38085638 0.38085634 0.38048514 0.38048509 0.38048508 0.38047068 0.38047063 0.38045623 0.38045618 0.38044178 0.38044173 0.38036653 0.38036648 0.38036634 0.3803663  0.3802511  0.38025107 0.38013587 0.38013583 0.38       0.37975823 0.37975813 0.37975792 0.37975788 0.37964268 0.37964265 0.37918185 0.37918184 0.37918174 0.37916014 0.37911158 0.37908998 0.37904142 0.37901982 0.37897126 0.37894966 0.3789011  0.3788795  0.37883094 0.37871814 0.37871809 0.37871807 0.37860287 0.37860283 0.37848763 0.3784876  0.3780716  0.37807155 0.37807151 0.37795631 0.37795627 0.37784107 0.37784103 0.37738343 0.37738338 0.37738338 0.37726818 0.37726814 0.37715294 0.3771529  0.3770377  0.37703766 0.37673686 0.37673681 0.37673681 0.37672241 0.37672236 0.37670796 0.37670791 0.37663271 0.37663266 0.37663265 0.37661825 0.3766182  0.3766038  0.37660375 0.37652855 0.3765285  0.37652848 0.37651408 0.37651403 0.37649963 0.37649959 0.37639559 0.37639554 0.37639552 0.37638112 0.37638091 0.37638088 0.37636648 0.37636627 0.37636623 0.37629103 0.37629098 0.37629098 0.37627658 0.37627653 0.37626213 0.37626208 0.37615808 0.37615803 0.37615803 0.37604283 0.37604279 0.37592759 0.37592756 0.37592751 0.37592749 0.37591309 0.37591288 0.37591284 0.37589844 0.37589823 0.3758982  0.3758838  0.37588359 0.37588355 0.37577955 0.37577942 0.37577939 0.37576499 0.37576495 0.37566095 0.37566093 0.37566086 0.37554566 0.37554562 0.37543042 0.37543038 0.37531518 0.37531514 0.37519994 0.3751999  0.3750847  0.37508466 0.375      0.37482866 0.37482865 0.37482856 0.37471336 0.37471333 0.37459813 0.37459809 0.37448289 0.37448285 0.37436765 0.37436761 0.37425241 0.37425237 0.37378517 0.37378516 0.37378513 0.37377073 0.37377068 0.37375628 0.37375624 0.37374184 0.37374179 0.37372739 0.37372734 0.37371294 0.37371289 0.37360889 0.37360888 0.37360878 0.37358718 0.37353862 0.37351702 0.37346846 0.37344686 0.3733983  0.3733767  0.37332814 0.37330654 0.37325798 0.37314518 0.37314513 0.37314513 0.37313073 0.37313068 0.37311628 0.37311624 0.37304104 0.37304099 0.37304095 0.37302655 0.3730265  0.3730121  0.37301205 0.37299765 0.3729976  0.3729224  0.37292235 0.37292234 0.37290794 0.37290789 0.37289349 0.37289344 0.37281824 0.37281819 0.37281809 0.37281805 0.37270285 0.37270281 0.37258761 0.37258757 0.37247237 0.37247233 0.37206593 0.37206588 0.37206587 0.37195067 0.37195063 0.37183543 0.37183539 0.37172019 0.37172015 0.37145775 0.3714577  0.3714577  0.3714433  0.37144325 0.37142885 0.3714288  0.3714144  0.37141436 0.37131036 0.37131031 0.37131012 0.37131008 0.37119488 0.37119484 0.37107964 0.37107961 0.37060601 0.370606   0.3706059  0.3705843  0.37053574 0.37051414 0.37046558 0.37044398 0.37039542 0.37037382 0.37032526 0.37030366 0.3702551  0.3701423  0.37014225 0.37014223 0.37012783 0.37012778 0.37011338 0.37011334 0.37000934 0.37000929 0.37000907 0.37000903 0.37       0.36989383 0.36989379 0.36977859 0.36977856 0.36950336 0.36950331 0.36950328 0.36938808 0.36938804 0.36927284 0.3692728  0.3691576  0.36915756 0.36875436 0.36875431 0.3687543  0.3686391  0.36863906 0.36852386 0.36852382 0.36810782 0.36810777 0.36810773 0.36809333 0.36809328 0.36801808 0.36801803 0.368018   0.3679028  0.36790277 0.36778757 0.36778753 0.36745793 0.36745788 0.36745787 0.36734267 0.36734263 0.36722743 0.36722739 0.36711219 0.36711215 0.36662255 0.3666225  0.36662249 0.36660809 0.36660804 0.36659364 0.36659359 0.36657919 0.36657914 0.36650394 0.36650389 0.36650386 0.36648946 0.36648942 0.36647502 0.36647497 0.36646057 0.36646052 0.36635652 0.36635647 0.36635643 0.36624123 0.36624119 0.36612599 0.36612596 0.36601076 0.36601072 0.36569072 0.36569067 0.36569046 0.36569043 0.36557523 0.36557519 0.36545999 0.36545995 0.36511115 0.36511114 0.36511108 0.365      0.36499588 0.36499584 0.36488064 0.3648806  0.3647654  0.36476537 0.36465017 0.36465013 0.36453493 0.36453489 0.36424369 0.36424367 0.36424359 0.36412839 0.36412835 0.36401315 0.36401311 0.36389791 0.36389787 0.36378267 0.36378263 0.36366743 0.36366739 0.36332179 0.36332178 0.36332168 0.36330008 0.36325152 0.36322992 0.36318136 0.36315976 0.3631112  0.3630896  0.36304104 0.36301944 0.36297088 0.36285808 0.36285803 0.36285802 0.36274282 0.36274279 0.36262759 0.36262755 0.36213795 0.3621379  0.36213789 0.36202269 0.36202265 0.36190745 0.36190741 0.36179221 0.36179217 0.36148817 0.36148812 0.36148811 0.36147371 0.36147366 0.36145926 0.36145921 0.36138401 0.36138396 0.36138395 0.36136955 0.3613695  0.3613551  0.36135505 0.36127985 0.3612798  0.3612798  0.3612654  0.36126535 0.36125095 0.3612509  0.3611469  0.36114685 0.36114684 0.36113244 0.36113222 0.36113219 0.36111779 0.36111757 0.36111753 0.36104233 0.36104228 0.36104227 0.36102787 0.36102782 0.36101342 0.36101337 0.36099897 0.36099893 0.36089493 0.36089488 0.36089487 0.36077967 0.36077964 0.36066444 0.3606644  0.36066435 0.36066433 0.36064993 0.36064988 0.36063548 0.36063543 0.36062103 0.36062098 0.36060658 0.36060653 0.36050253 0.36050247 0.36050244 0.36039844 0.36039842 0.36039834 0.36038394 0.36038389 0.36036949 0.36036944 0.36035504 0.36035499 0.36034059 0.36034055 0.36032615 0.3603261  0.3602221  0.36022209 0.36022201 0.36010681 0.36010677 0.36       0.35999157 0.35999154 0.35987634 0.3598763  0.3597611  0.35976106 0.35964586 0.35964582 0.35939302 0.35939301 0.35939291 0.35937131 0.35932275 0.35930115 0.35925259 0.35923099 0.35918243 0.35916083 0.35911227 0.35909067 0.35904211 0.35892931 0.35892926 0.35892924 0.35881404 0.358814   0.3586988  0.35869876 0.35858356 0.35858353 0.35818673 0.35818668 0.35818665 0.35817225 0.3581722  0.3581578  0.35815775 0.35808255 0.3580825  0.35808248 0.35806808 0.35806803 0.35805363 0.35805358 0.35794958 0.35794953 0.35794952 0.35793512 0.35793507 0.35792067 0.35792062 0.35784542 0.35784537 0.35784537 0.35783097 0.35783093 0.35781653 0.35781648 0.35780208 0.35780203 0.35769803 0.35769798 0.35769796 0.35768356 0.35768351 0.35766911 0.35766906 0.35765466 0.35765461 0.35755061 0.35755056 0.35755054 0.35753614 0.35753609 0.35752169 0.35752164 0.35741764 0.35741759 0.35741758 0.35740318 0.35740313 0.35738873 0.35738868 0.35731348 0.35731343 0.3573134  0.357299   0.35729895 0.35728455 0.3572845  0.3571805  0.35718049 0.35718041 0.35706521 0.35706517 0.35694997 0.35694993 0.35683473 0.35683469 0.35671949 0.35671945 0.35660425 0.35660422 0.35618182 0.3561818  0.35618172 0.35606652 0.35606648 0.35595128 0.35595124 0.35583604 0.35583601 0.35572081 0.35572077 0.35560557 0.35560553 0.35521513 0.35521512 0.35521502 0.35519342 0.35514486 0.35512326 0.3550747  0.3550531  0.35500454 0.355      0.35498294 0.35493438 0.35491278 0.35486422 0.35475142 0.35475137 0.35475136 0.35463616 0.35463615 0.35463611 0.35452091 0.35452091 0.35452089 0.35452084 0.35452079 0.35450639 0.35450634 0.35449194 0.35449189 0.35447749 0.35447744 0.35437344 0.35437339 0.35437338 0.35435898 0.35435893 0.35434453 0.35434448 0.35426928 0.35426923 0.35426902 0.35426898 0.35425458 0.35425437 0.35425433 0.35423993 0.35423971 0.35423967 0.35416447 0.35416371 0.35416362 0.35414922 0.35414917 0.35413477 0.35413472 0.35412032 0.35412031 0.35412026 0.35412025 0.35410585 0.3541058  0.3540914  0.35409135 0.35407695 0.35407691 0.35406251 0.35406246 0.35404806 0.35404801 0.35394401 0.35394396 0.35394393 0.35392953 0.35392948 0.35391508 0.35391503 0.35383983 0.35383978 0.35383968 0.35383963 0.35383953 0.35383946 0.35383936 0.35381776 0.3537692  0.3537476  0.35369904 0.35367744 0.35362888 0.35360728 0.35355872 0.35353712 0.35348856 0.35337576 0.35337571 0.35337569 0.35326049 0.35326045 0.35314525 0.35314521 0.35303001 0.35302997 0.35270677 0.35270672 0.35270672 0.35269232 0.35269227 0.35267787 0.35267782 0.35257382 0.35257377 0.35257374 0.35245854 0.3524585  0.3523433  0.35234326 0.35207126 0.35207121 0.3520712  0.351956   0.35195596 0.35184076 0.35184073 0.35154633 0.35154628 0.35154625 0.35143105 0.35143101 0.35131581 0.35131578 0.35084218 0.35084213 0.35084212 0.35072692 0.35072688 0.35061168 0.35061164 0.35011564 0.35011559 0.35011559 0.35010119 0.35010114 0.35008674 0.35008669 0.35       0.34998269 0.34998264 0.34998264 0.34986744 0.3498674  0.3497522  0.34975216 0.34949296 0.34949291 0.34949291 0.34947851 0.34947846 0.34946406 0.34946401 0.34938881 0.34938876 0.34938875 0.34937435 0.3493743  0.3493599  0.34935985 0.34928465 0.3492846  0.34928459 0.34927019 0.34927014 0.34925574 0.34925569 0.34918049 0.34918041 0.34918032 0.34907394 0.34905234 0.34900378 0.34898218 0.34893362 0.34891202 0.34886346 0.34884186 0.3487933  0.3487717  0.34872314 0.34861034 0.34861029 0.34861028 0.34849508 0.34849505 0.34837985 0.34837981 0.34837976 0.34837974 0.34836534 0.34836529 0.34835089 0.34835084 0.34833644 0.3483364  0.348322   0.34832195 0.34821795 0.3482179  0.34821789 0.34810269 0.34810265 0.34798745 0.34798741 0.34787221 0.34787217 0.34746897 0.34746892 0.34746886 0.34745446 0.34745441 0.34744001 0.34743996 0.34742556 0.34742551 0.34741111 0.34741106 0.34739666 0.34739661 0.34732141 0.34732136 0.34732136 0.34732131 0.34730691 0.34730686 0.34729246 0.34729241 0.34721721 0.34721716 0.34721715 0.34710195 0.34710191 0.34698671 0.34698667 0.34649707 0.34649702 0.34649701 0.34638181 0.34638177 0.34626657 0.34626654 0.34584414 0.34584409 0.34584405 0.34572885 0.34572881 0.34561361 0.34561357 0.34521357 0.34521352 0.3452135  0.3450983  0.34509826 0.345      0.34498306 0.34498302 0.34451902 0.34451897 0.34451897 0.34440377 0.34440373 0.34428853 0.34428849 0.34417329 0.34417325 0.34381805 0.34381801 0.343818   0.3437028  0.34370276 0.34358756 0.34358753 0.34347233 0.34347229 0.34335709 0.34335705 0.34305625 0.34305625 0.34305615 0.34303455 0.34298599 0.34296439 0.34291583 0.34289423 0.34284567 0.34282407 0.34277551 0.34275391 0.34270535 0.34259255 0.3425925  0.34259245 0.34257805 0.342578   0.3425636  0.34256356 0.34245956 0.34245951 0.34245948 0.34234428 0.34234424 0.34222904 0.342229   0.3421138  0.34211376 0.34171056 0.34171051 0.3417105  0.3415953  0.34159526 0.34148006 0.34148002 0.34102562 0.34102557 0.34102557 0.34101117 0.34101112 0.34099672 0.34099667 0.34092147 0.34092142 0.34092142 0.34090702 0.34090698 0.34089258 0.34089253 0.34081733 0.34081728 0.34081728 0.34070208 0.34070204 0.34058684 0.3405868  0.3404716  0.34047156 0.34014516 0.34014511 0.3401451  0.3400299  0.34002987 0.34       0.33991467 0.33991463 0.33966503 0.33966498 0.33966496 0.33965056 0.33965052 0.33963612 0.33963607 0.33962167 0.33962162 0.33954642 0.33954637 0.33954637 0.33943117 0.33943113 0.33931593 0.33931589 0.33931584 0.33931566 0.33931562 0.33920042 0.33920038 0.33908518 0.33908514 0.33859874 0.33859866 0.33859856 0.33857696 0.3385284  0.3385068  0.33845824 0.33843664 0.33838808 0.33836648 0.33831792 0.33829632 0.33824776 0.33813496 0.33813491 0.33813489 0.33801969 0.33801965 0.33790445 0.33790441 0.33743721 0.33743716 0.33743714 0.33742274 0.33742269 0.33740829 0.33740824 0.33739384 0.33739379 0.33728979 0.33728974 0.33728971 0.33717451 0.33717447 0.33705927 0.33705923 0.33694403 0.33694399 0.33665599 0.33665594 0.33665592 0.33654072 0.33654069 0.33642549 0.33642545 0.33631025 0.33631021 0.33606381 0.33606376 0.33606376 0.33604936 0.33604931 0.33603491 0.33603486 0.33593086 0.33593081 0.3359308  0.3359164  0.33591635 0.33590195 0.3359019  0.3358267  0.33582665 0.33582664 0.33581224 0.33581219 0.33579779 0.33579775 0.33572255 0.3357225  0.33572249 0.33560729 0.33560727 0.33559287 0.33559285 0.33547765 0.33547764 0.33546324 0.33546321 0.33513041 0.33513026 0.33501506 0.33501502 0.335      0.33489982 0.33489979 0.33489974 0.33489972 0.33488532 0.33488527 0.33487087 0.33487082 0.33485642 0.33485637 0.33484197 0.33484192 0.33482752 0.33482748 0.33472348 0.33472343 0.33472328 0.33472325 0.33460805 0.33460801 0.33456356 0.33456353 0.33456343 0.33454183 0.33449327 0.33447167 0.33442311 0.33440151 0.33435295 0.33433135 0.33428279 0.33426119 0.33421263 0.33409983 0.33409978 0.33409976 0.33398456 0.33398452 0.33386932 0.33386931 0.33386926 0.33386922 0.33385482 0.33385478 0.33384038 0.33384033 0.33382593 0.33382588 0.33381148 0.33381143 0.33370743 0.33370738 0.33370736 0.33359216 0.33359216 0.33359212 0.33347692 0.33347692 0.3334769  0.33347685 0.33347683 0.33346243 0.33346239 0.33344799 0.33344794 0.33343354 0.33343349 0.33341909 0.33341904 0.33331504 0.33331499 0.33331495 0.33330055 0.3333005  0.3332861  0.33328605 0.33321085 0.3332108  0.33321078 0.33319638 0.33319633 0.33318193 0.33318188 0.33310668 0.33310663 0.3331066  0.3330922  0.33309215 0.33307775 0.3330777  0.3330025  0.33300245 0.33300242 0.33288722 0.33288718 0.33277198 0.33277194 0.33265674 0.3326567  0.3322407  0.33224065 0.33224064 0.33212544 0.3321254  0.3320102  0.33201016 0.33168376 0.33168371 0.33168371 0.33156851 0.33156847 0.33145327 0.33145323 0.33105963 0.33105958 0.33105937 0.33105934 0.33094414 0.3309441  0.3308289  0.33082886 0.33071366 0.33071362 0.33045762 0.33045754 0.33045707 0.330457   0.3304354  0.33038684 0.33036524 0.33031668 0.33029508 0.33024652 0.33022492 0.33017636 0.33015476 0.3301062  0.33       0.3299934  0.32999335 0.32999331 0.32997891 0.32997886 0.32996446 0.32996441 0.32986041 0.32986036 0.32986034 0.32984594 0.32984589 0.32983149 0.32983144 0.32972744 0.32972739 0.32972738 0.32961218 0.32961214 0.32949694 0.3294969  0.3293817  0.32938167 0.32903607 0.32903602 0.32903599 0.32902159 0.32902154 0.32900714 0.32900709 0.32893189 0.32893184 0.32893181 0.32891741 0.32891736 0.32890296 0.32890291 0.32882771 0.32882766 0.32882766 0.32881326 0.32881321 0.32879881 0.32879876 0.32869476 0.32869471 0.32869467 0.32868027 0.32868022 0.32866582 0.32866577 0.32856177 0.32856172 0.3285617  0.3285473  0.32854725 0.32853285 0.3285328  0.3284288  0.32842875 0.32842874 0.32841434 0.3284143  0.3283999  0.32839985 0.32832465 0.3283246  0.32832457 0.32831017 0.32831012 0.32829572 0.32829568 0.32819168 0.32819163 0.32819161 0.32817721 0.32817716 0.32816276 0.32816271 0.32814831 0.32814826 0.32804426 0.32804425 0.32804419 0.32802979 0.32802974 0.32801534 0.32801529 0.32800089 0.32800084 0.32798644 0.32798639 0.32797199 0.32797195 0.32786795 0.32786793 0.32786783 0.32784623 0.32779767 0.32777607 0.32772751 0.32770591 0.32765735 0.32763575 0.32758719 0.32756559 0.32751703 0.32740423 0.32740418 0.32740397 0.32740393 0.32728873 0.32728869 0.32717349 0.32717346 0.32705826 0.32705822 0.32666462 0.32666457 0.32666456 0.32665016 0.32665012 0.32663572 0.32663567 0.32662127 0.32662122 0.32651722 0.32651717 0.32651717 0.32640197 0.32640193 0.32628673 0.32628669 0.32582589 0.32582584 0.32582583 0.32571063 0.32571059 0.32559539 0.32559535 0.32535215 0.3253521  0.3253521  0.3253377  0.32533765 0.32532325 0.3253232  0.325248   0.32524795 0.32524794 0.32523354 0.32523349 0.32521909 0.32521904 0.32511504 0.32511499 0.32511496 0.325      0.32499976 0.32499972 0.32488452 0.32488448 0.32459648 0.32459643 0.32459641 0.32458201 0.32458197 0.32456757 0.32456752 0.32449232 0.32449227 0.32449227 0.32449222 0.32447782 0.32447777 0.32446337 0.32446332 0.32435932 0.32435927 0.32435925 0.32434485 0.3243448  0.3243304  0.32433035 0.32431595 0.3243159  0.3242407  0.32424063 0.32424062 0.32412542 0.32412538 0.32379258 0.32379257 0.3237925  0.3236773  0.32367726 0.32356206 0.32356203 0.32344683 0.32344679 0.32333159 0.32333155 0.32321635 0.32321631 0.32282271 0.3228227  0.32282265 0.32270745 0.32270742 0.32259222 0.32259218 0.32247698 0.32247694 0.32236174 0.3223617  0.3222465  0.32224646 0.32175046 0.32175045 0.32175035 0.32172875 0.32168019 0.32165859 0.32161003 0.32158843 0.32153987 0.32151827 0.32146971 0.32144811 0.32139955 0.32128675 0.3212867  0.32128668 0.32127228 0.32127223 0.32125783 0.32125778 0.32115378 0.32115373 0.32115372 0.32113932 0.32113927 0.32112487 0.32112482 0.32104962 0.32104957 0.32104954 0.32103514 0.32103509 0.32102069 0.32102064 0.32091664 0.32091659 0.32091656 0.32080136 0.32080132 0.32068612 0.32068609 0.32024449 0.32024444 0.32024441 0.32023001 0.32022996 0.32021556 0.32021551 0.32014031 0.32014026 0.32014025 0.32012585 0.3201258  0.3201114  0.32011135 0.32000735 0.3200073  0.32000726 0.32       0.31999286 0.31999264 0.3199926  0.3199782  0.31997798 0.31997794 0.31990274 0.31990206 0.31990199 0.31988759 0.31988754 0.31987314 0.31987309 0.31985869 0.31985864 0.31984424 0.31984421 0.31984416 0.31984413 0.31982973 0.31982968 0.31981528 0.31981523 0.31980083 0.31980078 0.31969678 0.31969677 0.31969675 0.31958155 0.31958151 0.31946631 0.31946627 0.31935107 0.31935103 0.31923583 0.31923579 0.31912059 0.31912056 0.31868536 0.31868535 0.31868526 0.31863388 0.31861228 0.31856372 0.31854212 0.31849356 0.31847196 0.3184234  0.3184018  0.31835324 0.31833164 0.31828308 0.31817028 0.31817023 0.31817018 0.31806618 0.31806613 0.31806613 0.31806609 0.31795089 0.31795085 0.31783565 0.31783561 0.31772041 0.31772037 0.31733637 0.31733632 0.31733631 0.31722111 0.31722107 0.31710587 0.31710583 0.31679543 0.31679538 0.31679538 0.31678098 0.31678093 0.31676653 0.31676648 0.31675208 0.31675203 0.31667683 0.31667678 0.31667678 0.31666238 0.31666234 0.31664794 0.31664789 0.31657269 0.31657264 0.31657263 0.31655823 0.31655818 0.31654378 0.31654373 0.31643973 0.31643968 0.31643948 0.31643944 0.31632424 0.3163242  0.316209   0.31620896 0.31609376 0.31609372 0.31560412 0.31560407 0.31560405 0.31548885 0.31548881 0.31537361 0.31537357 0.31504077 0.31504072 0.31504071 0.315      0.31492551 0.31492547 0.31481027 0.31481023 0.31469503 0.31469499 0.31425019 0.31425014 0.31425013 0.31423573 0.31423568 0.31422128 0.31422123 0.31414603 0.31414598 0.31414596 0.31403076 0.31403072 0.31377472 0.31377471 0.31377461 0.31375301 0.31370445 0.31368285 0.31363429 0.31361269 0.31356413 0.31354253 0.31349397 0.31347237 0.31342381 0.31331101 0.31331096 0.31331096 0.31329656 0.31329651 0.31328211 0.31328206 0.31317806 0.31317801 0.31317799 0.31316359 0.31316354 0.31314914 0.3131491  0.3130451  0.31304505 0.31304503 0.31303063 0.31303058 0.31301618 0.31301613 0.31291213 0.31291208 0.31291205 0.31279685 0.31279681 0.31268161 0.31268157 0.31238717 0.31238712 0.3123871  0.3123727  0.31237265 0.31235825 0.3123582  0.312283   0.31228295 0.31228295 0.31216775 0.31216771 0.31205251 0.31205247 0.31158207 0.31158202 0.31158201 0.31156761 0.31156757 0.31155317 0.31155312 0.31153872 0.31153867 0.31146347 0.31146342 0.31146341 0.31144901 0.31144896 0.31143456 0.31143451 0.31142011 0.31142006 0.31134486 0.31134481 0.31134481 0.31133041 0.31133036 0.31131596 0.31131591 0.31121191 0.31121186 0.3112118  0.31121176 0.31109656 0.31109652 0.31098132 0.31098128 0.31050768 0.31050763 0.31050758 0.31050755 0.31039235 0.31039231 0.31027711 0.31027707 0.31016187 0.31016183 0.31       0.30976823 0.30976821 0.30976818 0.30965298 0.30965294 0.30953774 0.3095377  0.3094225  0.30942246 0.30930726 0.30930722 0.30919202 0.30919198 0.30884958 0.30884957 0.30884953 0.30873433 0.30873429 0.30861909 0.30861905 0.30850385 0.30850381 0.30838861 0.30838857 0.30827337 0.30827333 0.30785413 0.30785412 0.30785403 0.30778044 0.30775884 0.30771028 0.30768868 0.30764012 0.30761852 0.30756996 0.30754836 0.3074998  0.3074782  0.30742964 0.30731684 0.30731679 0.30731678 0.30730238 0.30730233 0.30728793 0.30728788 0.30727348 0.30727343 0.30716943 0.30716938 0.30716929 0.30716925 0.30705405 0.30705401 0.30693881 0.30693878 0.30645558 0.30645553 0.30645548 0.30644108 0.30644103 0.30642663 0.30642658 0.30635138 0.30635133 0.30635133 0.30633693 0.30633692 0.30633687 0.30632247 0.30632247 0.30632243 0.30630803 0.30630802 0.30629362 0.30629361 0.30629358 0.30627918 0.30627917 0.30620397 0.3062039  0.30620387 0.30618947 0.30618943 0.30617503 0.30617498 0.30616058 0.30616053 0.30608533 0.30608528 0.30608525 0.30607085 0.3060708  0.3060564  0.30605635 0.30595235 0.3059523  0.30595226 0.30593786 0.30593782 0.30592342 0.30592337 0.30581937 0.30581932 0.30581928 0.30570408 0.30570404 0.30558884 0.30558881 0.30518561 0.30518556 0.30518552 0.30507032 0.30507028 0.305      0.30495508 0.30495504 0.30483984 0.30483981 0.30445261 0.30445259 0.30445249 0.30443775 0.30441615 0.30436759 0.30434599 0.30429743 0.30427583 0.30422727 0.30420567 0.30415711 0.30413551 0.30408695 0.30397415 0.3039741  0.3039741  0.3038701  0.30387005 0.30386997 0.30386994 0.30375474 0.3037547  0.30367576 0.30367571 0.30367569 0.30366129 0.30366124 0.30364684 0.30364679 0.30363239 0.30363234 0.30361794 0.3036179  0.3035139  0.30351385 0.30351383 0.30339863 0.30339859 0.30328339 0.30328335 0.30316815 0.30316811 0.30283531 0.30283526 0.30283525 0.30282085 0.3028208  0.3028064  0.30280635 0.30279195 0.3027919  0.3026879  0.30268785 0.30268783 0.30267343 0.30267338 0.30265898 0.30265893 0.30255493 0.30255488 0.30255487 0.30254047 0.30254042 0.30252602 0.30252597 0.30245077 0.30245072 0.30245072 0.30243632 0.30243627 0.30242187 0.30242182 0.30231782 0.30231777 0.30231777 0.30230337 0.30230332 0.30228892 0.30228887 0.30221367 0.30221362 0.3022136  0.3021992  0.30219915 0.30218475 0.30218471 0.30210951 0.30210946 0.30210944 0.30199424 0.3019942  0.301879   0.30187896 0.30176376 0.30176372 0.30144372 0.30144367 0.30144357 0.30144353 0.30144349 0.30142909 0.30142904 0.30141464 0.30141459 0.30140019 0.30140014 0.30138574 0.30138569 0.30137129 0.30137125 0.30126725 0.30126723 0.30126713 0.30124553 0.30119697 0.30117537 0.30112681 0.30110521 0.30105665 0.30103505 0.30098649 0.30096489 0.30091633 0.30080353 0.30080348 0.30080339 0.3007481  0.30074805 0.3007472  0.30074714 0.30074709 0.30074708 0.30063188 0.30063184 0.30025424 0.30025419 0.30025418 0.30023978 0.30023976 0.30023974 0.30012454 0.30012452 0.30011012 0.3001101  0.30011008 0.3        0.29999488 0.29999486 0.29998046 0.29998044 0.29998042 0.29986522 0.29986521 0.29979001 0.29978996 0.29978995 0.29977555 0.2997755  0.2997611  0.29976106 0.29974666 0.29974661 0.29964261 0.29964256 0.29964253 0.29952733 0.2995273  0.2994121  0.29941206 0.29911766 0.29911761 0.29911759 0.29910319 0.29910314 0.29908874 0.29908869 0.29901349 0.29901344 0.29901344 0.29889824 0.2988982  0.298783   0.29878296 0.29833496 0.29833491 0.29833489 0.29821969 0.29821965 0.29810445 0.29810441 0.29798921 0.29798917 0.29767877 0.29767872 0.2976787  0.2976643  0.29766425 0.29764985 0.2976498  0.2975458  0.2975457  0.29754565 0.29743045 0.29743041 0.29731521 0.29731517 0.29719997 0.29719993 0.29708473 0.29708469 0.29696949 0.29696945 0.29656945 0.29656944 0.29656934 0.29654774 0.29649918 0.29647758 0.29642902 0.29640742 0.29635886 0.29633726 0.2962887  0.2962671  0.29621854 0.29610574 0.29610574 0.29610569 0.29610569 0.29609129 0.29609124 0.29607684 0.2960768  0.2959728  0.29597275 0.29597271 0.29585751 0.29585747 0.29574227 0.29574223 0.29542863 0.29542858 0.29542857 0.29541417 0.29541412 0.29539972 0.29539968 0.29538528 0.29538523 0.29531003 0.29530998 0.29530996 0.29529556 0.29529551 0.29528111 0.29528106 0.29526666 0.29526661 0.29516261 0.29516256 0.29516256 0.29504736 0.29504732 0.295      0.29493212 0.29493208 0.29493203 0.29493199 0.29491759 0.29491754 0.29490314 0.2949031  0.2948887  0.29488865 0.29487425 0.2948742  0.2947702  0.29477015 0.29477014 0.29465494 0.2946549  0.2945397  0.29453966 0.29442446 0.29442443 0.29418123 0.29418118 0.29418115 0.29406595 0.29406591 0.29395071 0.29395067 0.29383547 0.29383543 0.29356663 0.29356658 0.29356658 0.29345138 0.29345134 0.29333614 0.29333611 0.29322091 0.29322087 0.29279527 0.29279522 0.29279521 0.29279517 0.29267997 0.29267993 0.29256473 0.29256469 0.29209109 0.29209108 0.29209103 0.29207663 0.29207659 0.29206219 0.29206214 0.29204774 0.29204769 0.29203329 0.29203324 0.29201884 0.29201879 0.29191479 0.29191477 0.29191472 0.29190032 0.29190011 0.29190008 0.29188568 0.29188547 0.29188543 0.29187103 0.29187083 0.29187079 0.29185639 0.29185619 0.29185615 0.29184175 0.29184155 0.29184151 0.29173751 0.2917375  0.2917374  0.2917158  0.29166724 0.29164564 0.29159708 0.29157548 0.29152692 0.29150532 0.29145676 0.29143516 0.2913866  0.2912738  0.29127375 0.29127373 0.29115853 0.29115849 0.29104329 0.29104325 0.29092805 0.29092801 0.29064001 0.29063996 0.29063996 0.29052476 0.29052472 0.29040952 0.29040948 0.29029428 0.29029424 0.29       0.28998384 0.28998379 0.28998376 0.28996936 0.28996931 0.28995491 0.28995487 0.28987967 0.28987962 0.2898796  0.2897644  0.28976436 0.28964916 0.28964913 0.28953393 0.28953389 0.28906349 0.28906344 0.28906343 0.28904903 0.28904898 0.28903458 0.28903453 0.28895933 0.28895928 0.28895927 0.28884407 0.28884403 0.28872883 0.28872879 0.28847279 0.28847274 0.28847272 0.28835752 0.28835749 0.28824229 0.28824225 0.28812705 0.28812701 0.28773021 0.28773016 0.28773015 0.28771575 0.2877157  0.2877013  0.28770125 0.28759725 0.2875972  0.28759717 0.28758277 0.28758272 0.28756832 0.28756827 0.28755387 0.28755383 0.28744983 0.28744982 0.28744972 0.28742812 0.28737956 0.28735796 0.2873094  0.2872878  0.28723924 0.28721764 0.28716908 0.28714748 0.28709892 0.28698612 0.28698607 0.28698606 0.28697166 0.28697161 0.28695721 0.28695716 0.28694276 0.28694271 0.28683871 0.28683866 0.28683866 0.28682426 0.28682421 0.28680981 0.28680976 0.28670576 0.28670571 0.2867057  0.2866913  0.28669125 0.28667685 0.2866768  0.2865728  0.28657275 0.28657274 0.28645754 0.2864575  0.2863423  0.28634226 0.28597426 0.28597421 0.28597421 0.28595981 0.28595976 0.28594536 0.28594531 0.28587011 0.28587006 0.28587005 0.28585565 0.28585561 0.28584121 0.28584116 0.28576596 0.28576591 0.28576588 0.28575148 0.28575143 0.28573703 0.28573698 0.28566178 0.28566173 0.2856617  0.28566166 0.28554646 0.28554642 0.28543122 0.28543118 0.28515598 0.28515593 0.2851557  0.28515566 0.28504046 0.28504043 0.285      0.28492523 0.28492519 0.28480999 0.28480995 0.28446755 0.2844675  0.28446748 0.28435228 0.28435224 0.28423704 0.284237   0.2841218  0.28412176 0.28367376 0.28367371 0.28367369 0.28367365 0.28355845 0.28355841 0.28344321 0.28344317 0.28308797 0.28308796 0.28308789 0.28297269 0.28297265 0.28285745 0.28285741 0.28274221 0.28274217 0.28262697 0.28262693 0.28251173 0.28251169 0.28223329 0.28223328 0.28223318 0.28221158 0.28216302 0.28214142 0.28209286 0.28207126 0.2820227  0.2820011  0.28195254 0.28193094 0.28188238 0.28176958 0.28176953 0.28176953 0.28165433 0.28165429 0.28153909 0.28153906 0.28142386 0.28142382 0.28113902 0.28113897 0.28113881 0.28113878 0.28102358 0.28102354 0.28090834 0.2809083  0.2806619  0.28066185 0.2806618  0.2806474  0.28064735 0.28063295 0.28063291 0.28052891 0.28052886 0.28052883 0.28051443 0.28051438 0.28049998 0.28049994 0.28039594 0.28039589 0.28039588 0.28038148 0.28038143 0.28036703 0.28036698 0.28026298 0.28026293 0.28026293 0.28024853 0.28024848 0.28023408 0.28023403 0.28013003 0.28012998 0.28012995 0.28011555 0.2801155  0.2801011  0.28010106 0.28002586 0.28002581 0.28002579 0.28001139 0.28001134 0.28       0.27999694 0.27999689 0.27992169 0.27992164 0.27992164 0.27990724 0.27990719 0.27989279 0.27989274 0.27981754 0.27981749 0.27981746 0.27970226 0.27970222 0.27958702 0.27958701 0.2795869  0.2795868  0.2795652  0.27951664 0.27949504 0.27944648 0.27942488 0.27937632 0.27935472 0.27930616 0.27928456 0.279236   0.2791232  0.27912315 0.27912312 0.27900792 0.27900788 0.27889268 0.27889264 0.27852144 0.27852139 0.27852122 0.27852118 0.27840598 0.27840594 0.27837635 0.2783763  0.27837623 0.27826103 0.27826099 0.27814579 0.27814576 0.27803056 0.27803052 0.27791532 0.27791528 0.27780008 0.27780004 0.27735524 0.27735519 0.27735518 0.27734078 0.27734073 0.27732633 0.27732628 0.27722228 0.27722223 0.27722219 0.27720779 0.27720774 0.27719334 0.27719329 0.27711809 0.27711804 0.27711803 0.27700283 0.27700279 0.27688759 0.27688755 0.27658675 0.2765867  0.27658669 0.27657229 0.27657224 0.27655784 0.27655779 0.27648259 0.27648254 0.27648235 0.27648234 0.27646794 0.27646792 0.27646789 0.27635269 0.27635268 0.27633828 0.27633826 0.27633823 0.27622303 0.27622302 0.27614782 0.27614774 0.27614772 0.27583092 0.27583087 0.27583085 0.27571565 0.27571561 0.27560041 0.27560037 0.27548517 0.27548514 0.27520994 0.27520989 0.27520987 0.27509467 0.27509463 0.275      0.27497943 0.2749794  0.2748642  0.27486416 0.27461776 0.27461765 0.27461759 0.27460319 0.27460314 0.27458874 0.27458869 0.27457429 0.27457424 0.27455984 0.27455979 0.27454539 0.27454535 0.27444135 0.27444134 0.27444125 0.27437334 0.27435174 0.27430318 0.27428158 0.27423302 0.27421142 0.27416286 0.27414126 0.2740927  0.2740711  0.27402254 0.27390974 0.27390969 0.27390968 0.27379448 0.27379444 0.27367924 0.2736792  0.273564   0.27356397 0.27344877 0.27344873 0.27320873 0.27320868 0.27320864 0.27309344 0.2730934  0.2729782  0.27297817 0.27269977 0.27269972 0.27269971 0.27268531 0.27268526 0.27267086 0.27267081 0.27256681 0.27256676 0.27256676 0.27255236 0.27255231 0.27253791 0.27253786 0.27246266 0.27246261 0.27246258 0.27244818 0.27244798 0.27244794 0.27243354 0.27243333 0.2724333  0.2724189  0.27241869 0.27241865 0.27234345 0.27234298 0.27234284 0.27232844 0.27232841 0.27232836 0.27232827 0.27225396 0.27225391 0.27225331 0.27225324 0.27225319 0.27225317 0.27213797 0.27213793 0.27175713 0.27175708 0.27175706 0.27164186 0.27164182 0.27152662 0.27152658 0.27141138 0.27141134 0.27101774 0.27101766 0.27101756 0.27099596 0.2709474  0.2709258  0.27087724 0.27085564 0.27080708 0.27078548 0.27073692 0.27071532 0.27066676 0.27055396 0.27055391 0.27055388 0.27053948 0.27053943 0.27052503 0.27052498 0.27051058 0.27051053 0.27040653 0.27040648 0.27040648 0.27039208 0.27039203 0.27037763 0.27037758 0.27027358 0.27027353 0.27027352 0.27015832 0.27015828 0.27004308 0.27004304 0.27       0.26968144 0.26968139 0.26968138 0.26966698 0.26966693 0.26965253 0.26965249 0.26963809 0.26963804 0.26956284 0.26956279 0.26956278 0.26944758 0.26944754 0.26933234 0.2693323  0.2690219  0.26902185 0.26902181 0.26900741 0.26900736 0.26899296 0.26899292 0.26888892 0.26888887 0.26888883 0.26887443 0.26887438 0.26885998 0.26885993 0.26878473 0.26878468 0.26878466 0.26877026 0.26877021 0.26875581 0.26875576 0.26868056 0.26868051 0.26868051 0.26866611 0.26866606 0.26865166 0.26865161 0.26863721 0.26863717 0.26853317 0.26853312 0.2685331  0.2684179  0.26841786 0.26830266 0.26830262 0.26788022 0.26788017 0.26788014 0.26776494 0.2677649  0.2676497  0.26764967 0.26721447 0.26721446 0.26721436 0.26719276 0.2671442  0.2671226  0.26707404 0.26705244 0.26700388 0.26698228 0.26693372 0.26691212 0.26686356 0.26675076 0.26675071 0.26675067 0.26673627 0.26673622 0.26672182 0.26672177 0.26661777 0.26661772 0.26661771 0.26650251 0.26650247 0.26638727 0.26638723 0.26601603 0.26601598 0.26601595 0.26590075 0.26590071 0.26578551 0.26578547 0.26547187 0.26547182 0.26547181 0.26545741 0.26545737 0.26544297 0.26544292 0.26533892 0.26533887 0.26533884 0.26532444 0.26532439 0.26530999 0.26530994 0.26523474 0.26523469 0.26523468 0.26522028 0.26522023 0.26520583 0.26520578 0.26513058 0.26513053 0.26513053 0.26501533 0.26501529 0.265      0.26490009 0.26490005 0.26445205 0.264452   0.26445196 0.26443756 0.26443751 0.26442311 0.26442306 0.26440866 0.26440861 0.26433341 0.26433336 0.26433335 0.26431895 0.2643189  0.2643045  0.26430445 0.26420045 0.2642004  0.26420036 0.26408516 0.26408512 0.26396992 0.26396989 0.26360509 0.26360504 0.26360503 0.26348983 0.26348979 0.26337459 0.26337455 0.26296815 0.26296811 0.26296808 0.26285288 0.26285284 0.26273764 0.26273764 0.26271604 0.26266748 0.26264588 0.26259732 0.26257572 0.26252716 0.26250556 0.262457   0.2624354  0.26238684 0.26227404 0.26227399 0.26227398 0.26215878 0.26215874 0.26204354 0.2620435  0.2619283  0.26192826 0.26148986 0.26148981 0.26148978 0.26137458 0.26137454 0.26125934 0.2612593  0.2608849  0.26088485 0.26088485 0.26076965 0.26076961 0.26065441 0.26065437 0.26018717 0.26018712 0.2601871  0.2601727  0.26017265 0.26015825 0.2601582  0.2600542  0.26005415 0.26005413 0.26005409 0.26       0.25993889 0.25993886 0.25982366 0.25982362 0.25941082 0.25941077 0.25941075 0.25939635 0.2593963  0.2593819  0.25938185 0.25936745 0.2593674  0.2592922  0.25929215 0.25929213 0.25927773 0.25927768 0.25926328 0.25926323 0.25918803 0.25918798 0.25918798 0.25907278 0.25907274 0.25895754 0.2589575  0.2586375  0.25863745 0.25863745 0.25862305 0.258623   0.2586086  0.25860855 0.25853335 0.2585333  0.25853329 0.25841809 0.25841805 0.25830285 0.25830281 0.25818761 0.25818757 0.25786117 0.25786112 0.25786111 0.25774591 0.25774587 0.25763067 0.25763063 0.25738103 0.25738101 0.257381   0.2573666  0.25736655 0.25735215 0.2573521  0.2573377  0.25733765 0.25732325 0.25732321 0.25721921 0.2572192  0.25721911 0.25710391 0.25710388 0.25698868 0.25698864 0.25687344 0.2568734  0.2567582  0.25675816 0.25664296 0.25664292 0.25623332 0.25623332 0.25623322 0.25621162 0.25616306 0.25614146 0.2560929  0.2560713  0.25602274 0.25600114 0.25595258 0.25593098 0.25588242 0.25576962 0.25576957 0.25576956 0.25575516 0.25575511 0.25574071 0.25574067 0.25563667 0.25563662 0.25563659 0.25562219 0.25562214 0.25560774 0.25560769 0.25550369 0.25550364 0.25550363 0.25548923 0.25548918 0.25547478 0.25547473 0.25546033 0.25546028 0.25538508 0.25538503 0.25538499 0.25537059 0.25537054 0.25535614 0.25535609 0.25534169 0.25534164 0.25523764 0.25523759 0.25523758 0.25522318 0.25522313 0.25520873 0.25520868 0.25513348 0.25513343 0.25513342 0.25511902 0.25511897 0.25510457 0.25510452 0.25509012 0.25509007 0.255      0.25498607 0.25498602 0.254986   0.2549716  0.25497156 0.25495716 0.25495711 0.25485311 0.25485306 0.25485306 0.25485305 0.25483865 0.25483862 0.25472342 0.25472341 0.25470901 0.25470898 0.25459378 0.25459377 0.25457937 0.25457934 0.25408334 0.25408324 0.25396804 0.253968   0.2538528  0.2538528  0.25385275 0.25385266 0.25383826 0.25383821 0.25382381 0.25382376 0.25380936 0.25380931 0.25379491 0.25379487 0.25378047 0.25378042 0.25367642 0.25367641 0.25367632 0.25362528 0.25360368 0.25355512 0.25353352 0.25348496 0.25346336 0.2534148  0.2533932  0.25334464 0.25332304 0.25327448 0.25316168 0.25316163 0.25316163 0.25304643 0.25304639 0.25293119 0.25293115 0.25281595 0.25281591 0.25247991 0.25247986 0.25247983 0.25236463 0.25236459 0.25224939 0.25224935 0.25200935 0.2520093  0.25200929 0.25189409 0.25189405 0.25177885 0.25177881 0.25166361 0.25166357 0.25128277 0.25128272 0.2512827  0.2511675  0.25116746 0.25105226 0.25105222 0.25093702 0.25093699 0.25050179 0.25050174 0.25050171 0.25048731 0.25048726 0.25038326 0.25038321 0.25038321 0.25036881 0.25036876 0.25035436 0.25035431 0.25027911 0.25027906 0.25027905 0.25016385 0.25016382 0.25004862 0.25004858 0.25       0.24978938 0.24978933 0.24978933 0.24977493 0.24977488 0.24976048 0.24976043 0.24968523 0.24968518 0.2496851  0.2496707  0.24967065 0.24967065 0.24965625 0.24965622 0.24954102 0.24954101 0.24952661 0.24952658 0.24941138 0.24941137 0.24939697 0.24939694 0.24901614 0.24901597 0.24901592 0.24901592 0.24891192 0.24891187 0.24891187 0.24889747 0.24889742 0.24888302 0.24888297 0.24886857 0.24886852 0.24876452 0.24876443 0.24876441 0.24864921 0.24864917 0.24853397 0.24853394 0.24841874 0.2484187  0.2483035  0.24830346 0.24818826 0.24818822 0.24789062 0.24789062 0.24789052 0.24786892 0.24782036 0.24779876 0.2477502  0.2477286  0.24768004 0.24765844 0.24760988 0.24758828 0.24753972 0.24742692 0.24742687 0.24742685 0.24731165 0.24731161 0.24719641 0.24719637 0.24708117 0.24708114 0.24674834 0.24674829 0.24674827 0.24673387 0.24673383 0.24671943 0.24671938 0.24661538 0.24661533 0.24661528 0.24660088 0.24660083 0.24658643 0.24658638 0.24651118 0.24651113 0.24651111 0.24649671 0.24649669 0.24649664 0.24648224 0.24648222 0.24648217 0.24637817 0.24637812 0.24637811 0.24626291 0.24626287 0.24614767 0.24614763 0.24603243 0.24603239 0.24575719 0.24575714 0.24575705 0.24575701 0.24564181 0.24564178 0.24557059 0.24557054 0.24557051 0.24545531 0.24545527 0.24534007 0.24534003 0.24522483 0.24522479 0.24510959 0.24510956 0.245      0.24470956 0.24470951 0.24470947 0.24469507 0.24469502 0.24468062 0.24468057 0.24460537 0.24460532 0.24460528 0.24459088 0.24459083 0.24448683 0.24448678 0.24448676 0.24437156 0.24437152 0.24425632 0.24425628 0.24414108 0.24414104 0.24370904 0.24370902 0.243709   0.2435938  0.24359376 0.24347856 0.24347852 0.24336332 0.24336329 0.24324809 0.24324805 0.24313285 0.24313281 0.24265281 0.24265279 0.24265272 0.24253752 0.24253748 0.24242228 0.24242224 0.24230704 0.242307   0.2421918  0.24219176 0.24207656 0.24207652 0.24174372 0.24174372 0.24174362 0.24172202 0.24167346 0.24165186 0.2416033  0.2415817  0.24153314 0.24151154 0.24146298 0.24144138 0.24139282 0.24128002 0.24127997 0.24127994 0.24126554 0.24126549 0.24125109 0.24125104 0.24123664 0.24123659 0.24113259 0.24113254 0.24113252 0.24111812 0.24111807 0.24110367 0.24110362 0.24102842 0.24102837 0.24102836 0.24091316 0.24091312 0.24079792 0.24079788 0.24035628 0.24035623 0.24035623 0.24034183 0.24034178 0.24032738 0.24032734 0.24025214 0.24025209 0.24025208 0.24013688 0.24013684 0.24002164 0.2400216  0.24       0.2399064  0.23990637 0.23958317 0.23958312 0.2395831  0.2395687  0.23956865 0.23955425 0.2395542  0.239479   0.23947895 0.23947894 0.23936374 0.2393637  0.2392485  0.23924846 0.23877486 0.23877481 0.23877478 0.23865958 0.23865955 0.23854435 0.23854431 0.23842911 0.23842907 0.23800987 0.23800982 0.23800981 0.23789461 0.23789457 0.23777937 0.23777933 0.23742733 0.23742732 0.23742723 0.2373527  0.2373311  0.23728254 0.23726094 0.23721238 0.23719078 0.23714222 0.23712062 0.23707206 0.23705046 0.2370019  0.2368891  0.23688905 0.23688895 0.2368889  0.23688886 0.23678486 0.23678481 0.2367848  0.2366696  0.23666957 0.23655437 0.23655433 0.23609993 0.23609988 0.23609987 0.23608547 0.23608542 0.23607102 0.23607098 0.23596698 0.23596693 0.23596688 0.23595248 0.23595243 0.23593803 0.23593799 0.23586279 0.23586274 0.23586271 0.23584831 0.23584826 0.23583386 0.23583381 0.23572981 0.23572976 0.23572973 0.23561453 0.23561449 0.23549929 0.23549925 0.23514405 0.235144   0.23514398 0.23512958 0.23512953 0.23511513 0.23511508 0.23503988 0.23503983 0.23503981 0.235      0.23492461 0.23492457 0.23480937 0.23480934 0.23437094 0.23437089 0.23437086 0.23425566 0.23425562 0.23414042 0.23414038 0.23402518 0.23402514 0.23358674 0.23358669 0.23358669 0.23347149 0.23347145 0.23335625 0.23335621 0.23324101 0.23324097 0.23275457 0.23275452 0.23275451 0.23263931 0.23263927 0.23252407 0.23252403 0.23221683 0.23221682 0.23221673 0.23220449 0.23218289 0.23213433 0.23211273 0.23206417 0.23204257 0.23199401 0.23197241 0.23192385 0.23190225 0.23185369 0.23174089 0.23174084 0.23174083 0.23162563 0.23162559 0.23151039 0.23151035 0.23102075 0.2310207  0.23102067 0.23090547 0.23090543 0.23079023 0.23079019 0.23067499 0.23067495 0.23035175 0.2303517  0.23035152 0.23035148 0.23023628 0.23023624 0.23012104 0.230121   0.2300058  0.23000576 0.23       0.22963456 0.22963451 0.22963451 0.22962011 0.22962006 0.22960566 0.22960561 0.22953041 0.22953036 0.22953035 0.22951595 0.22951591 0.22950151 0.22950146 0.22942626 0.22942621 0.2294262  0.2294118  0.22941175 0.22939735 0.2293973  0.2292933  0.22929325 0.22929323 0.22927883 0.22927878 0.22926438 0.22926433 0.22916033 0.22916028 0.22916027 0.22914587 0.22914582 0.22913142 0.22913137 0.22905617 0.22905612 0.22905612 0.22904172 0.22904167 0.22902727 0.22902722 0.22892322 0.22892317 0.22892317 0.22890877 0.22890872 0.22889432 0.22889427 0.22887987 0.22887982 0.22877582 0.22877577 0.22877574 0.22866054 0.2286605  0.2285453  0.22854526 0.22816126 0.22816125 0.22816119 0.22804599 0.22804596 0.22793076 0.22793072 0.22781552 0.22781548 0.22770028 0.22770024 0.22758504 0.227585   0.2272906  0.22729059 0.22729049 0.22726889 0.22722033 0.22719873 0.22715017 0.22712857 0.22708001 0.22705841 0.22700985 0.22698825 0.22693969 0.22682689 0.22682684 0.22682682 0.22681242 0.22681237 0.22679797 0.22679792 0.22669392 0.22669387 0.22669387 0.22657867 0.22657864 0.22646344 0.2264634  0.2263482  0.22634816 0.22607936 0.22607931 0.22607929 0.22606489 0.22606485 0.22605045 0.2260504  0.2259464  0.22594635 0.22594632 0.22593192 0.22593187 0.22591747 0.22591742 0.22584222 0.22584217 0.22584217 0.22572697 0.22572693 0.22561173 0.2256117  0.22561165 0.22561163 0.22559723 0.22559718 0.22558278 0.22558273 0.22556833 0.22556828 0.22555388 0.22555383 0.22544983 0.22544978 0.22544978 0.22543538 0.22543533 0.22542093 0.22542088 0.22531688 0.22531683 0.22531682 0.22520162 0.22520158 0.22508638 0.22508634 0.225      0.22461914 0.22461909 0.22461906 0.22460466 0.22460461 0.22459021 0.22459016 0.22451496 0.22451491 0.2245149  0.2245005  0.22450045 0.22448605 0.224486   0.224382   0.22438187 0.22438187 0.22426667 0.22426663 0.22415143 0.22415139 0.22403619 0.22403615 0.22367775 0.22367773 0.22367771 0.22366331 0.22366326 0.22364886 0.22364882 0.22363442 0.22363437 0.22361997 0.22361992 0.22360552 0.22360547 0.22350147 0.22350146 0.22350137 0.22338617 0.22338614 0.22327094 0.2232709  0.2231557  0.22315566 0.22304046 0.22304042 0.22292522 0.22292518 0.22242918 0.22242916 0.22242915 0.22231395 0.22231391 0.22219871 0.22219867 0.22208347 0.22208343 0.22196823 0.22196819 0.22185299 0.22185295 0.22151375 0.22151374 0.22151365 0.22143036 0.22140876 0.2213602  0.2213386  0.22129004 0.22126844 0.22121988 0.22119828 0.22114972 0.22112812 0.22107956 0.22096676 0.22096671 0.22096668 0.22085148 0.22085144 0.22073624 0.2207362  0.2204418  0.22044175 0.22044173 0.22032653 0.22032649 0.22021129 0.22021126 0.22009606 0.22009602 0.22       0.21981762 0.21981757 0.21981739 0.21981735 0.21970215 0.21970211 0.21958691 0.21958687 0.21947167 0.21947163 0.21919963 0.21919958 0.21919956 0.21908436 0.21908432 0.21896912 0.21896908 0.21870988 0.21870983 0.21870982 0.21869542 0.21869537 0.21868097 0.21868093 0.21860573 0.21860568 0.21860567 0.21859127 0.21859123 0.21857683 0.21857678 0.21856238 0.21856233 0.21845833 0.21845819 0.21845816 0.21834296 0.21834292 0.21822772 0.21822768 0.21787248 0.21787248 0.21787238 0.21785078 0.21780222 0.21778062 0.21773206 0.21771046 0.2176619  0.2176403  0.21759174 0.21757014 0.21752158 0.21740878 0.21740873 0.21740871 0.21739431 0.21739426 0.21737986 0.21737981 0.21727581 0.21727576 0.21727576 0.21716056 0.21716053 0.21704533 0.21704529 0.21693009 0.21693005 0.21654925 0.2165492  0.21654899 0.21654895 0.21643375 0.21643371 0.21631851 0.21631847 0.21595687 0.21595682 0.21595681 0.21594241 0.21594236 0.21592796 0.21592791 0.21585271 0.21585266 0.21585263 0.21573743 0.2157374  0.2156222  0.21562216 0.21513896 0.21513891 0.2151389  0.2150237  0.21502366 0.215      0.21490846 0.21490842 0.21455002 0.21454997 0.21454993 0.21453553 0.21453548 0.21443148 0.21443143 0.21443142 0.21441702 0.21441697 0.21440257 0.21440252 0.21432732 0.21432727 0.21432726 0.21421206 0.21421202 0.21409682 0.21409679 0.21374159 0.21374154 0.2137415  0.2136263  0.21362626 0.21351106 0.21351102 0.21312062 0.21312055 0.21312033 0.2131203  0.2128803  0.21288028 0.21288027 0.21286587 0.21286582 0.21285142 0.21285137 0.21283697 0.21283692 0.21282252 0.21282247 0.21280807 0.21280802 0.21270402 0.212704   0.21270394 0.21258874 0.2125887  0.2124735  0.21247347 0.21235827 0.21235823 0.21224303 0.21224299 0.21212779 0.21212775 0.21174695 0.21174694 0.21174684 0.21172524 0.21167668 0.21165508 0.21160652 0.21158492 0.21153636 0.21151476 0.2114662  0.2114446  0.21139604 0.21128324 0.21128319 0.21128311 0.21128307 0.21126867 0.21126844 0.21126841 0.21125401 0.21125378 0.21125374 0.21114974 0.21114969 0.21114967 0.21113527 0.21113522 0.21112082 0.21112077 0.21104557 0.21104552 0.21104551 0.21103111 0.21103089 0.21103085 0.21101645 0.21101623 0.21101621 0.21101616 0.21101611 0.21101607 0.21090087 0.21090083 0.21078563 0.21078559 0.21039519 0.21039514 0.21039513 0.21027993 0.21027989 0.21016469 0.21016465 0.21       0.20980305 0.209803   0.20980298 0.20978858 0.20978853 0.20977413 0.20977408 0.20975968 0.20975964 0.20968444 0.20968439 0.20968436 0.20956916 0.20956912 0.20945392 0.20945388 0.20904428 0.20904423 0.20904423 0.20892903 0.20892899 0.20881379 0.20881375 0.20869855 0.20869851 0.20840091 0.20840085 0.20840081 0.20808081 0.20808081 0.20808071 0.20805911 0.20801055 0.20798895 0.20794039 0.20791879 0.20787023 0.20784863 0.20780007 0.20777847 0.20772991 0.20761711 0.20761706 0.20761705 0.20750185 0.20750181 0.20738661 0.20738657 0.20694817 0.20694812 0.20694812 0.20694808 0.20683288 0.20683284 0.20671764 0.2067176  0.2066024  0.20660236 0.20621836 0.20621831 0.20621828 0.20610308 0.20610304 0.20598784 0.20598781 0.20587261 0.20587257 0.20556537 0.20556532 0.20556529 0.20555089 0.20555084 0.20553644 0.20553639 0.20546119 0.20546114 0.20546114 0.20544674 0.20544669 0.20543229 0.20543224 0.20532824 0.20532819 0.20532819 0.20521299 0.20521295 0.20509775 0.20509772 0.20509767 0.20509762 0.20502242 0.20502237 0.20502237 0.205      0.20490717 0.20490713 0.20479193 0.20479189 0.20431829 0.20431824 0.20431822 0.20430382 0.20430377 0.20428937 0.20428932 0.20418532 0.20418527 0.20418523 0.20417083 0.20417078 0.20415638 0.20415633 0.20408113 0.20408108 0.20408108 0.20406668 0.20406663 0.20405223 0.20405218 0.20403778 0.20403773 0.20393373 0.20393365 0.20393352 0.20393342 0.20391182 0.20386326 0.20384166 0.2037931  0.2037715  0.20372294 0.20370134 0.20365278 0.20363118 0.20358262 0.20346982 0.20346977 0.20346976 0.20335456 0.20335452 0.20323932 0.20323928 0.20287768 0.20287763 0.2028776  0.2027624  0.20276236 0.20264716 0.20264712 0.20228872 0.20228867 0.20228866 0.20217346 0.20217342 0.20205822 0.20205818 0.20180858 0.20180853 0.20180853 0.20179413 0.20179408 0.20177968 0.20177963 0.20176523 0.20176518 0.20166118 0.20166113 0.20166111 0.20154591 0.20154588 0.20143068 0.20143064 0.20095064 0.20095059 0.20095058 0.20093618 0.20093614 0.20092174 0.20092169 0.20081769 0.20081764 0.20081761 0.20080321 0.20080316 0.20078876 0.20078872 0.20071352 0.20071347 0.20071327 0.20071324 0.20059804 0.200598   0.2004828  0.20048276 0.2        0.19999316 0.19999311 0.1999931  0.1999787  0.19997865 0.19996425 0.1999642  0.199889   0.19988895 0.19988893 0.19977373 0.1997737  0.1996585  0.19965846 0.19933526 0.19933521 0.1993352  0.19922    0.19921997 0.19910477 0.19910473 0.19898953 0.19898949 0.19849349 0.19849348 0.19849338 0.19847178 0.19842322 0.19840162 0.19835306 0.19833146 0.1982829  0.1982613  0.19821274 0.19819114 0.19814258 0.19802978 0.19802973 0.19802972 0.19791452 0.19791448 0.19779928 0.19779924 0.19736724 0.19736719 0.19736716 0.19735276 0.19735271 0.19733831 0.19733826 0.19732386 0.19732381 0.19724861 0.19724856 0.19724855 0.19713335 0.19713331 0.19701811 0.19701807 0.19660847 0.19660842 0.19660839 0.19649319 0.19649315 0.19637795 0.19637791 0.19626271 0.19626267 0.19594907 0.19594902 0.19594902 0.19593462 0.19593457 0.19592017 0.19592012 0.19584492 0.19584487 0.19584487 0.19583047 0.19583042 0.19581602 0.19581597 0.19574077 0.19574072 0.19574071 0.19572631 0.19572626 0.19571186 0.19571181 0.19560781 0.19560776 0.19560775 0.19549255 0.19549251 0.19537731 0.19537727 0.19506687 0.19506682 0.1950668  0.195      0.1949516  0.19495156 0.19483636 0.19483632 0.19472112 0.19472108 0.19424748 0.19424743 0.19424741 0.19413221 0.19413217 0.19401697 0.19401693 0.19390173 0.1939017  0.1936201  0.19362005 0.19362001 0.19350481 0.19350477 0.19338957 0.19338953 0.19312073 0.19312072 0.19312067 0.19310627 0.19310622 0.19309182 0.19309177 0.19307737 0.19307732 0.19306292 0.19306288 0.19304848 0.19304843 0.19297323 0.19297322 0.19297312 0.19295152 0.19290296 0.19288136 0.1928328  0.1928112  0.19276264 0.19274104 0.19269248 0.19267088 0.19262232 0.19250952 0.19250947 0.19250946 0.19239426 0.19239422 0.19227902 0.19227898 0.19179898 0.19179893 0.19179893 0.19168373 0.19168369 0.19156849 0.19156845 0.19125165 0.1912516  0.19125159 0.19113639 0.19113635 0.19102115 0.19102112 0.19060832 0.19060827 0.19060825 0.19059385 0.1905938  0.1905794  0.19057935 0.19050415 0.1905041  0.1905041  0.1903889  0.19038886 0.19027366 0.19027362 0.19       0.18999842 0.18999837 0.18999833 0.18988313 0.18988309 0.18976789 0.18976786 0.18946706 0.18946701 0.18946698 0.18935178 0.18935174 0.18923654 0.1892365  0.1888845  0.18888445 0.18888443 0.18876923 0.18876919 0.18865399 0.18865395 0.18837235 0.1883723  0.1883723  0.1882571  0.18825706 0.18814186 0.18814183 0.18767783 0.18767778 0.18767759 0.18767756 0.18756236 0.18756232 0.18744712 0.18744708 0.18706948 0.18706943 0.18706931 0.18706928 0.18705488 0.18705465 0.18705461 0.18704021 0.18703998 0.18703995 0.18693595 0.18693594 0.18693584 0.18691424 0.18686568 0.18684408 0.18679552 0.18677392 0.18672536 0.18670376 0.1866552  0.1866336  0.18658504 0.18647224 0.18647219 0.18647216 0.18645776 0.18645771 0.18644331 0.18644326 0.18642886 0.18642881 0.18632481 0.18632476 0.18632476 0.18631036 0.18631031 0.18629591 0.18629586 0.18619186 0.18619181 0.18619177 0.18617737 0.18617732 0.18616292 0.18616288 0.18605888 0.18605883 0.18605878 0.18604438 0.18604433 0.18602993 0.18602988 0.18592588 0.18592583 0.18592582 0.18591142 0.18591137 0.18589697 0.18589692 0.18579292 0.18579287 0.18579287 0.18577847 0.18577842 0.18576402 0.18576397 0.18565997 0.18565992 0.18565992 0.18564552 0.18564547 0.18563107 0.18563102 0.18552702 0.18552697 0.18552695 0.18551255 0.18551252 0.18551247 0.18549807 0.18549805 0.185498   0.185394   0.18539395 0.18539394 0.18537954 0.18537949 0.18536509 0.18536504 0.18528984 0.18528979 0.18528974 0.18527534 0.18527529 0.18526089 0.18526085 0.18515685 0.1851568  0.18515678 0.18514238 0.18514234 0.18512794 0.18512789 0.18505269 0.18505264 0.18505262 0.185      0.18493742 0.18493738 0.18482218 0.18482214 0.18458214 0.18458213 0.18458208 0.18456768 0.18456763 0.18455323 0.18455318 0.18453878 0.18453873 0.18452433 0.18452428 0.18450988 0.18450983 0.18440583 0.18440582 0.18440575 0.18429055 0.18429051 0.18417531 0.18417527 0.18406007 0.18406003 0.18394483 0.18394479 0.18382959 0.18382955 0.18357995 0.18357995 0.18357985 0.18355825 0.18350969 0.18348809 0.18343953 0.18341793 0.18336937 0.18334777 0.18329921 0.18327761 0.18322905 0.18311625 0.1831162  0.18311615 0.18310175 0.18310171 0.18308731 0.18308726 0.18298326 0.18298321 0.18298319 0.18296879 0.18296874 0.18295434 0.18295429 0.18285029 0.18285024 0.18285024 0.18283584 0.1828358  0.1828214  0.18282135 0.18271735 0.1827173  0.18271728 0.18260208 0.18260204 0.18248684 0.18248681 0.18213801 0.18213796 0.18213793 0.18202273 0.18202269 0.18190749 0.18190745 0.18146905 0.181469   0.18146898 0.18145458 0.18145453 0.18144013 0.18144008 0.18136488 0.18136483 0.18136481 0.18124961 0.18124957 0.18113437 0.18113433 0.18063833 0.18063828 0.18063825 0.18052305 0.18052302 0.18040782 0.18040778 0.18004938 0.18004933 0.1800493  0.1800349  0.18003486 0.18002046 0.18002041 0.18000601 0.18000596 0.18       0.17993076 0.17993075 0.17993069 0.17981549 0.17981545 0.17970025 0.17970021 0.17958501 0.17958497 0.17946977 0.17946973 0.17935453 0.1793545  0.1790441  0.17904408 0.17904399 0.17900228 0.17898068 0.17893212 0.17891052 0.17886196 0.17884036 0.1787918  0.1787702  0.17872164 0.17870004 0.17865148 0.17853868 0.17853863 0.17853862 0.17842342 0.17842338 0.17830818 0.17830814 0.17819294 0.1781929  0.1780777  0.17807766 0.17796246 0.17796243 0.17750163 0.17750158 0.17750152 0.17750148 0.17738628 0.17738624 0.17727104 0.177271   0.1769446  0.17694455 0.17694452 0.17682932 0.17682928 0.17671408 0.17671404 0.17635244 0.17635239 0.17635236 0.17633796 0.17633792 0.17626272 0.17626267 0.17626264 0.17624824 0.1762482  0.1762338  0.17623375 0.17615855 0.1761585  0.17615848 0.17604328 0.17604324 0.17592804 0.17592801 0.17546401 0.17546396 0.17546393 0.17534873 0.17534869 0.17523349 0.17523346 0.175      0.17486546 0.17486541 0.17486537 0.17485097 0.17485092 0.17483652 0.17483647 0.17476127 0.17476122 0.17476122 0.17464602 0.17464598 0.17453078 0.17453074 0.17424914 0.17424909 0.17424899 0.17424893 0.17424891 0.17375291 0.17375289 0.17375285 0.17363765 0.17363761 0.17352241 0.17352238 0.17340718 0.17340714 0.17329194 0.1732919  0.1731767  0.17317666 0.17291106 0.17291104 0.17291095 0.17285042 0.17282882 0.17278026 0.17275866 0.1727101  0.1726885  0.17263994 0.17261834 0.17256978 0.17254818 0.17249962 0.17238682 0.17238677 0.17238675 0.17237235 0.17237231 0.17235791 0.17235786 0.17234346 0.17234341 0.17232901 0.17232896 0.17222496 0.17222491 0.17222488 0.17221048 0.17221043 0.17219603 0.17219598 0.17209198 0.17209193 0.1720919  0.1719767  0.17197666 0.17186146 0.17186142 0.17150942 0.17150937 0.17150935 0.17149495 0.1714949  0.1714805  0.17148045 0.17140525 0.1714052  0.17140519 0.17139079 0.17139074 0.17137634 0.1713763  0.1713619  0.17136185 0.17125785 0.1712578  0.17125779 0.17124339 0.17124335 0.17122895 0.1712289  0.1711537  0.17115365 0.17115361 0.17113921 0.17113916 0.17112476 0.17112471 0.17104951 0.17104946 0.17104942 0.17103502 0.17103497 0.17102057 0.17102052 0.17091652 0.17091647 0.17091644 0.17080124 0.1708012  0.170686   0.170686   0.17068595 0.17068592 0.17057072 0.17057068 0.17045548 0.17045544 0.17034024 0.1703402  0.170225   0.17022496 0.17       0.16979936 0.16979934 0.16979933 0.16968413 0.16968409 0.16956889 0.16956886 0.16945366 0.16945362 0.16933842 0.16933838 0.16922318 0.16922314 0.16890954 0.16890953 0.16890943 0.16888783 0.16883927 0.16881767 0.16876911 0.16874751 0.16869895 0.16867735 0.16862879 0.16860719 0.16855863 0.16844583 0.16844578 0.16844576 0.16843136 0.16843131 0.16841691 0.16841686 0.16831286 0.16831281 0.1683128  0.1681976  0.16819759 0.16819755 0.16808235 0.16808235 0.16808233 0.16808228 0.16808227 0.16806787 0.16806782 0.16805342 0.16805338 0.16803898 0.16803893 0.16793493 0.16793488 0.16793484 0.16792044 0.16792039 0.16790599 0.16790594 0.16780194 0.16780189 0.16780188 0.16778748 0.16778743 0.16777303 0.16777298 0.16769778 0.16769773 0.16769773 0.16768333 0.16768328 0.16766888 0.16766884 0.16759364 0.16759359 0.16759357 0.16757917 0.16757913 0.16756473 0.16756468 0.16755028 0.16755023 0.16744623 0.16744618 0.16744616 0.16733096 0.16733092 0.16721572 0.16721568 0.16691808 0.16691803 0.16691802 0.16690362 0.16690357 0.16688917 0.16688912 0.16678512 0.16678507 0.16678507 0.16677067 0.16677065 0.16665545 0.16665544 0.16665542 0.16664102 0.166641   0.1665258  0.16652579 0.16652578 0.16651138 0.16651135 0.16606335 0.16606324 0.16594804 0.165948   0.1658328  0.16583279 0.16583279 0.16583278 0.16571758 0.16571754 0.16560234 0.1656023  0.1654871  0.16548707 0.16518307 0.16518305 0.16518302 0.16506782 0.16506778 0.165      0.16495258 0.16495254 0.16483734 0.1648373  0.1647221  0.16472206 0.16460686 0.16460682 0.16416842 0.16416841 0.16416833 0.16405313 0.16405309 0.16393789 0.16393785 0.16382265 0.16382261 0.16370741 0.16370737 0.16359217 0.16359214 0.16310254 0.16310253 0.16310243 0.16308083 0.16303227 0.16301067 0.16296211 0.16294051 0.16289195 0.16287035 0.16282179 0.16280019 0.16275163 0.16263883 0.16263878 0.16263876 0.16262436 0.16262431 0.16260991 0.16260986 0.16250586 0.16250581 0.16250581 0.16239061 0.16239057 0.16227537 0.16227533 0.16216013 0.1621601  0.1619073  0.16190725 0.16190723 0.16189283 0.16189278 0.16187838 0.16187833 0.16177433 0.16177428 0.16177427 0.16165907 0.16165907 0.16164467 0.16164464 0.16152944 0.16152943 0.16151503 0.161515   0.1611438  0.16114377 0.16106857 0.16106852 0.16106851 0.16105411 0.16105406 0.16103966 0.16103962 0.16096442 0.16096437 0.16096433 0.16094993 0.16094988 0.16093548 0.16093543 0.16086023 0.16086018 0.16086016 0.16084576 0.16084571 0.16083131 0.16083126 0.16072726 0.16072721 0.16072714 0.1607271  0.1606119  0.16061187 0.16049667 0.16049663 0.16013183 0.16013178 0.16013176 0.16001656 0.16001652 0.16       0.15990132 0.15990128 0.15978608 0.15978604 0.15950444 0.15950444 0.15950434 0.15948274 0.15943418 0.15941258 0.15936402 0.15934242 0.15929386 0.15927226 0.1592237  0.1592021  0.15915354 0.15904074 0.15904069 0.15904067 0.15902627 0.15902622 0.15901182 0.15901177 0.15890777 0.15890772 0.15890758 0.15890755 0.15879235 0.15879231 0.15867711 0.15867707 0.15818747 0.15818742 0.1581874  0.1580722  0.15807217 0.15795697 0.15795693 0.15784173 0.15784169 0.15760169 0.15760164 0.15760162 0.15758722 0.15758717 0.15757277 0.15757272 0.15746872 0.15746867 0.15746867 0.15735347 0.15735345 0.15735341 0.15723821 0.15723819 0.15723815 0.15676455 0.1567645  0.15676447 0.15664927 0.15664923 0.15653403 0.15653399 0.15622359 0.15622354 0.15622349 0.15620909 0.15620904 0.15610504 0.15610499 0.15610498 0.15609058 0.15609053 0.15607613 0.15607608 0.15600088 0.15600083 0.15600082 0.15588562 0.15588558 0.15577038 0.15577034 0.15565514 0.1556551  0.1553255  0.15532545 0.15532542 0.15531102 0.15531097 0.15529657 0.15529652 0.15519252 0.15519247 0.15519247 0.15517807 0.15517802 0.15516362 0.15516357 0.15505957 0.15505948 0.15505943 0.15504503 0.15504482 0.15504478 0.15503038 0.15503018 0.15503014 0.15501574 0.15501553 0.15501549 0.15500109 0.15500089 0.15500085 0.155      0.15498645 0.15498624 0.15498621 0.15491101 0.154911   0.1549109  0.1548893  0.15484074 0.15481914 0.15477058 0.15474898 0.15470042 0.15467882 0.15463026 0.15460866 0.1545601  0.1544473  0.15444725 0.15444721 0.15443281 0.15443276 0.15441836 0.15441832 0.15431432 0.15431427 0.15431423 0.15429983 0.15429978 0.15428538 0.15428533 0.15418133 0.15418128 0.15418128 0.15416688 0.15416683 0.15415243 0.15415238 0.15413798 0.15413793 0.15403393 0.15403388 0.15403384 0.15401944 0.15401939 0.15400499 0.15400494 0.15390094 0.15390089 0.15390088 0.15388648 0.15388643 0.15387203 0.15387198 0.15376798 0.15376793 0.15376791 0.15375351 0.15375346 0.15373906 0.15373901 0.15363501 0.15363496 0.15363491 0.15362051 0.15362047 0.15360607 0.15360602 0.15350202 0.15350197 0.15350195 0.15338675 0.15338671 0.15327151 0.15327147 0.15291947 0.15291942 0.15291939 0.15290499 0.15290494 0.15289054 0.1528905  0.1528153  0.15281525 0.15281524 0.15280084 0.15280079 0.15278639 0.15278634 0.15271114 0.15271112 0.15271107 0.15269667 0.15269662 0.15268222 0.15268217 0.15266777 0.15266772 0.15265332 0.15265327 0.15263887 0.15263882 0.15256362 0.15256361 0.15256358 0.15254918 0.15254913 0.15253473 0.15253468 0.15252028 0.15252023 0.15250583 0.15250578 0.15249138 0.15249133 0.15238733 0.15238732 0.15238727 0.15227207 0.15227203 0.15225043 0.15220187 0.15218027 0.15213171 0.15211011 0.15206155 0.15203995 0.15199139 0.15196979 0.15192123 0.15180843 0.15180838 0.15180837 0.15179397 0.15179393 0.15177953 0.15177948 0.15167548 0.15167543 0.15167542 0.15156022 0.15156018 0.15144498 0.15144494 0.15103534 0.15103529 0.15103526 0.15092006 0.15092002 0.15080482 0.15080478 0.15048158 0.15048153 0.15048152 0.15036632 0.15036628 0.15025108 0.15025105 0.15013585 0.15013581 0.15       0.14977101 0.14977096 0.14977096 0.14965576 0.14965572 0.14954052 0.14954048 0.14942528 0.14942524 0.14903484 0.14903479 0.14903479 0.14902039 0.14902034 0.14900594 0.14900589 0.14893069 0.14893064 0.14893062 0.14891622 0.14891617 0.14890177 0.14890172 0.14882652 0.14882647 0.14882647 0.14871127 0.14871123 0.14859603 0.14859599 0.14848079 0.14848075 0.14817675 0.1481767  0.14817668 0.14806148 0.14806144 0.14794624 0.1479462  0.1475334  0.14753336 0.14753336 0.14741816 0.14741812 0.14730292 0.14730288 0.14718768 0.14718764 0.14679404 0.14679403 0.14679397 0.14667877 0.14667873 0.14656353 0.14656349 0.14644829 0.14644825 0.14633305 0.14633302 0.14621782 0.14621778 0.14595538 0.14595537 0.14595527 0.14593367 0.14588511 0.14586351 0.14581495 0.14579335 0.14574479 0.14572319 0.14567463 0.14565303 0.14560447 0.14549167 0.14549162 0.1454916  0.1454772  0.14547715 0.14546275 0.1454627  0.1453587  0.14535865 0.14535863 0.14534423 0.14534418 0.14532978 0.14532974 0.14522574 0.14522569 0.14522568 0.14511048 0.14511044 0.145      0.14499524 0.1449952  0.1446688  0.14466875 0.14466874 0.14455354 0.1445535  0.1444383  0.14443826 0.14406066 0.14406061 0.14406058 0.14404618 0.14404613 0.14403173 0.14403168 0.14395648 0.14395643 0.14395642 0.14384122 0.14384118 0.14372598 0.14372594 0.14361074 0.1436107  0.1432075  0.14320734 0.14319294 0.14319293 0.14319288 0.14319285 0.14319275 0.1431927  0.14319268 0.14308868 0.14308863 0.14308858 0.14307418 0.14307413 0.14305973 0.14305968 0.14295568 0.14295563 0.14295561 0.14294121 0.14294116 0.14292676 0.14292671 0.14282271 0.1428227  0.1428226  0.142801   0.14275244 0.14273084 0.14268228 0.14266068 0.14261212 0.14259052 0.14254196 0.14252036 0.1424718  0.142359   0.14235895 0.14235894 0.14224374 0.1422437  0.1421285  0.14212846 0.14183086 0.14183081 0.14183063 0.1418306  0.1417154  0.14171536 0.14160016 0.14160012 0.14148492 0.14148488 0.14101448 0.14101443 0.14101433 0.14101428 0.14101425 0.14099985 0.1409998  0.1409854  0.14098535 0.14088135 0.1408813  0.14088126 0.14086686 0.14086681 0.14085241 0.14085236 0.14077716 0.14077711 0.14077709 0.14066189 0.14066185 0.14054665 0.14054661 0.14026501 0.14026496 0.14026495 0.14025055 0.14025051 0.14023611 0.14023606 0.14013206 0.14013201 0.140132   0.1401176  0.14011755 0.14010315 0.1401031  0.1400279  0.14002785 0.14002783 0.14       0.13991263 0.13991259 0.13979739 0.13979737 0.13979732 0.13979731 0.13968211 0.13968207 0.13956687 0.13956684 0.13945164 0.1394516  0.1393364  0.13933636 0.13898116 0.13898111 0.13898109 0.13886589 0.13886586 0.13875066 0.13875062 0.13863542 0.13863538 0.13828338 0.13828326 0.13828311 0.13828307 0.13816787 0.13816783 0.13805263 0.13805259 0.13793739 0.13793735 0.13782215 0.13782212 0.13756292 0.13756291 0.13756281 0.13754121 0.13749265 0.13747105 0.13742249 0.13740089 0.13735233 0.13733073 0.13728217 0.13726057 0.13721201 0.13709921 0.13709916 0.13709912 0.13698392 0.13698389 0.13686869 0.13686865 0.13660625 0.1366062  0.13660617 0.13649097 0.13649093 0.13637573 0.1363757  0.1362605  0.13626046 0.13596606 0.13596601 0.13596599 0.13585079 0.13585075 0.13573555 0.13573551 0.13548591 0.13548586 0.13548584 0.13547144 0.1354714  0.135457   0.13545695 0.13538175 0.1353817  0.13538167 0.13526647 0.13526643 0.13515123 0.1351512  0.135      0.134716   0.13471595 0.13471593 0.13460073 0.13460072 0.13458632 0.13458629 0.13447109 0.13447108 0.13445668 0.13445665 0.13405985 0.13405975 0.13394455 0.13394451 0.13382931 0.13382927 0.13371407 0.13371406 0.13371401 0.13371399 0.13359879 0.13359875 0.13348355 0.13348351 0.13336831 0.13336827 0.13325307 0.13325303 0.13313783 0.1331378  0.1326834  0.13268335 0.13268333 0.13266893 0.13266888 0.13265448 0.13265443 0.13255043 0.1325503  0.13255029 0.13243509 0.13243505 0.13231985 0.13231981 0.13220461 0.13220457 0.13175657 0.13175655 0.13175649 0.13164129 0.13164125 0.13152605 0.13152601 0.13141081 0.13141077 0.13129557 0.13129554 0.13118034 0.1311803  0.1307451  0.13074508 0.13074506 0.13073066 0.13073061 0.13071621 0.13071616 0.13070176 0.13070171 0.13068731 0.13068726 0.13067286 0.13067281 0.13056881 0.13056879 0.13056871 0.13045351 0.13045347 0.13033827 0.13033823 0.13022303 0.13022299 0.13010779 0.13010776 0.13       0.12999256 0.12999252 0.12962452 0.1296245  0.12962445 0.12961005 0.12961    0.1295956  0.12959555 0.12958115 0.1295811  0.1295667  0.12956666 0.12955226 0.12955221 0.12947701 0.12947699 0.12947697 0.12946257 0.12946252 0.12944812 0.12944807 0.12943367 0.12943362 0.12941922 0.12941917 0.12940477 0.12940473 0.12932953 0.12932951 0.1293295  0.1293151  0.12931505 0.12930065 0.1293006  0.1292862  0.12928616 0.12927176 0.12927171 0.12925731 0.12925726 0.12915326 0.12915324 0.12915316 0.12913876 0.12913872 0.12912432 0.12912427 0.12910987 0.12910982 0.12909542 0.12909537 0.12908097 0.12908092 0.12897692 0.12897691 0.12897686 0.12896246 0.12896241 0.12894801 0.12894796 0.12893356 0.12893351 0.12891911 0.12891906 0.12890466 0.12890462 0.12880062 0.12880061 0.12880051 0.12877891 0.12873035 0.12870875 0.12866019 0.12863859 0.12859003 0.12856843 0.12851987 0.12849827 0.12844971 0.12833691 0.12833686 0.12833685 0.12822165 0.12822161 0.12810641 0.12810637 0.12769677 0.12769672 0.12769668 0.12768228 0.12768224 0.12766784 0.12766779 0.12759259 0.12759257 0.12759251 0.12747731 0.12747728 0.12736208 0.12736204 0.12724684 0.1272468  0.1271316  0.12713156 0.12701636 0.12701632 0.12655552 0.12655551 0.12655541 0.12652476 0.12650316 0.1264546  0.126433   0.12638444 0.12636284 0.12631428 0.12629268 0.12624412 0.12622252 0.12617396 0.12606116 0.12606111 0.12606109 0.12594589 0.12594587 0.12594584 0.12583064 0.12583062 0.1258306  0.12583055 0.12583045 0.1258304  0.12583038 0.12572638 0.12572633 0.12572632 0.12571192 0.12571187 0.12569747 0.12569742 0.12562222 0.12562217 0.12562217 0.12550697 0.12550693 0.12539173 0.12539169 0.12512289 0.12512284 0.12512283 0.12510843 0.12510839 0.12509399 0.12509394 0.12507954 0.12507949 0.12500429 0.12500424 0.12500423 0.125      0.12498983 0.12498979 0.12497539 0.12497534 0.12496094 0.12496089 0.12485689 0.12485684 0.12485684 0.12484244 0.12484243 0.12484238 0.12482798 0.12482797 0.12482793 0.12472393 0.12472388 0.12472386 0.12460866 0.12460862 0.12449342 0.12449338 0.12421818 0.12421813 0.12421813 0.12410293 0.12410289 0.12398769 0.12398765 0.12358445 0.1235844  0.1235844  0.1234692  0.12346916 0.12335396 0.12335393 0.12323873 0.12323869 0.12298589 0.12298588 0.12298579 0.12297139 0.12297134 0.12295694 0.12295689 0.12294249 0.12294244 0.12292804 0.12292799 0.12291359 0.12291355 0.12280955 0.12280954 0.12280948 0.12279508 0.12279503 0.12278063 0.12278058 0.12276618 0.12276613 0.12275173 0.12275169 0.12273729 0.12273724 0.12263324 0.12263322 0.12263314 0.12261874 0.12261869 0.12260429 0.12260424 0.12258984 0.12258979 0.12257539 0.12257534 0.12256094 0.1225609  0.1224569  0.12245689 0.12245679 0.1224321  0.1224105  0.12236194 0.12234034 0.12229178 0.12227018 0.12222162 0.12220002 0.12215146 0.12212986 0.1220813  0.1219685  0.12196845 0.12196844 0.12185324 0.1218532  0.121738   0.12173796 0.12162276 0.12162272 0.12123232 0.12123227 0.12123226 0.12111706 0.12111702 0.12100182 0.12100178 0.12050898 0.12050893 0.12050893 0.12049453 0.12049448 0.12048008 0.12048003 0.12040483 0.12040478 0.12040477 0.12028957 0.12028953 0.12017433 0.12017429 0.12       0.11975509 0.11975504 0.11975501 0.11963981 0.11963977 0.11952457 0.11952454 0.11927494 0.11927489 0.11927486 0.11926046 0.11926041 0.11924601 0.11924596 0.11923156 0.11923152 0.11915632 0.11915627 0.11915625 0.11914185 0.1191418  0.1191274  0.11912735 0.11905215 0.1190521  0.11905208 0.11893688 0.11893684 0.11882164 0.1188216  0.1185176  0.11851756 0.11851746 0.11849586 0.1184473  0.1184257  0.11837714 0.11835554 0.11830698 0.11828538 0.11823682 0.11821522 0.11816666 0.11805386 0.11805381 0.11805379 0.11793859 0.11793855 0.11782335 0.11782331 0.11753211 0.11753206 0.11753203 0.11741683 0.11741679 0.11730159 0.11730156 0.11697516 0.11697511 0.11697493 0.1169749  0.1168597  0.11685966 0.11674446 0.11674442 0.11649162 0.11649157 0.11649157 0.11647717 0.11647712 0.11646272 0.11646267 0.11644827 0.11644822 0.11634422 0.11634417 0.11634415 0.11622895 0.11622891 0.11611371 0.11611367 0.11582567 0.11582562 0.1158256  0.1157104  0.11571036 0.11559516 0.11559513 0.11511193 0.11511188 0.11511187 0.11509747 0.11509742 0.11508302 0.11508297 0.11500777 0.11500772 0.11500768 0.115      0.11499328 0.11499323 0.11497883 0.11497878 0.11490358 0.11490353 0.1149035  0.1147883  0.11478826 0.11467306 0.11467303 0.11425383 0.11425378 0.11425373 0.11423933 0.11423928 0.11422488 0.11422483 0.11421043 0.11421038 0.11413518 0.11413513 0.11413509 0.11412069 0.11412064 0.11410624 0.11410619 0.11400219 0.11400213 0.11400209 0.11388689 0.11388685 0.11344525 0.11344524 0.11344514 0.11342354 0.11337498 0.11335338 0.11330482 0.11328322 0.11323466 0.11321306 0.1131645  0.1131429  0.11309434 0.11298154 0.11298149 0.11298147 0.11296707 0.11296702 0.11295262 0.11295258 0.11284858 0.11284853 0.11284852 0.11273332 0.11273328 0.11261808 0.11261804 0.11250284 0.1125028  0.1121316  0.11213155 0.11213155 0.11211715 0.1121171  0.1121027  0.11210265 0.11208825 0.1120882  0.1120738  0.11207375 0.11205935 0.1120593  0.1119553  0.11195525 0.11195522 0.11194082 0.11194077 0.11192637 0.11192633 0.11185113 0.11185108 0.11185104 0.11183664 0.11183659 0.11182219 0.11182214 0.11174694 0.11174689 0.11174689 0.11173249 0.11173244 0.11171804 0.11171799 0.11170359 0.11170354 0.11159954 0.11159949 0.11159949 0.11158509 0.11158504 0.11157064 0.1115706  0.1114666  0.11146655 0.11146655 0.11145215 0.11145211 0.1114521  0.1114377  0.11143765 0.11136245 0.1113624  0.11136237 0.11124717 0.11124713 0.11113193 0.11113189 0.11087269 0.11087264 0.11087264 0.11075744 0.1107574  0.1106422  0.11064216 0.11030616 0.1103061  0.11030607 0.11019087 0.11019083 0.11       0.10971083 0.10971083 0.10971073 0.10968913 0.10964057 0.10961897 0.10957041 0.10954881 0.10950025 0.10947865 0.10943009 0.10940849 0.10935993 0.10924713 0.10924708 0.10924706 0.10913186 0.10913182 0.10901662 0.10901658 0.10867418 0.10867413 0.10867411 0.10865971 0.10865966 0.10864526 0.10864521 0.10863081 0.10863077 0.10852677 0.10852672 0.10852667 0.10851227 0.10851222 0.10849782 0.10849777 0.10839377 0.10839372 0.10839371 0.10837931 0.10837926 0.10836486 0.10836482 0.10826082 0.10826077 0.10826073 0.10824633 0.10824628 0.10823188 0.10823183 0.10815663 0.10815658 0.10815656 0.10814216 0.10814211 0.10812771 0.10812766 0.10802366 0.10802361 0.1080236  0.1080092  0.10800915 0.10799475 0.1079947  0.1079195  0.10791945 0.10791941 0.10790501 0.10790497 0.10789057 0.10789052 0.10778652 0.10778647 0.10778644 0.10777204 0.10777199 0.10775759 0.10775754 0.10768234 0.10768229 0.10768225 0.10766785 0.1076678  0.1076534  0.10765335 0.10754935 0.1075493  0.10754928 0.10753488 0.10753483 0.10752043 0.10752038 0.10750598 0.10750594 0.10740194 0.10740193 0.10740185 0.10738745 0.1073874  0.107373   0.10737296 0.10735856 0.10735851 0.10734411 0.10734406 0.10732966 0.10732961 0.10722561 0.10722559 0.10722556 0.10721116 0.10721111 0.10719671 0.10719667 0.10718227 0.10718222 0.10716782 0.10716777 0.10715337 0.10715332 0.10704932 0.10704932 0.10704922 0.10702762 0.10697906 0.10695746 0.1069089  0.1068873  0.10683874 0.10681714 0.10676858 0.10674698 0.10669842 0.10658562 0.10658557 0.10658556 0.10647036 0.10647032 0.10635512 0.10635508 0.10623988 0.10623984 0.10599344 0.10599339 0.10599338 0.10587818 0.10587814 0.10576294 0.1057629  0.1054653  0.10546525 0.10546522 0.10535002 0.10534998 0.10523478 0.10523474 0.10511954 0.1051195  0.105      0.1047131  0.10471305 0.10471302 0.10459782 0.10459779 0.10448259 0.10448255 0.10403455 0.1040345  0.10403445 0.10402005 0.10402    0.1040056  0.10400556 0.10393036 0.10393031 0.1039303  0.1039159  0.10391585 0.10390145 0.1039014  0.1037974  0.10379735 0.1037973  0.1037829  0.10378286 0.10376846 0.10376841 0.10366441 0.10366436 0.10366436 0.10354916 0.10354912 0.10343392 0.10343388 0.10295708 0.10295703 0.10295702 0.10294262 0.10294257 0.10292817 0.10292812 0.10282412 0.10282399 0.10282394 0.10280954 0.1028095  0.1027055  0.10270548 0.10270543 0.10269103 0.10269098 0.10267658 0.10267653 0.10266213 0.10266208 0.10264768 0.10264763 0.10263323 0.10263319 0.10252919 0.10252918 0.10252908 0.10250748 0.10245892 0.10243732 0.10238876 0.10236716 0.1023186  0.102297   0.10224844 0.10222684 0.10217828 0.10206548 0.10206543 0.10206521 0.10206517 0.10194997 0.10194993 0.10183473 0.10183469 0.10144429 0.10144424 0.10144421 0.10142981 0.10142976 0.10141536 0.10141532 0.10131132 0.10131127 0.10131122 0.10129682 0.10129677 0.10128237 0.10128233 0.10117833 0.10117828 0.10117827 0.10116387 0.10116382 0.10114942 0.10114937 0.10107417 0.10107412 0.10107411 0.10095891 0.10095889 0.10095886 0.10084366 0.10084364 0.1008436  0.1007284  0.10072838 0.10072835 0.10029635 0.1002963  0.10029626 0.10018106 0.10018103 0.10006583 0.10006579 0.1        0.09995059 0.09995055 0.09983535 0.09983531 0.09948011 0.09948006 0.09948003 0.09946563 0.09946558 0.09945118 0.09945113 0.09934713 0.09934708 0.09934708 0.09933268 0.09933263 0.09931823 0.09931818 0.09921418 0.09921413 0.09921413 0.09919973 0.09919968 0.09918528 0.09918523 0.09908123 0.09908123 0.09908113 0.09905953 0.09901097 0.09898937 0.09894081 0.09891921 0.09887065 0.09884905 0.09880049 0.09877889 0.09873033 0.09861753 0.09861748 0.09861745 0.09860305 0.098603   0.0985886  0.09858855 0.09848455 0.0984845  0.09848447 0.09847007 0.09847002 0.09845562 0.09845557 0.09838037 0.09838032 0.09838029 0.09826509 0.09826505 0.09814985 0.09814984 0.09814979 0.09814976 0.09813536 0.09813531 0.09812091 0.09812086 0.09810646 0.09810642 0.09800242 0.09800237 0.09800235 0.09788715 0.09788711 0.09777191 0.09777187 0.09740707 0.09740702 0.09740701 0.09739261 0.09739256 0.09737816 0.09737811 0.09730291 0.09730286 0.09730285 0.09718765 0.09718761 0.09707241 0.09707238 0.09675238 0.09675233 0.0967522  0.09675216 0.09663696 0.09663692 0.09652172 0.09652168 0.09640648 0.09640644 0.09597444 0.09597439 0.09597435 0.09595995 0.0959599  0.0959455  0.09594545 0.09593105 0.095931   0.0958558  0.09585575 0.09585574 0.09574054 0.0957405  0.0956253  0.09562528 0.09562523 0.09562519 0.09561079 0.09561075 0.09559635 0.0955963  0.0955819  0.09558185 0.09556745 0.0955674  0.0954634  0.09546337 0.09546333 0.09544893 0.09544888 0.09543448 0.09543443 0.09542003 0.09541998 0.09531598 0.09531597 0.09531594 0.09520074 0.0952007  0.0950855  0.09508546 0.095      0.09497026 0.09497022 0.09485502 0.09485499 0.09473979 0.09473975 0.09434615 0.09434613 0.09434607 0.09423087 0.09423083 0.09411563 0.09411559 0.09400039 0.09400036 0.09388516 0.09388512 0.09376992 0.09376988 0.09331868 0.09331866 0.09331862 0.09330422 0.09330402 0.09330398 0.09328958 0.09328938 0.09328934 0.09327494 0.09327474 0.0932747  0.0932603  0.0932601  0.09326006 0.09324566 0.09324546 0.09324542 0.09314142 0.09314141 0.09314132 0.09314123 0.09311963 0.09307107 0.09304947 0.09300091 0.09297931 0.09293075 0.09290915 0.09286059 0.09283899 0.09279043 0.09267763 0.09267758 0.09267757 0.09266317 0.09266312 0.09264872 0.09264867 0.09257347 0.09257342 0.09257339 0.09255899 0.09255894 0.09254454 0.09254449 0.09244049 0.09244044 0.09244043 0.09242603 0.09242598 0.09241158 0.09241153 0.09239713 0.09239709 0.09232189 0.09232184 0.09232181 0.09232176 0.09230736 0.09230731 0.09229291 0.09229286 0.09218886 0.09218881 0.0921888  0.0921744  0.09217435 0.09215995 0.0921599  0.0920847  0.09208465 0.09208463 0.09207023 0.09207018 0.09205578 0.09205574 0.09204134 0.09204129 0.09193729 0.09193724 0.09193723 0.09192283 0.09192278 0.09190838 0.09190833 0.09189393 0.09189388 0.09178988 0.09178983 0.09178982 0.09177542 0.09177537 0.09176097 0.09176093 0.09174653 0.09174648 0.09164248 0.09164246 0.0916424  0.0915272  0.09152716 0.09141196 0.09141192 0.09129672 0.09129669 0.09118149 0.09118145 0.09106625 0.09106621 0.09065981 0.09065981 0.09065971 0.09065014 0.09062854 0.09057998 0.09055838 0.09050982 0.09048822 0.09043966 0.09041806 0.0903695  0.0903479  0.09029934 0.09018654 0.09018649 0.09018648 0.09007128 0.09007124 0.09       0.08995604 0.089956   0.0898408  0.08984076 0.08949836 0.08949831 0.08949828 0.08938308 0.08938304 0.08926784 0.0892678  0.0891526  0.08915257 0.08903737 0.08903733 0.08861173 0.08861168 0.08861163 0.08859723 0.08859718 0.08858278 0.08858273 0.08850753 0.08850748 0.08850747 0.08849307 0.08849303 0.08847863 0.08847858 0.08837458 0.08837453 0.08837451 0.08825931 0.08825928 0.08814408 0.08814405 0.088144   0.08814399 0.08812959 0.08812954 0.08811514 0.08811509 0.08810069 0.08810065 0.08802545 0.0880254  0.08802538 0.08801098 0.08801094 0.08799654 0.08799649 0.08792129 0.08792124 0.08792119 0.08790679 0.08790675 0.08789235 0.0878923  0.0877883  0.08778825 0.08778823 0.08777383 0.08777378 0.08775938 0.08775933 0.08774493 0.08774489 0.08764089 0.08764084 0.08764083 0.08762643 0.08762638 0.08761198 0.08761193 0.08750793 0.08750791 0.08750788 0.08749348 0.08749344 0.08747904 0.08747899 0.08746459 0.08746454 0.08745014 0.08745009 0.08743569 0.08743564 0.08733164 0.08733164 0.08733154 0.08730994 0.08726138 0.08723978 0.08719122 0.08716962 0.08712106 0.08709946 0.0870509  0.0870293  0.08698074 0.08686794 0.08686789 0.08686787 0.08675267 0.08675263 0.08663743 0.0866374  0.0863686  0.08636855 0.08636853 0.08625333 0.08625329 0.08613809 0.08613805 0.08570285 0.0857028  0.08570277 0.08558757 0.08558753 0.08547233 0.08547229 0.08520989 0.08520984 0.08520983 0.08519543 0.08519538 0.08518098 0.08518093 0.08516653 0.08516648 0.08509128 0.08509123 0.08509113 0.0850911  0.085      0.0849759  0.08497586 0.08491021 0.08491016 0.08491011 0.08489571 0.08489566 0.08488126 0.08488122 0.08486682 0.08486677 0.08485237 0.08485232 0.08474832 0.08474827 0.08474826 0.08473386 0.08473365 0.08473362 0.08471922 0.08471901 0.08471897 0.08461497 0.08461492 0.08461492 0.08460052 0.08460047 0.08458607 0.08458602 0.08448202 0.08448197 0.08448196 0.08436676 0.08436672 0.08425152 0.08425148 0.08413628 0.08413625 0.08386105 0.083861   0.08386097 0.08384657 0.08384652 0.08383212 0.08383207 0.08375687 0.08375679 0.08375669 0.08373509 0.08368653 0.08366493 0.08361637 0.08359477 0.08354621 0.08352461 0.08347605 0.08345445 0.08340589 0.08329309 0.08329304 0.08329303 0.08317783 0.0831778  0.0830626  0.08306256 0.08265296 0.08265291 0.0826529  0.0825377  0.08253766 0.08242246 0.08242243 0.08230723 0.08230719 0.08196159 0.08196154 0.08196133 0.08196129 0.08184609 0.08184605 0.08173085 0.08173081 0.08161561 0.08161557 0.08122197 0.08122192 0.08122192 0.08110672 0.0811067  0.08110666 0.08099146 0.08099144 0.08099141 0.08087621 0.08087619 0.08087615 0.08052735 0.0805273  0.08052728 0.08052723 0.08051283 0.08051279 0.08040879 0.08040874 0.0804087  0.0803943  0.08039425 0.08037985 0.0803798  0.0803046  0.08030455 0.08030453 0.08029013 0.08029008 0.08027568 0.08027563 0.08017163 0.08017158 0.08017158 0.08015718 0.08015713 0.08014273 0.08014268 0.08006748 0.08006743 0.08006742 0.08       0.07995222 0.07995218 0.07983698 0.07983694 0.07943694 0.07943689 0.07943688 0.07932168 0.07932164 0.07920644 0.0792064  0.0790912  0.07909117 0.07872957 0.07872952 0.0787295  0.0787151  0.07871506 0.07870066 0.07870061 0.07859661 0.07859659 0.07859649 0.07857489 0.07852633 0.07850473 0.07845617 0.07843457 0.07838601 0.07836441 0.07831585 0.07829425 0.07824569 0.07813289 0.07813284 0.07813275 0.07811835 0.07811834 0.0781183  0.0780031  0.07800306 0.07788786 0.07788782 0.07758062 0.07758049 0.07756609 0.07756604 0.07756599 0.0775659  0.0775515  0.07755145 0.07753705 0.077537   0.0775226  0.07752256 0.07750816 0.07750811 0.07749371 0.07749366 0.07738966 0.07738961 0.07738958 0.07727438 0.07727434 0.07715914 0.07715911 0.07680711 0.07680706 0.07680703 0.07679263 0.07679258 0.07677818 0.07677813 0.07670293 0.07670288 0.07670287 0.07668847 0.07668842 0.07667402 0.07667398 0.07665958 0.07665953 0.07655553 0.07655548 0.07655546 0.07654106 0.07654101 0.07652661 0.07652656 0.07651216 0.07651211 0.07643691 0.07643686 0.07643682 0.07642242 0.07642237 0.07640797 0.07640793 0.07633273 0.07633268 0.0763326  0.07633256 0.07621736 0.07621732 0.07610212 0.07610208 0.07598688 0.07598685 0.07572445 0.0757244  0.07572436 0.07560916 0.07560913 0.07549393 0.07549389 0.07537869 0.07537865 0.07510985 0.0751098  0.07510957 0.07510953 0.075      0.07499433 0.0749943  0.0748791  0.07487906 0.07442146 0.07442144 0.07442137 0.07430617 0.07430613 0.07419093 0.07419089 0.07407569 0.07407565 0.07396045 0.07396042 0.07384522 0.07384518 0.07349958 0.07349956 0.07349951 0.07338431 0.07338427 0.07326907 0.07326903 0.07315383 0.07315379 0.07303859 0.07303855 0.07292335 0.07292331 0.07243691 0.07243691 0.07243681 0.07241521 0.07236665 0.07234505 0.07229649 0.07227489 0.07222633 0.07220473 0.07215617 0.07213457 0.07208601 0.07197321 0.07197316 0.07197314 0.07195874 0.07195869 0.07194429 0.07194424 0.07192984 0.07192979 0.07182579 0.07182574 0.0718257  0.0718113  0.07181126 0.07179686 0.07179681 0.07169281 0.07169276 0.07169274 0.07167834 0.07167829 0.07166389 0.07166384 0.07155984 0.07155979 0.07155979 0.07154539 0.07154534 0.07153094 0.07153089 0.07145569 0.07145564 0.07145561 0.07144121 0.07144116 0.07142676 0.07142671 0.07135151 0.07135146 0.07135145 0.07123625 0.07123621 0.07112101 0.07112097 0.07084897 0.07084892 0.07084877 0.07084874 0.07073354 0.0707335  0.0706183  0.07061826 0.07023746 0.07023741 0.07023739 0.07022299 0.07022294 0.07020854 0.07020849 0.07013329 0.07013324 0.07013319 0.07011879 0.07011874 0.07010434 0.07010429 0.07000029 0.07000018 0.07000016 0.07       0.06988496 0.06988492 0.06976972 0.06976968 0.06965448 0.06965445 0.06941125 0.06941124 0.06941114 0.06938954 0.06934098 0.06931938 0.06927082 0.06924922 0.06920066 0.06917906 0.0691305  0.0691089  0.06906034 0.06894754 0.06894749 0.06894747 0.06883227 0.06883223 0.06871703 0.06871699 0.06860179 0.06860175 0.06827855 0.0682785  0.0682785  0.0681633  0.06816326 0.06804806 0.06804802 0.06767362 0.06767357 0.06767354 0.06755834 0.0675583  0.0674431  0.06744307 0.06719987 0.06719982 0.06719979 0.06718539 0.06718517 0.06718513 0.06717073 0.06717051 0.06717048 0.06709528 0.06709461 0.06709452 0.06708012 0.06708007 0.06706567 0.06706562 0.06705122 0.0670512  0.06705115 0.06705113 0.06693593 0.06693589 0.06682069 0.06682065 0.06670545 0.06670541 0.06659021 0.06659017 0.06647497 0.06647493 0.06614213 0.06614208 0.06614206 0.06602686 0.06602683 0.06591163 0.06591159 0.06562679 0.06562674 0.06562671 0.06551151 0.06551147 0.06539627 0.06539624 0.06513064 0.06513059 0.06513057 0.06501537 0.06501534 0.065      0.06490014 0.0649001  0.0644777  0.06447765 0.06447761 0.06446321 0.06446316 0.06435916 0.06435915 0.06435911 0.06434471 0.06434466 0.06433026 0.06433022 0.06431582 0.06431577 0.06430137 0.06430132 0.06428692 0.06428687 0.06418287 0.06418286 0.06418278 0.06406758 0.06406755 0.06395235 0.06395231 0.06383711 0.06383707 0.06372187 0.06372183 0.06360663 0.06360659 0.06313299 0.06313297 0.06313287 0.06313204 0.06311044 0.06306188 0.06304028 0.06299172 0.06297012 0.06292156 0.06289996 0.0628514  0.0628298  0.06278124 0.06266844 0.06266839 0.06266838 0.06265398 0.06265393 0.06263953 0.06263948 0.06253548 0.06253543 0.0625354  0.0624202  0.06242016 0.06240576 0.06240576 0.06229056 0.06229053 0.06227613 0.06227612 0.06191452 0.06191451 0.06190011 0.06190007 0.06188567 0.06188562 0.06187122 0.06187117 0.06179597 0.06179592 0.0617959  0.0617815  0.06178145 0.06176705 0.06176701 0.06175261 0.06175256 0.06167736 0.06167731 0.0616773  0.0616629  0.06166285 0.06164845 0.0616484  0.0615444  0.06154435 0.06154433 0.06152993 0.06152988 0.06151548 0.06151543 0.06144023 0.06144018 0.06144018 0.06132498 0.06132494 0.06120974 0.0612097  0.0607201  0.06072005 0.06072004 0.06060484 0.06060481 0.06048961 0.06048957 0.06015997 0.06015992 0.0601599  0.0600447  0.06004466 0.06       0.05992946 0.05992944 0.05992939 0.05992937 0.05981417 0.05981413 0.05969893 0.05969891 0.0596988  0.0596987  0.0596771  0.05962854 0.05960694 0.05955838 0.05953678 0.05948822 0.05946662 0.05941806 0.05939646 0.0593479  0.0592351  0.05923505 0.05923505 0.05911985 0.05911984 0.05911981 0.05900461 0.0590046  0.05900456 0.05900451 0.0590045  0.0589901  0.05899006 0.05897566 0.05897561 0.05896121 0.05896116 0.05885716 0.05885711 0.05885708 0.05874188 0.05874184 0.05862664 0.05862661 0.05813061 0.05813056 0.05813053 0.05811613 0.05811609 0.05810169 0.05810164 0.05802644 0.05802639 0.05802637 0.05791117 0.05791115 0.05789675 0.05789673 0.05778153 0.05778152 0.05776712 0.0577671  0.0573223  0.05732213 0.05720693 0.05720689 0.05709169 0.05709168 0.05709163 0.05709156 0.05707716 0.05707711 0.05706271 0.05706266 0.05704826 0.05704821 0.05703381 0.05703376 0.05701936 0.05701931 0.05694411 0.05694406 0.05694403 0.05682883 0.05682879 0.05671359 0.05671356 0.05639676 0.05639671 0.05639667 0.05628147 0.05628143 0.05616623 0.05616619 0.05605099 0.05605096 0.05561256 0.05561251 0.05561247 0.05549727 0.05549724 0.05538204 0.055382   0.0551164  0.05511637 0.05511633 0.05510193 0.05510188 0.05508748 0.05508743 0.05507303 0.05507298 0.05505858 0.05505853 0.055      0.05495453 0.05495452 0.05495442 0.05494002 0.05493997 0.05492557 0.05492552 0.05491112 0.05491108 0.05489668 0.05489663 0.05488223 0.05488218 0.05477818 0.05477816 0.05477812 0.05466292 0.05466288 0.05454768 0.05454765 0.05443245 0.05443241 0.05431721 0.05431717 0.05420197 0.05420193 0.05379873 0.05379872 0.05379867 0.05368347 0.05368343 0.05356823 0.0535682  0.053453   0.05345296 0.05333776 0.05333772 0.05322252 0.05322248 0.05280968 0.05280967 0.05280957 0.05278797 0.05273941 0.05271781 0.05266925 0.05264765 0.05259909 0.05257749 0.05252893 0.05250733 0.05245877 0.05234597 0.05234592 0.05234591 0.05233151 0.05233146 0.05231706 0.05231702 0.05224182 0.05224178],linear,vector,residualEnergyCapacityChanged,Residual energy capacity,J,Attacco_Burst,20251005-12:01:08,20251005-120108,Attacco_Burst,omnetppB-MAC.ini,,,,,NetworkA,4774,0,#0,results,0,0,NetworkA.sensor2.energyStorage
3,Attacco_Burst-0-20251005-12:01:08-4774,NetworkA.sensor3.energyStorage,residualEnergyCapacity:vector,[0.00000000e+00 4.62798317e-02 6.62798317e-02 6.65678317e-02 7.62798317e-02 7.65678317e-02 8.62798317e-02 8.65678317e-02 9.62798317e-02 9.65678317e-02 1.06279832e-01 1.06567832e-01 1.16279832e-01 1.17783832e-01 1.67783832e-01 1.87783832e-01 2.37783832e-01 2.57783832e-01 3.07783832e-01 3.27783832e-01 3.77783832e-01 3.97783832e-01 4.47783832e-01 4.67783832e-01 5.17783832e-01 5.37783832e-01 5.87783832e-01 5.90595468e-01 5.92899468e-01 6.00595468e-01 6.02899468e-01 6.10595468e-01 6.12899468e-01 6.20595468e-01 6.22899468e-01 6.30595468e-01 6.35971468e-01 6.85971468e-01 6.88336959e-01 6.88624959e-01 6.98336959e-01 6.98624959e-01 7.08336959e-01 7.09840959e-01 7.59840959e-01 7.62708102e-01 7.65012102e-01 7.72708102e-01 7.75012102e-01 7.82708102e-01 7.92628102e-01 8.42628102e-01 8.43825480e-01 8.51521480e-01 8.53825480e-01 8.61521480e-01 8.63825480e-01 8.71521480e-01 8.73825480e-01 8.81521480e-01 8.90737480e-01 9.40737480e-01 9.42855632e-01 9.45159632e-01 9.52855632e-01 9.55159632e-01 9.62855632e-01 9.72711632e-01 1.02271163e+00 1.02800274e+00 1.03030674e+00 1.03800274e+00 1.04030674e+00 1.04800274e+00 1.05689874e+00 1.08003971e+00 1.08013501e+00 1.08042301e+00 1.09013501e+00 1.09042301e+00 1.10013501e+00 1.10042301e+00 1.11013501e+00 1.11042301e+00 1.12013501e+00 1.12221501e+00 1.12491937e+00 1.14259088e+00 1.14489488e+00 1.15259088e+00 1.15489488e+00 1.16259088e+00 1.16489488e+00 1.17259088e+00 1.17489488e+00 1.18259088e+00 1.18489488e+00 1.19259088e+00 1.19321727e+00 1.20052688e+00 1.21276880e+00 1.22700970e+00 1.22931370e+00 1.23700970e+00 1.23931370e+00 1.24700970e+00 1.24931370e+00 1.25700970e+00 1.25931370e+00 1.26700970e+00 1.26931370e+00 1.27700970e+00 1.28366570e+00 1.30254066e+00 1.30811213e+00 1.31041613e+00 1.31811213e+00 1.32041613e+00 1.32811213e+00 1.33041613e+00 1.33811213e+00 1.34041613e+00 1.34811213e+00 1.35041613e+00 1.35811213e+00 1.36412813e+00 1.37131829e+00 1.39131829e+00 1.39160629e+00 1.40131829e+00 1.40160629e+00 1.41131829e+00 1.41160629e+00 1.42131829e+00 1.42160629e+00 1.43131829e+00 1.43160629e+00 1.44131829e+00 1.44282229e+00 1.49282229e+00 1.49386707e+00 1.50156307e+00 1.50386707e+00 1.51156307e+00 1.51386707e+00 1.52156307e+00 1.52841107e+00 1.57841107e+00 1.58039668e+00 1.58270068e+00 1.59039668e+00 1.59270068e+00 1.60039668e+00 1.60884468e+00 1.65884468e+00 1.66218001e+00 1.66246801e+00 1.67218001e+00 1.67246801e+00 1.68218001e+00 1.68246801e+00 1.69218001e+00 1.69368401e+00 1.74368401e+00 1.74674683e+00 1.74703483e+00 1.75674683e+00 1.75703483e+00 1.76674683e+00 1.76703483e+00 1.77674683e+00 1.77882683e+00 1.82882683e+00 1.83303448e+00 1.83332248e+00 1.84303448e+00 1.84332248e+00 1.85303448e+00 1.85511448e+00 1.90511448e+00 1.91142305e+00 1.91171105e+00 1.92142305e+00 1.92171105e+00 1.93142305e+00 1.93350305e+00 1.98350305e+00 1.98554395e+00 1.98583195e+00 1.99554395e+00 1.99583195e+00 2.00554395e+00 2.00762395e+00 2.05762395e+00 2.06268987e+00 2.06297787e+00 2.07268987e+00 2.07297787e+00 2.08268987e+00 2.08419387e+00 2.09768892e+00 2.10640139e+00 2.10668939e+00 2.11640139e+00 2.11668939e+00 2.12640139e+00 2.12668939e+00 2.13640139e+00 2.13668939e+00 2.14640139e+00 2.14668939e+00 2.15640139e+00 2.15790539e+00 2.17347230e+00 2.18066907e+00 2.18095707e+00 2.19066907e+00 2.19095707e+00 2.20066907e+00 2.20095707e+00 2.21066907e+00 2.21095707e+00 2.22066907e+00 2.22095707e+00 2.23066907e+00 2.23274907e+00 2.24916893e+00 2.25302058e+00 2.25433580e+00 2.25532458e+00 2.26302058e+00 2.26532458e+00 2.27302058e+00 2.27532458e+00 2.28302058e+00 2.28532458e+00 2.29302058e+00 2.29532458e+00 2.30302058e+00 2.30852458e+00 2.32199777e+00 2.33046661e+00 2.33277061e+00 2.34046661e+00 2.34277061e+00 2.35046661e+00 2.35277061e+00 2.36046661e+00 2.36277061e+00 2.37046661e+00 2.37277061e+00 2.38046661e+00 2.38526661e+00 2.40470551e+00 2.40718857e+00 2.40949257e+00 2.41718857e+00 2.41949257e+00 2.42718857e+00 2.42949257e+00 2.43718857e+00 2.43949257e+00 2.44718857e+00 2.44949257e+00 2.45718857e+00 2.46467657e+00 2.47486906e+00 2.49486906e+00 2.49515706e+00 2.50486906e+00 2.50515706e+00 2.51486906e+00 2.51515706e+00 2.52486906e+00 2.52515706e+00 2.53486906e+00 2.53515706e+00 2.54486906e+00 2.54637306e+00 2.59637306e+00 2.60539631e+00 2.60568431e+00 2.61539631e+00 2.61568431e+00 2.62539631e+00 2.62690031e+00 2.67690031e+00 2.67730008e+00 2.67758808e+00 2.68730008e+00 2.68758808e+00 2.69730008e+00 2.69938008e+00 2.74938008e+00 2.75503630e+00 2.75734030e+00 2.76503630e+00 2.76734030e+00 2.77503630e+00 2.78022030e+00 2.83022030e+00 2.83211604e+00 2.83981204e+00 2.84211604e+00 2.84981204e+00 2.85211604e+00 2.85981204e+00 2.86211604e+00 2.86981204e+00 2.87480404e+00 2.92480404e+00 2.93116374e+00 2.93145174e+00 2.94116374e+00 2.94145174e+00 2.95116374e+00 2.95266774e+00 3.00266774e+00 3.00395077e+00 3.00423877e+00 3.01395077e+00 3.01423877e+00 3.02395077e+00 3.02545477e+00 3.14489493e+00 3.15414634e+00 3.15443434e+00 3.16414634e+00 3.16443434e+00 3.17414634e+00 3.17443434e+00 3.18414634e+00 3.18622634e+00 3.20456080e+00 3.20810523e+00 3.21040923e+00 3.21810523e+00 3.22040923e+00 3.22810523e+00 3.22960401e+00 3.23040923e+00 3.23810523e+00 3.24040923e+00 3.24810523e+00 3.25040923e+00 3.25810523e+00 3.26789723e+00 3.27345160e+00 3.29345160e+00 3.29373960e+00 3.30345160e+00 3.30373960e+00 3.31345160e+00 3.31373960e+00 3.32345160e+00 3.32373960e+00 3.33345160e+00 3.33373960e+00 3.34345160e+00 3.34495560e+00 3.39495560e+00 3.39514288e+00 3.39744688e+00 3.40514288e+00 3.40744688e+00 3.41514288e+00 3.42365488e+00 3.47365488e+00 3.47629084e+00 3.47859484e+00 3.48629084e+00 3.48859484e+00 3.49629084e+00 3.50416284e+00 3.55416284e+00 3.55782667e+00 3.55811467e+00 3.56782667e+00 3.56811467e+00 3.57782667e+00 3.57933067e+00 3.62933067e+00 3.63672690e+00 3.63903090e+00 3.64672690e+00 3.64903090e+00 3.65672690e+00 3.66376690e+00 3.71376690e+00 3.73376690e+00 3.78376690e+00 3.79072875e+00 3.79280875e+00 3.84280875e+00 3.84778381e+00 3.84807181e+00 3.85778381e+00 3.85807181e+00 3.86778381e+00 3.86986381e+00 3.91986381e+00 3.92778578e+00 3.92807378e+00 3.93778578e+00 3.93807378e+00 3.94778578e+00 3.94986578e+00 3.99986578e+00 4.00432741e+00 4.00461541e+00 4.01432741e+00 4.01461541e+00 4.02432741e+00 4.02640741e+00 4.13508704e+00 4.14128063e+00 4.14358463e+00 4.15128063e+00 4.15358463e+00 4.16128063e+00 4.16358463e+00 4.17128063e+00 4.17358463e+00 4.18128063e+00 4.18358463e+00 4.19128063e+00 4.20017663e+00 4.21253694e+00 4.22620813e+00 4.22851213e+00 4.23620813e+00 4.23851213e+00 4.24620813e+00 4.24728948e+00 4.24851213e+00 4.25620813e+00 4.25851213e+00 4.26620813e+00 4.26851213e+00 4.27620813e+00 4.28472013e+00 4.28742961e+00 4.30742961e+00 4.30771761e+00 4.31742961e+00 4.31771761e+00 4.32742961e+00 4.32771761e+00 4.33742961e+00 4.33771761e+00 4.34742961e+00 4.34771761e+00 4.35742961e+00 4.35893361e+00 4.40893361e+00 4.41099102e+00 4.41329502e+00 4.42099102e+00 4.42329502e+00 4.43099102e+00 4.43854302e+00 4.48854302e+00 4.49450866e+00 4.49681266e+00 4.50450866e+00 4.50681266e+00 4.51450866e+00 4.52001266e+00 4.57001266e+00 4.57337518e+00 4.57366318e+00 4.58337518e+00 4.58366318e+00 4.59337518e+00 4.59545518e+00 4.64545518e+00 4.64849732e+00 4.65080132e+00 4.65483443e+00 4.65512243e+00 4.65849732e+00 4.66080132e+00 4.66483443e+00 4.66512243e+00 4.66849732e+00 4.67080132e+00 4.67483443e+00 4.67512243e+00 4.67849732e+00 4.68342532e+00 4.68483443e+00 4.68633843e+00 4.73633843e+00 4.73701914e+00 4.73730714e+00 4.74701914e+00 4.74730714e+00 4.75701914e+00 4.75909914e+00 4.80909914e+00 4.81352439e+00 4.81381239e+00 4.82352439e+00 4.82381239e+00 4.83352439e+00 4.83560439e+00 4.88560439e+00 4.89432169e+00 4.89460969e+00 4.90432169e+00 4.90460969e+00 4.91432169e+00 4.91640169e+00 4.96640169e+00 4.96839311e+00 4.96868111e+00 4.96869423e+00 4.97839311e+00 4.97868111e+00 4.97869423e+00 4.98640169e+00 5.03640169e+00 5.04323415e+00 5.04352215e+00 5.05323415e+00 5.05352215e+00 5.06323415e+00 5.06473815e+00 5.07612016e+00 5.09296611e+00 5.09527011e+00 5.10296611e+00 5.10527011e+00 5.11296611e+00 5.11527011e+00 5.12296611e+00 5.12527011e+00 5.13296611e+00 5.13527011e+00 5.14296611e+00 5.15122211e+00 5.15260545e+00 5.17260545e+00 5.17289345e+00 5.18260545e+00 5.18289345e+00 5.19260545e+00 5.19289345e+00 5.20260545e+00 5.20289345e+00 5.21260545e+00 5.21289345e+00 5.22052093e+00 5.22260545e+00 5.22410945e+00 5.27410945e+00 5.28157533e+00 5.28186333e+00 5.29157533e+00 5.29186333e+00 5.30157533e+00 5.30365533e+00 5.35365533e+00 5.35436092e+00 5.36205692e+00 5.36436092e+00 5.37205692e+00 5.37436092e+00 5.38205692e+00 5.39044092e+00 5.44044092e+00 5.44549973e+00 5.44578773e+00 5.45549973e+00 5.45578773e+00 5.46549973e+00 5.46757973e+00 5.51757973e+00 5.52490746e+00 5.52721146e+00 5.53490746e+00 5.53721146e+00 5.54490746e+00 5.54721146e+00 5.55490746e+00 5.56354746e+00 5.61354746e+00 5.61388002e+00 5.61618402e+00 5.62388002e+00 5.62618402e+00 5.63388002e+00 5.64060002e+00 5.69060002e+00 5.69083430e+00 5.69112230e+00 5.70083430e+00 5.70112230e+00 5.71083430e+00 5.71233830e+00 5.76233830e+00 5.76953794e+00 5.77184194e+00 5.77953794e+00 5.78184194e+00 5.78953794e+00 5.79452994e+00 5.84452994e+00 5.84571641e+00 5.85341241e+00 5.85571641e+00 5.86341241e+00 5.86571641e+00 5.87341241e+00 5.87571641e+00 5.88341241e+00 5.88904441e+00 5.93904441e+00 5.94304438e+00 5.94333238e+00 5.95304438e+00 5.95333238e+00 5.96304438e+00 5.96454838e+00 6.01454838e+00 6.01491890e+00 6.01520690e+00 6.02491890e+00 6.02520690e+00 6.03491890e+00 6.03642290e+00 6.14584197e+00 6.15467895e+00 6.15496695e+00 6.16467895e+00 6.16496695e+00 6.17467895e+00 6.17496695e+00 6.18467895e+00 6.18496695e+00 6.19467895e+00 6.19675895e+00 6.20892401e+00 6.22892401e+00 6.22921201e+00 6.23892401e+00 6.23921201e+00 6.24892401e+00 6.24921201e+00 6.25892401e+00 6.25921201e+00 6.26892401e+00 6.26921201e+00 6.27892401e+00 6.28042801e+00 6.33042801e+00 6.33106485e+00 6.33135285e+00 6.34106485e+00 6.34135285e+00 6.35106485e+00 6.35314485e+00 6.40314485e+00 6.42314485e+00 6.47314485e+00 6.49314485e+00 6.54314485e+00 6.54314487e+00 6.54464887e+00 6.59464887e+00 6.60193458e+00 6.60423858e+00 6.61193458e+00 6.61423858e+00 6.62193458e+00 6.62423858e+00 6.63193458e+00 6.63226541e+00 6.63692658e+00 6.68692658e+00 6.69152902e+00 6.69383302e+00 6.70152902e+00 6.70383302e+00 6.71152902e+00 6.71383302e+00 6.72152902e+00 6.73119302e+00 6.78119302e+00 6.78337556e+00 6.78366356e+00 6.79337556e+00 6.79366356e+00 6.80337556e+00 6.80545556e+00 6.85545556e+00 6.85970345e+00 6.86200745e+00 6.86970345e+00 6.87200745e+00 6.87970345e+00 6.88840745e+00 6.93840745e+00 6.94213131e+00 6.94443531e+00 6.95213131e+00 6.95443531e+00 6.96213131e+00 6.96968331e+00 7.01968331e+00 7.02138922e+00 7.02369322e+00 7.03138922e+00 7.03369322e+00 7.04138922e+00 7.04855722e+00 7.09615985e+00 7.09831398e+00 7.10061798e+00 7.10831398e+00 7.11061798e+00 7.11831398e+00 7.12061798e+00 7.12831398e+00 7.13650598e+00 7.14735595e+00 7.15665768e+00 7.15694568e+00 7.16665768e+00 7.16694568e+00 7.17665768e+00 7.17694568e+00 7.18665768e+00 7.18694568e+00 7.19665768e+00 7.19694568e+00 7.20665768e+00 7.20873768e+00 7.21008268e+00 7.22923126e+00 7.22951926e+00 7.23923126e+00 7.23951926e+00 7.24923126e+00 7.24951926e+00 7.25923126e+00 7.25951926e+00 7.26923126e+00 7.26951926e+00 7.27923126e+00 7.28131126e+00 7.29088318e+00 7.31038528e+00 7.31088318e+00 7.31117118e+00 7.32088318e+00 7.32117118e+00 7.33088318e+00 7.33117118e+00 7.34088318e+00 7.34117118e+00 7.35088318e+00 7.35117118e+00 7.36088318e+00 7.36238718e+00 7.41238718e+00 7.41972684e+00 7.42203084e+00 7.42972684e+00 7.43203084e+00 7.43972684e+00 7.44202656e+00 7.44203084e+00 7.44972684e+00 7.45881484e+00 7.50881484e+00 7.51339923e+00 7.51570323e+00 7.52339923e+00 7.52570323e+00 7.53339923e+00 7.54287123e+00 7.59287123e+00 7.60054051e+00 7.60082851e+00 7.61054051e+00 7.61082851e+00 7.62054051e+00 7.62204451e+00 7.67204451e+00 7.67853819e+00 7.67882619e+00 7.68853819e+00 7.68882619e+00 7.69853819e+00 7.70061819e+00 7.75061819e+00 7.75061937e+00 7.75292337e+00 7.76061937e+00 7.76292337e+00 7.77061937e+00 7.77804337e+00 7.82804337e+00 7.83428058e+00 7.83658458e+00 7.83684044e+00 7.84428058e+00 7.84658458e+00 7.84684044e+00 7.84804337e+00 7.89804337e+00 7.90191929e+00 7.90220729e+00 7.91191929e+00 7.91220729e+00 7.92191929e+00 7.92220729e+00 7.93191929e+00 7.93220729e+00 7.94191929e+00 7.94220729e+00 7.95191929e+00 7.95399929e+00 8.00399929e+00 8.00451259e+00 8.00480059e+00 8.01451259e+00 8.01480059e+00 8.02451259e+00 8.02601659e+00 8.10474221e+00 8.11054008e+00 8.12474221e+00 8.12503021e+00 8.13474221e+00 8.13503021e+00 8.14474221e+00 8.14503021e+00 8.15474221e+00 8.15503021e+00 8.16474221e+00 8.16503021e+00 8.17474221e+00 8.17624621e+00 8.22624621e+00 8.22850472e+00 8.23620072e+00 8.23850472e+00 8.24620072e+00 8.25356072e+00 8.30356072e+00 8.30620208e+00 8.30850608e+00 8.31620208e+00 8.31850608e+00 8.32620208e+00 8.33330608e+00 8.38330608e+00 8.38697168e+00 8.38927568e+00 8.39697168e+00 8.39927568e+00 8.40697168e+00 8.41337168e+00 8.46337168e+00 8.47048393e+00 8.47278793e+00 8.48048393e+00 8.48278793e+00 8.49048393e+00 8.49401469e+00 8.49752393e+00 8.54752393e+00 8.54770288e+00 8.55741488e+00 8.55770288e+00 8.56741488e+00 8.56770288e+00 8.57741488e+00 8.57949488e+00 8.62949488e+00 8.63134682e+00 8.63163482e+00 8.64134682e+00 8.64163482e+00 8.65134682e+00 8.65285082e+00 8.70285082e+00 8.70451935e+00 8.70682335e+00 8.71451935e+00 8.71682335e+00 8.72451935e+00 8.73123935e+00 8.78123935e+00 8.78622444e+00 8.78852844e+00 8.79622444e+00 8.79852844e+00 8.80622444e+00 8.80852844e+00 8.81622444e+00 8.82288044e+00 8.87288044e+00 8.87456996e+00 8.87687396e+00 8.88456996e+00 8.88687396e+00 8.89456996e+00 8.89687396e+00 8.90456996e+00 8.91052196e+00 8.96052196e+00 8.96252787e+00 8.96281587e+00 8.97252787e+00 8.97281587e+00 8.98252787e+00 8.98403187e+00 9.03403187e+00 9.03436055e+00 9.03464855e+00 9.04436055e+00 9.04464855e+00 9.05436055e+00 9.05586455e+00 9.14168848e+00 9.16168848e+00 9.16197648e+00 9.17168848e+00 9.17197648e+00 9.18168848e+00 9.18197648e+00 9.19168848e+00 9.19197648e+00 9.20168848e+00 9.20197648e+00 9.21168848e+00 9.21319248e+00 9.26319248e+00 9.26882714e+00 9.26911514e+00 9.27882714e+00 9.27911514e+00 9.28882714e+00 9.29090714e+00 9.34090714e+00 9.34218633e+00 9.34449033e+00 9.35218633e+00 9.35449033e+00 9.36218633e+00 9.36807433e+00 9.41807433e+00 9.42382517e+00 9.42612917e+00 9.43382517e+00 9.43612917e+00 9.44382517e+00 9.44612917e+00 9.45382517e+00 9.45984117e+00 9.50984117e+00 9.51301134e+00 9.51329934e+00 9.52301134e+00 9.52329934e+00 9.53301134e+00 9.53329934e+00 9.54301134e+00 9.54329934e+00 9.55301134e+00 9.55509134e+00 9.60509134e+00 9.60533646e+00 9.61504846e+00 9.61533646e+00 9.62504846e+00 9.62533646e+00 9.63504846e+00 9.63655246e+00 9.68655246e+00 9.69043938e+00 9.69274338e+00 9.70043938e+00 9.70274338e+00 9.71043938e+00 9.71495232e+00 9.71895138e+00 9.76895138e+00 9.76921611e+00 9.77152011e+00 9.77921611e+00 9.78152011e+00 9.78921611e+00 9.79670411e+00 9.84670411e+00 9.85395031e+00 9.85625431e+00 9.86395031e+00 9.86625431e+00 9.87395031e+00 9.87625431e+00 9.88395031e+00 9.89310231e+00 9.94310231e+00 9.94350712e+00 9.94379512e+00 9.95350712e+00 9.95379512e+00 9.96350712e+00 9.96558712e+00 1.00155871e+01 1.00183252e+01 1.00186132e+01 1.00283252e+01 1.00286132e+01 1.00383252e+01 1.00398292e+01 1.00984979e+01 1.01057861e+01 1.01060741e+01 1.01157861e+01 1.01172901e+01 1.01197032e+01 1.01397032e+01 1.01399912e+01 1.01497032e+01 1.01499912e+01 1.01597032e+01 1.01599912e+01 1.01697032e+01 1.01699912e+01 1.01797032e+01 1.01799912e+01 1.01897032e+01 1.01912072e+01 1.02412072e+01 1.02431642e+01 1.02454682e+01 1.02531642e+01 1.02554682e+01 1.02631642e+01 1.02684122e+01 1.03184122e+01 1.03188387e+01 1.03265347e+01 1.03288387e+01 1.03365347e+01 1.03388387e+01 1.03465347e+01 1.03559427e+01 1.04059427e+01 1.04077050e+01 1.04154010e+01 1.04177050e+01 1.04254010e+01 1.04277050e+01 1.04354010e+01 1.04377050e+01 1.04454010e+01 1.04507130e+01 1.05007130e+01 1.05020261e+01 1.05023141e+01 1.05120261e+01 1.05123141e+01 1.05220261e+01 1.05241061e+01 1.05741061e+01 1.05762654e+01 1.05765534e+01 1.05862654e+01 1.05865534e+01 1.05962654e+01 1.05977694e+01 1.06477694e+01 1.06544324e+01 1.06547204e+01 1.06644324e+01 1.06647204e+01 1.06744324e+01 1.06765124e+01 1.07265124e+01 1.07281344e+01 1.07284224e+01 1.07381344e+01 1.07384224e+01 1.07481344e+01 1.07502144e+01 1.08002144e+01 1.08083592e+01 1.08086472e+01 1.08183592e+01 1.08186472e+01 1.08283592e+01 1.08304392e+01 1.08804392e+01 1.08849512e+01 1.08872552e+01 1.08949512e+01 1.08958370e+01 1.08972552e+01 1.09049512e+01 1.09072552e+01 1.09149512e+01 1.09204552e+01 1.09704552e+01 1.09722473e+01 1.09725353e+01 1.09822473e+01 1.09825353e+01 1.09922473e+01 1.09937513e+01 1.10437513e+01 1.10446983e+01 1.10521621e+01 1.10524501e+01 1.10546983e+01 1.10621621e+01 1.10624501e+01 1.10646983e+01 1.10721621e+01 1.10742421e+01 1.10793649e+01 1.10796903e+01 1.10961731e+01 1.10964611e+01 1.11061731e+01 1.11064611e+01 1.11161731e+01 1.11164611e+01 1.11261731e+01 1.11264611e+01 1.11361731e+01 1.11364611e+01 1.11461731e+01 1.11482531e+01 1.11573759e+01 1.11734954e+01 1.11737834e+01 1.11834954e+01 1.11837834e+01 1.11934954e+01 1.11937834e+01 1.12034954e+01 1.12037834e+01 1.12134954e+01 1.12137834e+01 1.12234954e+01 1.12255754e+01 1.12331740e+01 1.12512458e+01 1.12515338e+01 1.12612458e+01 1.12615338e+01 1.12712458e+01 1.12715338e+01 1.12812458e+01 1.12815338e+01 1.12912458e+01 1.12915338e+01 1.13012458e+01 1.13033258e+01 1.13190967e+01 1.13250534e+01 1.13273574e+01 1.13335127e+01 1.13338007e+01 1.13350534e+01 1.13373574e+01 1.13435127e+01 1.13438007e+01 1.13450534e+01 1.13473574e+01 1.13535127e+01 1.13538007e+01 1.13550534e+01 1.13573574e+01 1.13635127e+01 1.13638007e+01 1.13650534e+01 1.13673574e+01 1.13735127e+01 1.13738007e+01 1.13750534e+01 1.13845894e+01 1.13850167e+01 1.14038007e+01 1.14170015e+01 1.14180304e+01 1.14257264e+01 1.14280304e+01 1.14357264e+01 1.14380304e+01 1.14457264e+01 1.14480304e+01 1.14557264e+01 1.14619344e+01 1.14775083e+01 1.14938007e+01 1.14940887e+01 1.15038007e+01 1.15040887e+01 1.15138007e+01 1.15140887e+01 1.15238007e+01 1.15240887e+01 1.15338007e+01 1.15340887e+01 1.15438007e+01 1.15453047e+01 1.15589319e+01 1.15704933e+01 1.15727973e+01 1.15804933e+01 1.15827973e+01 1.15904933e+01 1.15927973e+01 1.16004933e+01 1.16027973e+01 1.16104933e+01 1.16127973e+01 1.16204933e+01 1.16258053e+01 1.16375573e+01 1.16493726e+01 1.16516766e+01 1.16593726e+01 1.16616766e+01 1.16693726e+01 1.16716766e+01 1.16793726e+01 1.16816766e+01 1.16893726e+01 1.16916766e+01 1.16993726e+01 1.17045566e+01 1.17119737e+01 1.17247504e+01 1.17270544e+01 1.17347504e+01 1.17357564e+01 1.17370544e+01 1.17447504e+01 1.17470544e+01 1.17547504e+01 1.17570544e+01 1.17647504e+01 1.17670544e+01 1.17747504e+01 1.17837744e+01 1.17877155e+01 1.18064437e+01 1.18077155e+01 1.18080035e+01 1.18177155e+01 1.18180035e+01 1.18277155e+01 1.18280035e+01 1.18377155e+01 1.18380035e+01 1.18477155e+01 1.18480035e+01 1.18577155e+01 1.18592195e+01 1.19092195e+01 1.19161980e+01 1.19164860e+01 1.19261980e+01 1.19264860e+01 1.19361980e+01 1.19377020e+01 1.19877020e+01 1.19884092e+01 1.19886972e+01 1.19984092e+01 1.19986972e+01 1.20084092e+01 1.20104892e+01 1.20727676e+01 1.20736867e+01 1.20739747e+01 1.20836867e+01 1.20851907e+01 1.20907426e+01 1.21107426e+01 1.21110306e+01 1.21207426e+01 1.21210306e+01 1.21307426e+01 1.21310306e+01 1.21407426e+01 1.21410306e+01 1.21507426e+01 1.21510306e+01 1.21607426e+01 1.21622466e+01 1.22122466e+01 1.22148239e+01 1.22171279e+01 1.22248239e+01 1.22271279e+01 1.22348239e+01 1.22427599e+01 1.22927599e+01 1.22992736e+01 1.23015776e+01 1.23092736e+01 1.23115776e+01 1.23192736e+01 1.23275296e+01 1.23775296e+01 1.23779133e+01 1.23856093e+01 1.23879133e+01 1.23956093e+01 1.23979133e+01 1.24056093e+01 1.24079133e+01 1.24156093e+01 1.24216893e+01 1.24716893e+01 1.24799865e+01 1.24802745e+01 1.24899865e+01 1.24902745e+01 1.24999865e+01 1.25020665e+01 1.25520665e+01 1.25523511e+01 1.25600471e+01 1.25623511e+01 1.25700471e+01 1.25723511e+01 1.25800471e+01 1.25884951e+01 1.26384951e+01 1.26479595e+01 1.26482475e+01 1.26579595e+01 1.26582475e+01 1.26679595e+01 1.26694635e+01 1.27194635e+01 1.27200049e+01 1.27201956e+01 1.27202929e+01 1.27300049e+01 1.27302929e+01 1.27400049e+01 1.27420849e+01 1.27920849e+01 1.27968853e+01 1.27971733e+01 1.28068853e+01 1.28071733e+01 1.28168853e+01 1.28189653e+01 1.28689653e+01 1.28691607e+01 1.28714647e+01 1.28791607e+01 1.28814647e+01 1.28891607e+01 1.28954327e+01 1.29454327e+01 1.29504329e+01 1.29507209e+01 1.29604329e+01 1.29619369e+01 1.30119369e+01 1.30130932e+01 1.30153972e+01 1.30230932e+01 1.30253972e+01 1.30330932e+01 1.30353972e+01 1.30430932e+01 1.30501332e+01 1.31446869e+01 1.31467393e+01 1.31470273e+01 1.31567393e+01 1.31570273e+01 1.31667393e+01 1.31670273e+01 1.31767393e+01 1.31770273e+01 1.31867393e+01 1.31870273e+01 1.31967393e+01 1.31988193e+01 1.32186678e+01 1.32351298e+01 1.32374338e+01 1.32386678e+01 1.32389558e+01 1.32486678e+01 1.32489558e+01 1.32586678e+01 1.32589558e+01 1.32686678e+01 1.32689558e+01 1.32786678e+01 1.32789558e+01 1.32886678e+01 1.32901718e+01 1.33401718e+01 1.33407761e+01 1.33410641e+01 1.33507761e+01 1.33510641e+01 1.33607761e+01 1.33628561e+01 1.34128561e+01 1.34154341e+01 1.34157221e+01 1.34178324e+01 1.34254341e+01 1.34257221e+01 1.34278324e+01 1.34354341e+01 1.34357221e+01 1.34378324e+01 1.34454341e+01 1.34475141e+01 1.34975141e+01 1.35020280e+01 1.35043320e+01 1.35120280e+01 1.35143320e+01 1.35220280e+01 1.35243320e+01 1.35320280e+01 1.35405400e+01 1.35905400e+01 1.35938704e+01 1.35941584e+01 1.36038704e+01 1.36041584e+01 1.36138704e+01 1.36159504e+01 1.36659504e+01 1.36683459e+01 1.36706499e+01 1.36783459e+01 1.36806499e+01 1.36883459e+01 1.36968579e+01 1.37468579e+01 1.37539653e+01 1.37562693e+01 1.37563234e+01 1.37639653e+01 1.37662693e+01 1.37663234e+01 1.37668579e+01 1.38168579e+01 1.38361406e+01 1.38364286e+01 1.38461406e+01 1.38464286e+01 1.38561406e+01 1.38564286e+01 1.38661406e+01 1.38664286e+01 1.38761406e+01 1.38764286e+01 1.38861406e+01 1.38882206e+01 1.39382206e+01 1.39400611e+01 1.39403491e+01 1.39500611e+01 1.39503491e+01 1.39600611e+01 1.39615651e+01 1.40115651e+01 1.40163086e+01 1.40165966e+01 1.40263086e+01 1.40265966e+01 1.40363086e+01 1.40383886e+01 1.41163998e+01 1.41356512e+01 1.41363998e+01 1.41366878e+01 1.41463998e+01 1.41466878e+01 1.41550708e+01 1.41563998e+01 1.41566878e+01 1.41663998e+01 1.41666878e+01 1.41763998e+01 1.41766878e+01 1.41863998e+01 1.41879038e+01 1.42379038e+01 1.42428181e+01 1.42451221e+01 1.42528181e+01 1.42551221e+01 1.42628181e+01 1.42651221e+01 1.42728181e+01 1.42751221e+01 1.42828181e+01 1.42908821e+01 1.43408821e+01 1.43436573e+01 1.43459613e+01 1.43536573e+01 1.43559613e+01 1.43636573e+01 1.43659613e+01 1.43736573e+01 1.43789053e+01 1.44289053e+01 1.44317058e+01 1.44340098e+01 1.44417058e+01 1.44440098e+01 1.44517058e+01 1.44540098e+01 1.44617058e+01 1.44711138e+01 1.45211138e+01 1.45224199e+01 1.45247239e+01 1.45324199e+01 1.45347239e+01 1.45424199e+01 1.45495239e+01 1.45995239e+01 1.45997252e+01 1.46094372e+01 1.46097252e+01 1.46194372e+01 1.46215172e+01 1.46715172e+01 1.46791319e+01 1.46814359e+01 1.46891319e+01 1.46914359e+01 1.46991319e+01 1.47078999e+01 1.47578999e+01 1.47628211e+01 1.47651251e+01 1.47728211e+01 1.47751251e+01 1.47828211e+01 1.47925491e+01 1.48425491e+01 1.48505878e+01 1.48508758e+01 1.48605878e+01 1.48608758e+01 1.48705878e+01 1.48726678e+01 1.49226678e+01 1.49284089e+01 1.49307129e+01 1.49384089e+01 1.49392682e+01 1.49407129e+01 1.49484089e+01 1.49551289e+01 1.50051289e+01 1.50096216e+01 1.50099096e+01 1.50196216e+01 1.50211256e+01 1.51322529e+01 1.51351214e+01 1.51354094e+01 1.51451214e+01 1.51454094e+01 1.51551214e+01 1.51554094e+01 1.51651214e+01 1.51654094e+01 1.51751214e+01 1.51772014e+01 1.51848366e+01 1.52023461e+01 1.52026341e+01 1.52123461e+01 1.52126341e+01 1.52223461e+01 1.52226341e+01 1.52323461e+01 1.52326341e+01 1.52423461e+01 1.52426341e+01 1.52523461e+01 1.52538501e+01 1.52719490e+01 1.52797812e+01 1.52800692e+01 1.52897812e+01 1.52900692e+01 1.52997812e+01 1.53000692e+01 1.53097812e+01 1.53100692e+01 1.53197812e+01 1.53200692e+01 1.53297812e+01 1.53312852e+01 1.53334034e+01 1.53534034e+01 1.53536914e+01 1.53634034e+01 1.53636914e+01 1.53734034e+01 1.53736914e+01 1.53834034e+01 1.53836914e+01 1.53934034e+01 1.53936914e+01 1.54034034e+01 1.54049074e+01 1.54549074e+01 1.54639265e+01 1.54642145e+01 1.54739265e+01 1.54742145e+01 1.54839265e+01 1.54842145e+01 1.54939265e+01 1.54960065e+01 1.55460065e+01 1.55471736e+01 1.55474616e+01 1.55571736e+01 1.55574616e+01 1.55671736e+01 1.55692536e+01 1.56192536e+01 1.56219099e+01 1.56221979e+01 1.56319099e+01 1.56321979e+01 1.56419099e+01 1.56434139e+01 1.56934139e+01 1.57008999e+01 1.57032039e+01 1.57108999e+01 1.57132039e+01 1.57208999e+01 1.57279399e+01 1.57779399e+01 1.57826961e+01 1.57850001e+01 1.57926961e+01 1.57950001e+01 1.58026961e+01 1.58089041e+01 1.58589041e+01 1.58674934e+01 1.58677814e+01 1.58774934e+01 1.58795734e+01 1.59295734e+01 1.59354983e+01 1.59357863e+01 1.59379669e+01 1.59454983e+01 1.59457863e+01 1.59479669e+01 1.59554983e+01 1.59570023e+01 1.60070023e+01 1.60127620e+01 1.60130500e+01 1.60227620e+01 1.60230500e+01 1.60327620e+01 1.60330500e+01 1.60427620e+01 1.60430500e+01 1.60527620e+01 1.60542660e+01 1.61283422e+01 1.61292814e+01 1.61315854e+01 1.61392814e+01 1.61470254e+01 1.61496624e+01 1.61696624e+01 1.61699504e+01 1.61796624e+01 1.61799504e+01 1.61896624e+01 1.61899504e+01 1.61996624e+01 1.61999504e+01 1.62096624e+01 1.62099504e+01 1.62196624e+01 1.62211664e+01 1.62711664e+01 1.62733586e+01 1.62810546e+01 1.62833586e+01 1.62910546e+01 1.62933586e+01 1.63010546e+01 1.63033586e+01 1.63110546e+01 1.63191511e+01 1.63209746e+01 1.63709746e+01 1.63751329e+01 1.63774369e+01 1.63851329e+01 1.63874369e+01 1.63951329e+01 1.63974369e+01 1.64051329e+01 1.64129409e+01 1.64629409e+01 1.64643583e+01 1.64666623e+01 1.64743583e+01 1.64766623e+01 1.64843583e+01 1.64908863e+01 1.65408863e+01 1.65439334e+01 1.65462374e+01 1.65539334e+01 1.65562374e+01 1.65639334e+01 1.65731494e+01 1.66231494e+01 1.66257752e+01 1.66280792e+01 1.66357752e+01 1.66380792e+01 1.66457752e+01 1.66556312e+01 1.67056312e+01 1.67128746e+01 1.67131626e+01 1.67228746e+01 1.67231626e+01 1.67328746e+01 1.67349546e+01 1.67849546e+01 1.67853407e+01 1.67856287e+01 1.67953407e+01 1.67956287e+01 1.68053407e+01 1.68068447e+01 1.68568447e+01 1.68598143e+01 1.68621183e+01 1.68698143e+01 1.68721183e+01 1.68798143e+01 1.68890943e+01 1.69390943e+01 1.69445274e+01 1.69448154e+01 1.69545274e+01 1.69548154e+01 1.69645274e+01 1.69660314e+01 1.70160314e+01 1.70209998e+01 1.70212878e+01 1.70309998e+01 1.70312878e+01 1.70409998e+01 1.70425038e+01 1.70956882e+01 1.70987114e+01 1.70989994e+01 1.71087114e+01 1.71089994e+01 1.71187114e+01 1.71207914e+01 1.71358033e+01 1.71413218e+01 1.71416098e+01 1.71513218e+01 1.71516098e+01 1.71613218e+01 1.71616098e+01 1.71713218e+01 1.71716098e+01 1.71813218e+01 1.71816098e+01 1.71913218e+01 1.71934018e+01 1.72127442e+01 1.72306483e+01 1.72327442e+01 1.72330322e+01 1.72427442e+01 1.72430322e+01 1.72527442e+01 1.72530322e+01 1.72627442e+01 1.72630322e+01 1.72727442e+01 1.72730322e+01 1.72827442e+01 1.72842482e+01 1.73342482e+01 1.73349388e+01 1.73352268e+01 1.73449388e+01 1.73452268e+01 1.73549388e+01 1.73570188e+01 1.74070188e+01 1.74136175e+01 1.74139055e+01 1.74236175e+01 1.74239055e+01 1.74336175e+01 1.74340439e+01 1.74356975e+01 1.74856975e+01 1.74877902e+01 1.74900942e+01 1.74977902e+01 1.75000942e+01 1.75077902e+01 1.75170062e+01 1.75670062e+01 1.75699758e+01 1.75702638e+01 1.75799758e+01 1.75802638e+01 1.75899758e+01 1.75914798e+01 1.76414798e+01 1.76420817e+01 1.76443857e+01 1.76520817e+01 1.76543857e+01 1.76620817e+01 1.76643857e+01 1.76720817e+01 1.76818097e+01 1.77318097e+01 1.77342573e+01 1.77365613e+01 1.77442573e+01 1.77465613e+01 1.77542573e+01 1.77565613e+01 1.77642573e+01 1.77710413e+01 1.78210413e+01 1.78212026e+01 1.78288986e+01 1.78312026e+01 1.78388986e+01 1.78412026e+01 1.78488986e+01 1.78512026e+01 1.78588986e+01 1.78659386e+01 1.79159386e+01 1.79187191e+01 1.79210231e+01 1.79287191e+01 1.79310231e+01 1.79387191e+01 1.79410231e+01 1.79487191e+01 1.79551191e+01 1.80051191e+01 1.80078203e+01 1.80081083e+01 1.80081427e+01 1.80084307e+01 1.80103885e+01 1.80178203e+01 1.80181083e+01 1.80181427e+01 1.80184307e+01 1.80203885e+01 1.80278203e+01 1.80281083e+01 1.80281427e+01 1.80302227e+01 1.81206078e+01 1.81305917e+01 1.81308797e+01 1.81405917e+01 1.81408797e+01 1.81505917e+01 1.81508797e+01 1.81605917e+01 1.81608797e+01 1.81705917e+01 1.81708797e+01 1.81805917e+01 1.81826717e+01 1.81964896e+01 1.82046602e+01 1.82049482e+01 1.82146602e+01 1.82149482e+01 1.82246602e+01 1.82249482e+01 1.82346602e+01 1.82349482e+01 1.82446602e+01 1.82449482e+01 1.82546602e+01 1.82561642e+01 1.82700696e+01 1.82819597e+01 1.82822477e+01 1.82919597e+01 1.82922477e+01 1.83019597e+01 1.83022477e+01 1.83119597e+01 1.83122477e+01 1.83219597e+01 1.83222477e+01 1.83319597e+01 1.83340397e+01 1.83534813e+01 1.83660475e+01 1.83663355e+01 1.83760475e+01 1.83763355e+01 1.83860475e+01 1.83863355e+01 1.83960475e+01 1.83963355e+01 1.84060475e+01 1.84063355e+01 1.84160475e+01 1.84181275e+01 1.84364233e+01 1.84384650e+01 1.84407690e+01 1.84484650e+01 1.84507690e+01 1.84584650e+01 1.84607690e+01 1.84684650e+01 1.84693104e+01 1.84707690e+01 1.84784650e+01 1.84807690e+01 1.84884650e+01 1.84962090e+01 1.85028883e+01 1.85228883e+01 1.85231763e+01 1.85328883e+01 1.85331763e+01 1.85428883e+01 1.85431763e+01 1.85528883e+01 1.85531763e+01 1.85628883e+01 1.85631763e+01 1.85728883e+01 1.85743923e+01 1.86243923e+01 1.86263373e+01 1.86266253e+01 1.86363373e+01 1.86366253e+01 1.86463373e+01 1.86478413e+01 1.86978413e+01 1.86982404e+01 1.87005444e+01 1.87082404e+01 1.87105444e+01 1.87182404e+01 1.87205444e+01 1.87282404e+01 1.87351524e+01 1.87851524e+01 1.87869701e+01 1.87892741e+01 1.87969701e+01 1.87992741e+01 1.88069701e+01 1.88125381e+01 1.88625381e+01 1.88690746e+01 1.88713786e+01 1.88790746e+01 1.88813786e+01 1.88890746e+01 1.88913786e+01 1.88990746e+01 1.89068186e+01 1.89568186e+01 1.89591952e+01 1.89594832e+01 1.89691952e+01 1.89694832e+01 1.89791952e+01 1.89794832e+01 1.89891952e+01 1.89906992e+01 1.90406992e+01 1.90410917e+01 1.90487877e+01 1.90510917e+01 1.90587877e+01 1.90610917e+01 1.90687877e+01 1.90751877e+01 1.90860303e+01 1.91060303e+01 1.91063183e+01 1.91160303e+01 1.91163183e+01 1.91260303e+01 1.91263183e+01 1.91360303e+01 1.91363183e+01 1.91460303e+01 1.91463183e+01 1.91560303e+01 1.91575343e+01 1.92075343e+01 1.92099527e+01 1.92102407e+01 1.92199527e+01 1.92202407e+01 1.92299527e+01 1.92314567e+01 1.92814567e+01 1.92850707e+01 1.92853587e+01 1.92950707e+01 1.92953587e+01 1.93050707e+01 1.93053587e+01 1.93150707e+01 1.93171507e+01 1.93671507e+01 1.93728931e+01 1.93731811e+01 1.93828931e+01 1.93831811e+01 1.93928931e+01 1.93949731e+01 1.94449731e+01 1.94458326e+01 1.94461206e+01 1.94558326e+01 1.94561206e+01 1.94658326e+01 1.94679126e+01 1.95179126e+01 1.95186334e+01 1.95209374e+01 1.95226054e+01 1.95228934e+01 1.95286334e+01 1.95309374e+01 1.95326054e+01 1.95328934e+01 1.95386334e+01 1.95389068e+01 1.95463774e+01 1.95526054e+01 1.95528934e+01 1.95626054e+01 1.95628934e+01 1.95726054e+01 1.95741094e+01 1.96241094e+01 1.96290401e+01 1.96293281e+01 1.96390401e+01 1.96393281e+01 1.96490401e+01 1.96511201e+01 1.97011201e+01 1.97071208e+01 1.97094248e+01 1.97171208e+01 1.97194248e+01 1.97271208e+01 1.97352488e+01 1.97852488e+01 1.97856799e+01 1.97933759e+01 1.97956799e+01 1.98033759e+01 1.98056799e+01 1.98133759e+01 1.98156799e+01 1.98233759e+01 1.98322719e+01 1.98822719e+01 1.98835037e+01 1.98911997e+01 1.98935037e+01 1.99011997e+01 1.99035037e+01 1.99111997e+01 1.99208637e+01 1.99708637e+01 1.99725272e+01 1.99728152e+01 1.99825272e+01 1.99840312e+01 2.00340312e+01 2.00389792e+01 2.00392672e+01 2.00489792e+01 2.00492672e+01 2.00589792e+01 2.00610592e+01 2.00622808e+01 2.00822581e+01 2.00822808e+01 2.00825688e+01 2.00922808e+01 2.00925688e+01 2.01022808e+01 2.01025688e+01 2.01122808e+01 2.01125688e+01 2.01222808e+01 2.01225688e+01 2.01322808e+01 2.01337848e+01 2.01837848e+01 2.01844001e+01 2.01846881e+01 2.01944001e+01 2.01946881e+01 2.02044001e+01 2.02064801e+01 2.02564801e+01 2.02565839e+01 2.02568719e+01 2.02665839e+01 2.02668719e+01 2.02765839e+01 2.02780879e+01 2.03280879e+01 2.03313653e+01 2.03336693e+01 2.03413653e+01 2.03436693e+01 2.03513653e+01 2.03536693e+01 2.03613653e+01 2.03669333e+01 2.04169333e+01 2.04234931e+01 2.04257971e+01 2.04334931e+01 2.04357971e+01 2.04434931e+01 2.04506611e+01 2.05006611e+01 2.05069819e+01 2.05072699e+01 2.05169819e+01 2.05172699e+01 2.05269819e+01 2.05286048e+01 2.05290619e+01 2.05790619e+01 2.05852469e+01 2.05855349e+01 2.05952469e+01 2.05955349e+01 2.06052469e+01 2.06073269e+01 2.06573269e+01 2.06630070e+01 2.06653110e+01 2.06730070e+01 2.06753110e+01 2.06830070e+01 2.06898550e+01 2.07398550e+01 2.07446232e+01 2.07449112e+01 2.07546232e+01 2.07549112e+01 2.07646232e+01 2.07661272e+01 2.08161272e+01 2.08164176e+01 2.08187216e+01 2.08264176e+01 2.08287216e+01 2.08364176e+01 2.08387216e+01 2.08464176e+01 2.08524976e+01 2.09024976e+01 2.09034537e+01 2.09111497e+01 2.09134537e+01 2.09211497e+01 2.09234537e+01 2.09311497e+01 2.09377417e+01 2.09877417e+01 2.09904105e+01 2.09906985e+01 2.10004105e+01 2.10006985e+01 2.10104105e+01 2.10119145e+01 2.11236156e+01 2.11271752e+01 2.11294792e+01 2.11371752e+01 2.11394792e+01 2.11471752e+01 2.11494792e+01 2.11571752e+01 2.11594792e+01 2.11671752e+01 2.11735752e+01 2.11743265e+01 2.11943265e+01 2.11946145e+01 2.12043265e+01 2.12046145e+01 2.12143265e+01 2.12146145e+01 2.12243265e+01 2.12246145e+01 2.12343265e+01 2.12346145e+01 2.12443265e+01 2.12458305e+01 2.12958305e+01 2.12961042e+01 2.13058162e+01 2.13061042e+01 2.13158162e+01 2.13161042e+01 2.13258162e+01 2.13261042e+01 2.13358162e+01 2.13378962e+01 2.13878962e+01 2.13913370e+01 2.13916250e+01 2.14013370e+01 2.14016250e+01 2.14113370e+01 2.14116250e+01 2.14213370e+01 2.14234170e+01 2.14734170e+01 2.14746983e+01 2.14749863e+01 2.14846983e+01 2.14849863e+01 2.14946983e+01 2.14949863e+01 2.15046983e+01 2.15067783e+01 2.15567783e+01 2.15590480e+01 2.15593360e+01 2.15690480e+01 2.15693360e+01 2.15790480e+01 2.15805520e+01 2.16305520e+01 2.16309859e+01 2.16332899e+01 2.16409859e+01 2.16432899e+01 2.16509859e+01 2.16575779e+01 2.17075779e+01 2.17103229e+01 2.17126269e+01 2.17203229e+01 2.17226269e+01 2.17303229e+01 2.17357420e+01 2.17366589e+01 2.17866589e+01 2.17902471e+01 2.17925511e+01 2.18002471e+01 2.18025511e+01 2.18102471e+01 2.18179271e+01 2.18679271e+01 2.18702735e+01 2.18725775e+01 2.18802735e+01 2.18825775e+01 2.18902735e+01 2.18993615e+01 2.19493615e+01 2.19546123e+01 2.19549003e+01 2.19646123e+01 2.19649003e+01 2.19746123e+01 2.19766923e+01 2.20266923e+01 2.20286166e+01 2.20289046e+01 2.20386166e+01 2.20389046e+01 2.20486166e+01 2.20489046e+01 2.20586166e+01 2.20601206e+01 2.20677273e+01 2.20830769e+01 2.20853809e+01 2.20930769e+01 2.20953809e+01 2.21030769e+01 2.21053809e+01 2.21130769e+01 2.21153809e+01 2.21230769e+01 2.21253809e+01 2.21330769e+01 2.21387089e+01 2.21566405e+01 2.21663577e+01 2.21686617e+01 2.21763577e+01 2.21786617e+01 2.21863577e+01 2.21886617e+01 2.21963577e+01 2.21986617e+01 2.22063577e+01 2.22086617e+01 2.22163577e+01 2.22215417e+01 2.22310055e+01 2.22427124e+01 2.22450164e+01 2.22527124e+01 2.22550164e+01 2.22627124e+01 2.22650164e+01 2.22727124e+01 2.22750164e+01 2.22827124e+01 2.22850164e+01 2.22927124e+01 2.22991764e+01 2.23093442e+01 2.23214930e+01 2.23237970e+01 2.23314930e+01 2.23337970e+01 2.23414930e+01 2.23437970e+01 2.23514930e+01 2.23537970e+01 2.23614930e+01 2.23637970e+01 2.23714930e+01 2.23761737e+01 2.23782130e+01 2.23802122e+01 2.24002122e+01 2.24005002e+01 2.24102122e+01 2.24105002e+01 2.24202122e+01 2.24205002e+01 2.24302122e+01 2.24305002e+01 2.24402122e+01 2.24405002e+01 2.24502122e+01 2.24517162e+01 2.25017162e+01 2.25025094e+01 2.25048134e+01 2.25125094e+01 2.25148134e+01 2.25225094e+01 2.25296774e+01 2.25796774e+01 2.25834988e+01 2.25837868e+01 2.25934988e+01 2.25937868e+01 2.26034988e+01 2.26050028e+01 2.26550028e+01 2.26597081e+01 2.26599961e+01 2.26697081e+01 2.26699961e+01 2.26797081e+01 2.26817881e+01 2.27317881e+01 2.27329655e+01 2.27332535e+01 2.27429655e+01 2.27432535e+01 2.27529655e+01 2.27550455e+01 2.28050455e+01 2.28075224e+01 2.28078104e+01 2.28175224e+01 2.28178104e+01 2.28275224e+01 2.28296024e+01 2.28796024e+01 2.28800419e+01 2.28803299e+01 2.28900419e+01 2.28903299e+01 2.29000419e+01 2.29021219e+01 2.29521219e+01 2.29551903e+01 2.29554783e+01 2.29651903e+01 2.29654783e+01 2.29751903e+01 2.29754783e+01 2.29851903e+01 2.29872703e+01 2.30372703e+01 2.30428934e+01 2.30431814e+01 2.30528934e+01 2.30531814e+01 2.30628934e+01 2.30643974e+01 2.30723906e+01 2.30865932e+01 2.30868812e+01 2.30965932e+01 2.30968812e+01 2.31065932e+01 2.31068812e+01 2.31165932e+01 2.31168812e+01 2.31265932e+01 2.31268812e+01 2.31365932e+01 2.31380972e+01 2.31386899e+01 2.31586899e+01 2.31589779e+01 2.31686899e+01 2.31689779e+01 2.31786899e+01 2.31789779e+01 2.31886899e+01 2.31889779e+01 2.31986899e+01 2.31989779e+01 2.32086899e+01 2.32101939e+01 2.32601939e+01 2.32622600e+01 2.32645640e+01 2.32722600e+01 2.32745640e+01 2.32822600e+01 2.32891080e+01 2.33391080e+01 2.33420270e+01 2.33423150e+01 2.33520270e+01 2.33523150e+01 2.33620270e+01 2.33641070e+01 2.34141070e+01 2.34141312e+01 2.34144192e+01 2.34241312e+01 2.34244192e+01 2.34341312e+01 2.34362112e+01 2.34862112e+01 2.34866001e+01 2.34942961e+01 2.34966001e+01 2.35042961e+01 2.35066001e+01 2.35142961e+01 2.35230641e+01 2.35730641e+01 2.35775466e+01 2.35778346e+01 2.35875466e+01 2.35878346e+01 2.35975466e+01 2.35978346e+01 2.36075466e+01 2.36090506e+01 2.36590506e+01 2.36628620e+01 2.36651660e+01 2.36728620e+01 2.36751660e+01 2.36828620e+01 2.36917580e+01 2.37417580e+01 2.37488625e+01 2.37497564e+01 2.37511665e+01 2.37588625e+01 2.37611665e+01 2.37688625e+01 2.37750705e+01 2.38250705e+01 2.38265920e+01 2.38268800e+01 2.38365920e+01 2.38368800e+01 2.38465920e+01 2.38486720e+01 2.38986720e+01 2.39040855e+01 2.39043735e+01 2.39140855e+01 2.39143735e+01 2.39240855e+01 2.39243735e+01 2.39340855e+01 2.39361655e+01 2.39861655e+01 2.39869112e+01 2.39892152e+01 2.39969112e+01 2.39992152e+01 2.40061655e+01 2.40561655e+01 2.40591392e+01 2.40594272e+01 2.40691392e+01 2.40694272e+01 2.40791392e+01 2.40794272e+01 2.40891392e+01 2.40894272e+01 2.40991392e+01 2.40994272e+01 2.41091392e+01 2.41112192e+01 2.41294431e+01 2.41424128e+01 2.41427008e+01 2.41524128e+01 2.41527008e+01 2.41624128e+01 2.41627008e+01 2.41724128e+01 2.41727008e+01 2.41824128e+01 2.41827008e+01 2.41924128e+01 2.41944928e+01 2.42036210e+01 2.42236210e+01 2.42239090e+01 2.42336210e+01 2.42339090e+01 2.42436210e+01 2.42439090e+01 2.42536210e+01 2.42539090e+01 2.42636210e+01 2.42639090e+01 2.42736210e+01 2.42751250e+01 2.43251250e+01 2.43291170e+01 2.43294050e+01 2.43391170e+01 2.43394050e+01 2.43491170e+01 2.43511970e+01 2.44011970e+01 2.44020400e+01 2.44097360e+01 2.44120400e+01 2.44197360e+01 2.44220400e+01 2.44297360e+01 2.44395280e+01 2.44895280e+01 2.44951576e+01 2.44974616e+01 2.45051576e+01 2.45074616e+01 2.45151576e+01 2.45174616e+01 2.45251576e+01 2.45320696e+01 2.45820696e+01 2.45839820e+01 2.45862860e+01 2.45939820e+01 2.45962860e+01 2.46039820e+01 2.46102540e+01 2.46602540e+01 2.46641083e+01 2.46643963e+01 2.46741083e+01 2.46743963e+01 2.46841083e+01 2.46856123e+01 2.47356123e+01 2.47384594e+01 2.47387474e+01 2.47484594e+01 2.47487474e+01 2.47584594e+01 2.47587474e+01 2.47684594e+01 2.47705394e+01 2.48205394e+01 2.48278376e+01 2.48281256e+01 2.48378376e+01 2.48381256e+01 2.48478376e+01 2.48499176e+01 2.48999176e+01 2.49051358e+01 2.49074398e+01 2.49151358e+01 2.49174398e+01 2.49251358e+01 2.49303838e+01 2.49803838e+01 2.49823337e+01 2.49826217e+01 2.49923337e+01 2.49926217e+01 2.50023337e+01 2.50038377e+01 2.50538377e+01 2.50561854e+01 2.50583072e+01 2.50584894e+01 2.50661854e+01 2.50684894e+01 2.50761854e+01 2.50829054e+01 2.51023200e+01 2.51061023e+01 2.51084063e+01 2.51161023e+01 2.51184063e+01 2.51261023e+01 2.51284063e+01 2.51361023e+01 2.51384063e+01 2.51461023e+01 2.51484063e+01 2.51561023e+01 2.51639103e+01 2.51704779e+01 2.51904779e+01 2.51907659e+01 2.52004779e+01 2.52007659e+01 2.52104779e+01 2.52107659e+01 2.52204779e+01 2.52207659e+01 2.52304779e+01 2.52307659e+01 2.52404779e+01 2.52419819e+01 2.52919819e+01 2.52921346e+01 2.52924226e+01 2.53021346e+01 2.53024226e+01 2.53121346e+01 2.53124226e+01 2.53221346e+01 2.53242146e+01 2.53742146e+01 2.53802227e+01 2.53805107e+01 2.53902227e+01 2.53905107e+01 2.54002227e+01 2.54023027e+01 2.54523027e+01 2.54529124e+01 2.54606084e+01 2.54629124e+01 2.54706084e+01 2.54729124e+01 2.54806084e+01 2.54873284e+01 2.55373284e+01 2.55377436e+01 2.55380316e+01 2.55440491e+01 2.55443371e+01 2.55456406e+01 2.55479446e+01 2.55480316e+01 2.55540491e+01 2.55543371e+01 2.55556406e+01 2.55579446e+01 2.55580316e+01 2.55640491e+01 2.55643371e+01 2.55656406e+01 2.55742166e+01 2.55743371e+01 2.55840491e+01 2.55861291e+01 2.56361291e+01 2.56361568e+01 2.56364448e+01 2.56461568e+01 2.56464448e+01 2.56561568e+01 2.56582368e+01 2.57082368e+01 2.57131906e+01 2.57154946e+01 2.57231906e+01 2.57254946e+01 2.57331906e+01 2.57385026e+01 2.57885026e+01 2.57903775e+01 2.57980735e+01 2.58003775e+01 2.58080735e+01 2.58103775e+01 2.58180735e+01 2.58203775e+01 2.58280735e+01 2.58372895e+01 2.58872895e+01 2.58901631e+01 2.58902679e+01 2.58924671e+01 2.59001631e+01 2.59024671e+01 2.59101631e+01 2.59124671e+01 2.59201631e+01 2.59259871e+01 2.59759871e+01 2.59763757e+01 2.59766637e+01 2.59863757e+01 2.59866637e+01 2.59963757e+01 2.59978797e+01 2.60478797e+01 2.60525012e+01 2.60548052e+01 2.60625012e+01 2.60648052e+01 2.60725012e+01 2.60797972e+01 2.60942258e+01 2.61031182e+01 2.61034062e+01 2.61131182e+01 2.61134062e+01 2.61231182e+01 2.61234062e+01 2.61331182e+01 2.61334062e+01 2.61431182e+01 2.61434062e+01 2.61531182e+01 2.61546222e+01 2.61636841e+01 2.61836841e+01 2.61839721e+01 2.61936841e+01 2.61939721e+01 2.62036841e+01 2.62039721e+01 2.62136841e+01 2.62139721e+01 2.62236841e+01 2.62239721e+01 2.62336841e+01 2.62351881e+01 2.62851881e+01 2.62892995e+01 2.62895875e+01 2.62992995e+01 2.62995875e+01 2.63092995e+01 2.63113795e+01 2.63613795e+01 2.63620889e+01 2.63623769e+01 2.63720889e+01 2.63723769e+01 2.63820889e+01 2.63823769e+01 2.63920889e+01 2.63941689e+01 2.64441689e+01 2.64469504e+01 2.64492544e+01 2.64569504e+01 2.64592544e+01 2.64669504e+01 2.64759104e+01 2.65259104e+01 2.65330252e+01 2.65333132e+01 2.65430252e+01 2.65433132e+01 2.65530252e+01 2.65533132e+01 2.65630252e+01 2.65645292e+01 2.66145292e+01 2.66190668e+01 2.66213708e+01 2.66290668e+01 2.66313708e+01 2.66345292e+01 2.66845292e+01 2.66850181e+01 2.66853061e+01 2.66950181e+01 2.66953061e+01 2.67050181e+01 2.67053061e+01 2.67150181e+01 2.67153061e+01 2.67250181e+01 2.67270981e+01 2.67770981e+01 2.67802258e+01 2.67805138e+01 2.67902258e+01 2.67905138e+01 2.68002258e+01 2.68023058e+01 2.68523058e+01 2.68583899e+01 2.68606939e+01 2.68683899e+01 2.68706939e+01 2.68783899e+01 2.68855579e+01 2.69355579e+01 2.69362891e+01 2.69385931e+01 2.69462891e+01 2.69485931e+01 2.69555579e+01 2.70055579e+01 2.70057058e+01 2.70134018e+01 2.70157058e+01 2.70234018e+01 2.70257058e+01 2.70334018e+01 2.70357058e+01 2.70434018e+01 2.70491905e+01 2.70532578e+01 2.71515352e+01 2.71604490e+01 2.71607370e+01 2.71609015e+01 2.71704490e+01 2.71707370e+01 2.71709015e+01 2.71804490e+01 2.71807370e+01 2.71809015e+01 2.71904490e+01 2.71907370e+01 2.71909015e+01 2.72004490e+01 2.72025290e+01 2.72153231e+01 2.72306952e+01 2.72329992e+01 2.72406952e+01 2.72429992e+01 2.72506952e+01 2.72529992e+01 2.72606952e+01 2.72629992e+01 2.72706952e+01 2.72729992e+01 2.72806952e+01 2.72881192e+01 2.73000405e+01 2.73200405e+01 2.73203285e+01 2.73300405e+01 2.73303285e+01 2.73400405e+01 2.73403285e+01 2.73500405e+01 2.73503285e+01 2.73600405e+01 2.73603285e+01 2.73700405e+01 2.73715445e+01 2.74215445e+01 2.74229602e+01 2.74306562e+01 2.74329602e+01 2.74406562e+01 2.74429602e+01 2.74506562e+01 2.74582082e+01 2.75082082e+01 2.75217515e+01 2.75240555e+01 2.75317515e+01 2.75340555e+01 2.75417515e+01 2.75440555e+01 2.75517515e+01 2.75540555e+01 2.75617515e+01 2.75640555e+01 2.75717515e+01 2.75809675e+01 2.76309675e+01 2.76356310e+01 2.76359190e+01 2.76456310e+01 2.76459190e+01 2.76556310e+01 2.76571350e+01 2.77071350e+01 2.77107957e+01 2.77130997e+01 2.77207957e+01 2.77230997e+01 2.77307957e+01 2.77391157e+01 2.77891157e+01 2.77964683e+01 2.77987723e+01 2.78064683e+01 2.78087723e+01 2.78164683e+01 2.78256203e+01 2.78756203e+01 2.78761584e+01 2.78784624e+01 2.78861584e+01 2.78866356e+01 2.78884624e+01 2.78961584e+01 2.78984624e+01 2.79061584e+01 2.79121744e+01 2.79621744e+01 2.79634632e+01 2.79637512e+01 2.79734632e+01 2.79737512e+01 2.79834632e+01 2.79849672e+01 2.80349672e+01 2.80367321e+01 2.80370201e+01 2.80467321e+01 2.80470201e+01 2.80567321e+01 2.80582361e+01 2.81298222e+01 2.81325441e+01 2.81346241e+01 2.81377686e+01 2.81577686e+01 2.81580566e+01 2.81677686e+01 2.81680566e+01 2.81777686e+01 2.81780566e+01 2.81877686e+01 2.81880566e+01 2.81977686e+01 2.81980566e+01 2.82077686e+01 2.82092726e+01 2.82592726e+01 2.82597877e+01 2.82600757e+01 2.82697877e+01 2.82700757e+01 2.82797877e+01 2.82818677e+01 2.83318677e+01 2.83328548e+01 2.83351588e+01 2.83428548e+01 2.83451588e+01 2.83518677e+01 2.84018677e+01 2.84058917e+01 2.84061797e+01 2.84082486e+01 2.84158917e+01 2.84161797e+01 2.84182486e+01 2.84258917e+01 2.84261797e+01 2.84282486e+01 2.84358917e+01 2.84379717e+01 2.84879717e+01 2.84886172e+01 2.84889052e+01 2.84986172e+01 2.84989052e+01 2.85086172e+01 2.85106972e+01 2.85606972e+01 2.85628414e+01 2.85631294e+01 2.85728414e+01 2.85731294e+01 2.85828414e+01 2.85849214e+01 2.86349214e+01 2.86358398e+01 2.86381438e+01 2.86458398e+01 2.86481438e+01 2.86558398e+01 2.86581438e+01 2.86658398e+01 2.86709598e+01 2.87209598e+01 2.87227267e+01 2.87304227e+01 2.87327267e+01 2.87404227e+01 2.87427267e+01 2.87504227e+01 2.87597667e+01 2.88097667e+01 2.88191882e+01 2.88194762e+01 2.88291882e+01 2.88312682e+01 2.88812682e+01 2.88887384e+01 2.88890264e+01 2.88987384e+01 2.88990264e+01 2.89087384e+01 2.89102424e+01 2.89602424e+01 2.89603456e+01 2.89606336e+01 2.89703456e+01 2.89706336e+01 2.89803456e+01 2.89818496e+01 2.90318496e+01 2.90395538e+01 2.90398418e+01 2.90495538e+01 2.90498418e+01 2.90595538e+01 2.90598418e+01 2.90695538e+01 2.90710578e+01 2.90736116e+01 2.90936116e+01 2.90938996e+01 2.91036116e+01 2.91038996e+01 2.91136116e+01 2.91138996e+01 2.91236116e+01 2.91238996e+01 2.91336116e+01 2.91338996e+01 2.91436116e+01 2.91451156e+01 2.91951156e+01 2.91961620e+01 2.92038580e+01 2.92061620e+01 2.92138580e+01 2.92161620e+01 2.92238580e+01 2.92261620e+01 2.92338580e+01 2.92415432e+01 2.92419860e+01 2.92919860e+01 2.92946035e+01 2.92969075e+01 2.93046035e+01 2.93069075e+01 2.93146035e+01 2.93169075e+01 2.93246035e+01 2.93298515e+01 2.93798515e+01 2.93804770e+01 2.93807650e+01 2.93904770e+01 2.93907650e+01 2.94004770e+01 2.94007650e+01 2.94104770e+01 2.94125570e+01 2.94625570e+01 2.94644000e+01 2.94720960e+01 2.94744000e+01 2.94820960e+01 2.94844000e+01 2.94920960e+01 2.95015680e+01 2.95515680e+01 2.95545240e+01 2.95548120e+01 2.95645240e+01 2.95648120e+01 2.95745240e+01 2.95760280e+01 2.96260280e+01 2.96300482e+01 2.96303362e+01 2.96400482e+01 2.96403362e+01 2.96500482e+01 2.96521282e+01 2.97021282e+01 2.97042701e+01 2.97119661e+01 2.97142701e+01 2.97219661e+01 2.97242701e+01 2.97319661e+01 2.97374701e+01 2.97874701e+01 2.97926850e+01 2.97949890e+01 2.98026850e+01 2.98049890e+01 2.98126850e+01 2.98149890e+01 2.98226850e+01 2.98307490e+01 2.98807490e+01 2.98844594e+01 2.98867634e+01 2.98944594e+01 2.98967634e+01 2.99044594e+01 2.99127794e+01 2.99627794e+01 2.99706184e+01 2.99709064e+01 2.99806184e+01 2.99821224e+01 3.00321224e+01 3.00374506e+01 3.00397546e+01 3.00474506e+01 3.00497546e+01 3.00521224e+01 3.01104721e+01 3.01155968e+01 3.01179008e+01 3.01255968e+01 3.01279008e+01 3.01355968e+01 3.01379008e+01 3.01455968e+01 3.01553888e+01 3.01687735e+01 3.01887735e+01 3.01890615e+01 3.01987735e+01 3.01990615e+01 3.02087735e+01 3.02090615e+01 3.02187735e+01 3.02189472e+01 3.02190615e+01 3.02287735e+01 3.02290615e+01 3.02387735e+01 3.02402775e+01 3.02902775e+01 3.02956950e+01 3.02959830e+01 3.03056950e+01 3.03059830e+01 3.03156950e+01 3.03159830e+01 3.03256950e+01 3.03277750e+01 3.03777750e+01 3.03850940e+01 3.03873980e+01 3.03950940e+01 3.03973980e+01 3.04050940e+01 3.04073980e+01 3.04150940e+01 3.04214940e+01 3.04714940e+01 3.04735262e+01 3.04812222e+01 3.04835262e+01 3.04912222e+01 3.04935262e+01 3.05012222e+01 3.05081982e+01 3.05581982e+01 3.05616421e+01 3.05639461e+01 3.05716421e+01 3.05739461e+01 3.05816421e+01 3.05874661e+01 3.06374661e+01 3.06400208e+01 3.06423248e+01 3.06500208e+01 3.06523248e+01 3.06600208e+01 3.06623248e+01 3.06700208e+01 3.06769328e+01 3.07269328e+01 3.07308783e+01 3.07311663e+01 3.07408783e+01 3.07411663e+01 3.07508783e+01 3.07511663e+01 3.07608783e+01 3.07623823e+01 3.08123823e+01 3.08135701e+01 3.08158741e+01 3.08235701e+01 3.08258741e+01 3.08335701e+01 3.08433621e+01 3.08933621e+01 3.08948727e+01 3.08971767e+01 3.09048727e+01 3.09071767e+01 3.09148727e+01 3.09171767e+01 3.09248727e+01 3.09309527e+01 3.09809527e+01 3.09837274e+01 3.09840154e+01 3.09937274e+01 3.09940154e+01 3.10037274e+01 3.10052314e+01 3.10552314e+01 3.10575495e+01 3.10578375e+01 3.10675495e+01 3.10678375e+01 3.10775495e+01 3.10790535e+01 3.10890006e+01 3.11001910e+01 3.11004790e+01 3.11101910e+01 3.11104790e+01 3.11201910e+01 3.11204790e+01 3.11301910e+01 3.11304790e+01 3.11401910e+01 3.11404790e+01 3.11501910e+01 3.11522710e+01 3.11540187e+01 3.11740187e+01 3.11743067e+01 3.11840187e+01 3.11843067e+01 3.11940187e+01 3.11943067e+01 3.12040187e+01 3.12043067e+01 3.12140187e+01 3.12140200e+01 3.12143067e+01 3.12240187e+01 3.12255227e+01 3.12755227e+01 3.12770034e+01 3.12772914e+01 3.12870034e+01 3.12872914e+01 3.12970034e+01 3.12972914e+01 3.13070034e+01 3.13090834e+01 3.13590834e+01 3.13594300e+01 3.13617340e+01 3.13694300e+01 3.13717340e+01 3.13790834e+01 3.14290834e+01 3.14336522e+01 3.14339402e+01 3.14436522e+01 3.14439402e+01 3.14536522e+01 3.14539402e+01 3.14636522e+01 3.14639402e+01 3.14736522e+01 3.14757322e+01 3.15257322e+01 3.15267556e+01 3.15270436e+01 3.15367556e+01 3.15370436e+01 3.15467556e+01 3.15488356e+01 3.15988356e+01 3.16011244e+01 3.16014124e+01 3.16111244e+01 3.16114124e+01 3.16211244e+01 3.16214124e+01 3.16311244e+01 3.16332044e+01 3.16832044e+01 3.16839756e+01 3.16862796e+01 3.16939756e+01 3.16962796e+01 3.17039756e+01 3.17090316e+01 3.17590316e+01 3.17644938e+01 3.17647818e+01 3.17744938e+01 3.17747818e+01 3.17844938e+01 3.17847818e+01 3.17944938e+01 3.17959978e+01 3.18459978e+01 3.18488863e+01 3.18511903e+01 3.18588863e+01 3.18611903e+01 3.18688863e+01 3.18711903e+01 3.18788863e+01 3.18868223e+01 3.19368223e+01 3.19418516e+01 3.19421396e+01 3.19518516e+01 3.19521396e+01 3.19618516e+01 3.19633556e+01 3.20133556e+01 3.20188245e+01 3.20191125e+01 3.20288245e+01 3.20291125e+01 3.20388245e+01 3.20409045e+01 3.21289557e+01 3.21438606e+01 3.21441486e+01 3.21538606e+01 3.21541486e+01 3.21638606e+01 3.21641486e+01 3.21738606e+01 3.21741486e+01 3.21838606e+01 3.21841486e+01 3.21938606e+01 3.21959406e+01 3.22118307e+01 3.22304960e+01 3.22307840e+01 3.22404960e+01 3.22407840e+01 3.22504960e+01 3.22507840e+01 3.22604960e+01 3.22607840e+01 3.22704960e+01 3.22707840e+01 3.22804960e+01 3.22825760e+01 3.22889544e+01 3.23069293e+01 3.23072173e+01 3.23169293e+01 3.23172173e+01 3.23269293e+01 3.23272173e+01 3.23369293e+01 3.23372173e+01 3.23469293e+01 3.23472173e+01 3.23569293e+01 3.23590093e+01 3.23622565e+01 3.23822565e+01 3.23825445e+01 3.23922565e+01 3.23925445e+01 3.24022565e+01 3.24025445e+01 3.24122565e+01 3.24125445e+01 3.24222565e+01 3.24225445e+01 3.24322565e+01 3.24337605e+01 3.24837605e+01 3.24895773e+01 3.24898653e+01 3.24995773e+01 3.24998653e+01 3.25095773e+01 3.25116573e+01 3.25616573e+01 3.25658033e+01 3.25681073e+01 3.25758033e+01 3.25781073e+01 3.25858033e+01 3.25942513e+01 3.26442513e+01 3.26461565e+01 3.26538525e+01 3.26561565e+01 3.26638525e+01 3.26661565e+01 3.26738525e+01 3.26816605e+01 3.27316605e+01 3.27337421e+01 3.27340301e+01 3.27437421e+01 3.27437604e+01 3.27440301e+01 3.27537421e+01 3.27540301e+01 3.27637421e+01 3.27652461e+01 3.28152461e+01 3.28176070e+01 3.28199110e+01 3.28199362e+01 3.28276070e+01 3.28299110e+01 3.28299362e+01 3.28352461e+01 3.28852461e+01 3.28941861e+01 3.28944741e+01 3.29041861e+01 3.29044741e+01 3.29141861e+01 3.29144741e+01 3.29241861e+01 3.29262661e+01 3.29762661e+01 3.29789625e+01 3.29792505e+01 3.29889625e+01 3.29892505e+01 3.29989625e+01 3.30004665e+01 3.30504665e+01 3.30525946e+01 3.30601183e+01 3.30604063e+01 3.30625946e+01 3.30701183e+01 3.30704063e+01 3.30725946e+01 3.30801183e+01 3.30816223e+01 3.30909647e+01 3.31089632e+01 3.31092512e+01 3.31189632e+01 3.31192512e+01 3.31289632e+01 3.31292512e+01 3.31389632e+01 3.31392512e+01 3.31489632e+01 3.31492512e+01 3.31589632e+01 3.31610432e+01 3.31668481e+01 3.31825545e+01 3.31828425e+01 3.31925545e+01 3.31928425e+01 3.32025545e+01 3.32028425e+01 3.32125545e+01 3.32128425e+01 3.32225545e+01 3.32228425e+01 3.32325545e+01 3.32346345e+01 3.32407180e+01 3.32607180e+01 3.32610060e+01 3.32707180e+01 3.32710060e+01 3.32807180e+01 3.32810060e+01 3.32907180e+01 3.32910060e+01 3.33007180e+01 3.33010060e+01 3.33107180e+01 3.33122220e+01 3.33622220e+01 3.33822220e+01 3.34322220e+01 3.34522220e+01 3.35022220e+01 3.35222220e+01 3.35722220e+01 3.35812216e+01 3.35815096e+01 3.35912216e+01 3.35927256e+01 3.36427256e+01 3.36479302e+01 3.36502342e+01 3.36579302e+01 3.36602342e+01 3.36679302e+01 3.36702342e+01 3.36779302e+01 3.36843942e+01 3.37343942e+01 3.37356113e+01 3.37358993e+01 3.37456113e+01 3.37458993e+01 3.37556113e+01 3.37576913e+01 3.38076913e+01 3.38141480e+01 3.38164520e+01 3.38241480e+01 3.38264520e+01 3.38341480e+01 3.38395880e+01 3.38895880e+01 3.38908079e+01 3.38931119e+01 3.39008079e+01 3.39031119e+01 3.39108079e+01 3.39166959e+01 3.39666959e+01 3.39713041e+01 3.39736081e+01 3.39813041e+01 3.39836081e+01 3.39913041e+01 3.40007761e+01 3.40507761e+01 3.40515903e+01 3.40538943e+01 3.40615903e+01 3.40638943e+01 3.40715903e+01 3.40815103e+01 3.40910269e+01 3.41025167e+01 3.41028047e+01 3.41125167e+01 3.41128047e+01 3.41225167e+01 3.41228047e+01 3.41325167e+01 3.41328047e+01 3.41425167e+01 3.41428047e+01 3.41525167e+01 3.41539342e+01 3.41545967e+01 3.41655123e+01 3.41754763e+01 3.41777803e+01 3.41854763e+01 3.41877803e+01 3.41954763e+01 3.41977803e+01 3.42054763e+01 3.42077803e+01 3.42154763e+01 3.42177803e+01 3.42254763e+01 3.42306603e+01 3.42355478e+01 3.42512735e+01 3.42515615e+01 3.42612735e+01 3.42615615e+01 3.42712735e+01 3.42715615e+01 3.42812735e+01 3.42815615e+01 3.42912735e+01 3.42915615e+01 3.43012735e+01 3.43027775e+01 3.43052633e+01 3.43252633e+01 3.43255513e+01 3.43352633e+01 3.43355513e+01 3.43452633e+01 3.43455513e+01 3.43552633e+01 3.43555513e+01 3.43652633e+01 3.43655513e+01 3.43752633e+01 3.43767673e+01 3.44267673e+01 3.44289169e+01 3.44292049e+01 3.44389169e+01 3.44392049e+01 3.44489169e+01 3.44504209e+01 3.45004209e+01 3.45061718e+01 3.45064598e+01 3.45161718e+01 3.45164598e+01 3.45261718e+01 3.45282518e+01 3.45782518e+01 3.45786709e+01 3.45809749e+01 3.45810866e+01 3.45886709e+01 3.45909749e+01 3.45910866e+01 3.45982518e+01 3.46482518e+01 3.46537512e+01 3.46560552e+01 3.46637512e+01 3.46660552e+01 3.46682518e+01 3.47182518e+01 3.47268193e+01 3.47271073e+01 3.47368193e+01 3.47371073e+01 3.47468193e+01 3.47471073e+01 3.47568193e+01 3.47571073e+01 3.47668193e+01 3.47688993e+01 3.48188993e+01 3.48206721e+01 3.48229761e+01 3.48306721e+01 3.48329761e+01 3.48406721e+01 3.48429761e+01 3.48506721e+01 3.48587361e+01 3.49087361e+01 3.49218499e+01 3.49221379e+01 3.49318499e+01 3.49321379e+01 3.49418499e+01 3.49421379e+01 3.49518499e+01 3.49521379e+01 3.49618499e+01 3.49621379e+01 3.49718499e+01 3.49733539e+01 3.50233539e+01 3.50234503e+01 3.50331623e+01 3.50334503e+01 3.50431623e+01 3.50434503e+01 3.50531623e+01 3.50546663e+01 3.50934172e+01 3.50972403e+01 3.50995443e+01 3.51072403e+01 3.51095443e+01 3.51172403e+01 3.51195443e+01 3.51272403e+01 3.51370323e+01 3.51563308e+01 3.51584874e+01 3.51607914e+01 3.51684874e+01 3.51707914e+01 3.51784874e+01 3.51807914e+01 3.51884874e+01 3.51907914e+01 3.51984874e+01 3.52007914e+01 3.52084874e+01 3.52134427e+01 3.52169354e+01 3.52353592e+01 3.52439352e+01 3.52462392e+01 3.52539352e+01 3.52562392e+01 3.52639352e+01 3.52662392e+01 3.52739352e+01 3.52762392e+01 3.52839352e+01 3.52862392e+01 3.52939352e+01 3.53019352e+01 3.53195324e+01 3.53272413e+01 3.53295453e+01 3.53372413e+01 3.53395453e+01 3.53472413e+01 3.53495453e+01 3.53572413e+01 3.53595453e+01 3.53672413e+01 3.53695453e+01 3.53772413e+01 3.53865213e+01 3.53972374e+01 3.54170375e+01 3.54172374e+01 3.54175254e+01 3.54272374e+01 3.54275254e+01 3.54372374e+01 3.54375254e+01 3.54472374e+01 3.54475254e+01 3.54572374e+01 3.54575254e+01 3.54672374e+01 3.54687414e+01 3.55187414e+01 3.55239941e+01 3.55262981e+01 3.55339941e+01 3.55362981e+01 3.55439941e+01 3.55462981e+01 3.55539941e+01 3.55600101e+01 3.56100101e+01 3.56102803e+01 3.56105683e+01 3.56125914e+01 3.56202803e+01 3.56205683e+01 3.56225914e+01 3.56302803e+01 3.56317843e+01 3.56817843e+01 3.56908323e+01 3.56911203e+01 3.57008323e+01 3.57011203e+01 3.57108323e+01 3.57129123e+01 3.57629123e+01 3.57687369e+01 3.57710409e+01 3.57787369e+01 3.57810409e+01 3.57887369e+01 3.57910409e+01 3.57987369e+01 3.58068009e+01 3.58568009e+01 3.58592542e+01 3.58615582e+01 3.58692542e+01 3.58715582e+01 3.58792542e+01 3.58883422e+01 3.59383422e+01 3.59384484e+01 3.59387364e+01 3.59484484e+01 3.59485006e+01 3.59487364e+01 3.59584484e+01 3.59599524e+01 3.60099524e+01 3.60101796e+01 3.60104676e+01 3.60201796e+01 3.60204676e+01 3.60301796e+01 3.60316836e+01 3.60644625e+01 3.60719081e+01 3.60742121e+01 3.60819081e+01 3.60842121e+01 3.60919081e+01 3.60942121e+01 3.61019081e+01 3.61042121e+01 3.61119081e+01 3.61184361e+01 3.61314606e+01 3.61394576e+01 3.61417616e+01 3.61494576e+01 3.61517616e+01 3.61594576e+01 3.61617616e+01 3.61694576e+01 3.61717616e+01 3.61794576e+01 3.61817616e+01 3.61894576e+01 3.61944496e+01 3.62072677e+01 3.62272677e+01 3.62275557e+01 3.62372677e+01 3.62375557e+01 3.62472677e+01 3.62475557e+01 3.62572677e+01 3.62575557e+01 3.62672677e+01 3.62675557e+01 3.62772677e+01 3.62787717e+01 3.63287717e+01 3.63287852e+01 3.63310892e+01 3.63387852e+01 3.63410892e+01 3.63487717e+01 3.63987717e+01 3.64006088e+01 3.64083048e+01 3.64106088e+01 3.64183048e+01 3.64206088e+01 3.64283048e+01 3.64380328e+01 3.64880328e+01 3.64917507e+01 3.64940547e+01 3.65017507e+01 3.65040547e+01 3.65117507e+01 3.65188547e+01 3.65688547e+01 3.65749270e+01 3.65752150e+01 3.65849270e+01 3.65852150e+01 3.65949270e+01 3.65964310e+01 3.66464310e+01 3.66502880e+01 3.66525920e+01 3.66602880e+01 3.66625920e+01 3.66702880e+01 3.66796320e+01 3.67296320e+01 3.67337278e+01 3.67340158e+01 3.67437278e+01 3.67440158e+01 3.67537278e+01 3.67540158e+01 3.67637278e+01 3.67658078e+01 3.68158078e+01 3.68230303e+01 3.68253343e+01 3.68330303e+01 3.68353343e+01 3.68430303e+01 3.68434004e+01 3.68453343e+01 3.68530303e+01 3.68587903e+01 3.69087903e+01 3.69122126e+01 3.69145166e+01 3.69222126e+01 3.69245166e+01 3.69322126e+01 3.69345166e+01 3.69422126e+01 3.69471406e+01 3.69971406e+01 3.69971683e+01 3.69974563e+01 3.70071683e+01 3.70074563e+01 3.70171683e+01 3.70192483e+01 3.71556863e+01 3.71651508e+01 3.71666548e+01 3.71730127e+01 3.71886549e+01 3.71909589e+01 3.71930127e+01 3.71933007e+01 3.72030127e+01 3.72033007e+01 3.72130127e+01 3.72133007e+01 3.72230127e+01 3.72233007e+01 3.72330127e+01 3.72333007e+01 3.72430127e+01 3.72445167e+01 3.72945167e+01 3.72958299e+01 3.72981339e+01 3.73058299e+01 3.73081339e+01 3.73145167e+01 3.73645167e+01 3.73683407e+01 3.73686287e+01 3.73783407e+01 3.73786287e+01 3.73883407e+01 3.73886287e+01 3.73983407e+01 3.74004207e+01 3.74504207e+01 3.74518358e+01 3.74595318e+01 3.74618358e+01 3.74695318e+01 3.74704207e+01 3.75204207e+01 3.75269102e+01 3.75271982e+01 3.75369102e+01 3.75371982e+01 3.75469102e+01 3.75471982e+01 3.75569102e+01 3.75571982e+01 3.75669102e+01 3.75684142e+01 3.76184142e+01 3.76237399e+01 3.76260439e+01 3.76337399e+01 3.76360439e+01 3.76384142e+01 3.76884142e+01 3.76949990e+01 3.76952870e+01 3.77049990e+01 3.77052870e+01 3.77149990e+01 3.77152870e+01 3.77249990e+01 3.77252870e+01 3.77349990e+01 3.77370790e+01 3.77870790e+01 3.77903503e+01 3.77926543e+01 3.77926851e+01 3.78003503e+01 3.78026543e+01 3.78026851e+01 3.78070790e+01 3.78570790e+01 3.78599513e+01 3.78602393e+01 3.78699513e+01 3.78702393e+01 3.78799513e+01 3.78802393e+01 3.78899513e+01 3.78902393e+01 3.78999513e+01 3.79020313e+01 3.79520313e+01 3.79607966e+01 3.79610846e+01 3.79707966e+01 3.79710846e+01 3.79807966e+01 3.79823006e+01 3.80323006e+01 3.80355743e+01 3.80358623e+01 3.80455743e+01 3.80458623e+01 3.80555743e+01 3.80570783e+01 3.80640219e+01 3.80840219e+01 3.80843099e+01 3.80940219e+01 3.80943099e+01 3.81040219e+01 3.81043099e+01 3.81140219e+01 3.81143099e+01 3.81240219e+01 3.81243099e+01 3.81340219e+01 3.81355259e+01 3.81855259e+01 3.81925622e+01 3.81948662e+01 3.82025622e+01 3.82048662e+01 3.82125622e+01 3.82148662e+01 3.82225622e+01 3.82308822e+01 3.82808822e+01 3.82830926e+01 3.82853966e+01 3.82930926e+01 3.82953966e+01 3.83030926e+01 3.83054072e+01 3.83096206e+01 3.83596206e+01 3.83611185e+01 3.83634225e+01 3.83711185e+01 3.83734225e+01 3.83811185e+01 3.83889905e+01 3.84389905e+01 3.84410523e+01 3.84487483e+01 3.84510523e+01 3.84587483e+01 3.84610523e+01 3.84687483e+01 3.84710523e+01 3.84787483e+01 3.84838683e+01 3.85338683e+01 3.85393768e+01 3.85416808e+01 3.85493768e+01 3.85516808e+01 3.85593768e+01 3.85659688e+01 3.86159688e+01 3.86212719e+01 3.86215599e+01 3.86312719e+01 3.86327759e+01 3.86827759e+01 3.86910246e+01 3.86913126e+01 3.87010246e+01 3.87013126e+01 3.87110246e+01 3.87131046e+01 3.87631046e+01 3.87663909e+01 3.87666789e+01 3.87763909e+01 3.87766789e+01 3.87863909e+01 3.87884709e+01 3.88384709e+01 3.88412388e+01 3.88435428e+01 3.88512388e+01 3.88535428e+01 3.88612388e+01 3.88635428e+01 3.88712388e+01 3.88781508e+01 3.89281508e+01 3.89328867e+01 3.89331747e+01 3.89428867e+01 3.89431747e+01 3.89528867e+01 3.89543907e+01 3.90043907e+01 3.90109838e+01 3.90112718e+01 3.90209838e+01 3.90212718e+01 3.90309838e+01 3.90324878e+01 3.91526989e+01 3.91537918e+01 3.91540798e+01 3.91637918e+01 3.91640798e+01 3.91737918e+01 3.91740798e+01 3.91837918e+01 3.91858718e+01 3.91958027e+01 3.92102961e+01 3.92105841e+01 3.92202961e+01 3.92205841e+01 3.92302961e+01 3.92305841e+01 3.92402961e+01 3.92405841e+01 3.92502961e+01 3.92505841e+01 3.92602961e+01 3.92623761e+01 3.92644250e+01 3.92844250e+01 3.92847130e+01 3.92944250e+01 3.92947130e+01 3.93044250e+01 3.93047130e+01 3.93144250e+01 3.93147130e+01 3.93244250e+01 3.93247130e+01 3.93344250e+01 3.93359290e+01 3.93859290e+01 3.93907389e+01 3.93910269e+01 3.94007389e+01 3.94010269e+01 3.94107389e+01 3.94128189e+01 3.94628189e+01 3.94669471e+01 3.94672351e+01 3.94769471e+01 3.94772351e+01 3.94869471e+01 3.94872351e+01 3.94969471e+01 3.94990271e+01 3.95490271e+01 3.95536386e+01 3.95539266e+01 3.95636386e+01 3.95639266e+01 3.95736386e+01 3.95757186e+01 3.96257186e+01 3.96343636e+01 3.96346516e+01 3.96443636e+01 3.96446516e+01 3.96543636e+01 3.96546516e+01 3.96643636e+01 3.96658676e+01 3.97158676e+01 3.97179268e+01 3.97256228e+01 3.97279268e+01 3.97356228e+01 3.97379268e+01 3.97456228e+01 3.97479268e+01 3.97556228e+01 3.97572652e+01 3.97634948e+01 3.98134948e+01 3.98138939e+01 3.98141819e+01 3.98238939e+01 3.98241819e+01 3.98338939e+01 3.98341819e+01 3.98438939e+01 3.98459739e+01 3.98959739e+01 3.98960803e+01 3.98983843e+01 3.99060803e+01 3.99083843e+01 3.99160803e+01 3.99252963e+01 3.99752963e+01 3.99784158e+01 3.99807198e+01 3.99884158e+01 3.99907198e+01 3.99984158e+01 4.00032798e+01 4.00532798e+01 4.00539553e+01 4.00542433e+01 4.00639553e+01 4.00642433e+01 4.00739553e+01 4.00754593e+01 4.00872710e+01 4.00971168e+01 4.00974048e+01 4.01071168e+01 4.01074048e+01 4.01171168e+01 4.01174048e+01 4.01271168e+01 4.01274048e+01 4.01371168e+01 4.01374048e+01 4.01471168e+01 4.01491968e+01 4.01651706e+01 4.01764614e+01 4.01787654e+01 4.01864614e+01 4.01887654e+01 4.01964614e+01 4.01987654e+01 4.02064614e+01 4.02087654e+01 4.02164614e+01 4.02187654e+01 4.02264614e+01 4.02322214e+01 4.02352671e+01 4.02552671e+01 4.02555551e+01 4.02652671e+01 4.02655551e+01 4.02752671e+01 4.02755551e+01 4.02852671e+01 4.02855551e+01 4.02952671e+01 4.02955551e+01 4.03052671e+01 4.03067711e+01 4.03567711e+01 4.03567846e+01 4.03664966e+01 4.03667846e+01 4.03764966e+01 4.03767846e+01 4.03864966e+01 4.03885766e+01 4.04385766e+01 4.04426560e+01 4.04429440e+01 4.04526560e+01 4.04529440e+01 4.04626560e+01 4.04629440e+01 4.04726560e+01 4.04741600e+01 4.05241600e+01 4.05281066e+01 4.05304106e+01 4.05381066e+01 4.05404106e+01 4.05481066e+01 4.05504106e+01 4.05581066e+01 4.05647626e+01 4.06147626e+01 4.06200380e+01 4.06223420e+01 4.06300380e+01 4.06323420e+01 4.06400380e+01 4.06479100e+01 4.06979100e+01 4.07006209e+01 4.07029249e+01 4.07106209e+01 4.07125804e+01 4.07129249e+01 4.07206209e+01 4.07305409e+01 4.07805409e+01 4.07864860e+01 4.07867740e+01 4.07964860e+01 4.07967740e+01 4.08064860e+01 4.08067740e+01 4.08164860e+01 4.08179900e+01 4.08679900e+01 4.08709849e+01 4.08712729e+01 4.08809849e+01 4.08812729e+01 4.08909849e+01 4.08930649e+01 4.09430649e+01 4.09463518e+01 4.09466398e+01 4.09563518e+01 4.09566398e+01 4.09663518e+01 4.09678558e+01 4.10178558e+01 4.10243231e+01 4.10246111e+01 4.10343231e+01 4.10346111e+01 4.10443231e+01 4.10464031e+01 4.10583907e+01 4.10719299e+01 4.10742339e+01 4.10819299e+01 4.10842339e+01 4.10919299e+01 4.10942339e+01 4.11019299e+01 4.11042339e+01 4.11119299e+01 4.11142339e+01 4.11219299e+01 4.11307619e+01 4.11364963e+01 4.11564963e+01 4.11567843e+01 4.11664963e+01 4.11667843e+01 4.11764963e+01 4.11767843e+01 4.11864963e+01 4.11867843e+01 4.11964963e+01 4.11967843e+01 4.12064963e+01 4.12080003e+01 4.12580003e+01 4.12608709e+01 4.12611589e+01 4.12708709e+01 4.12711589e+01 4.12808709e+01 4.12829509e+01 4.13329509e+01 4.13398094e+01 4.13400974e+01 4.13423383e+01 4.13498094e+01 4.13500974e+01 4.13523383e+01 4.13598094e+01 4.13613134e+01 4.14113134e+01 4.14132856e+01 4.14135736e+01 4.14232856e+01 4.14235736e+01 4.14332856e+01 4.14353656e+01 4.14853656e+01 4.14859971e+01 4.14862851e+01 4.14959971e+01 4.14962851e+01 4.15059971e+01 4.15080771e+01 4.15580771e+01 4.15582647e+01 4.15605687e+01 4.15682647e+01 4.15705687e+01 4.15782647e+01 4.15869687e+01 4.16369687e+01 4.16379888e+01 4.16402928e+01 4.16479888e+01 4.16502928e+01 4.16569687e+01 4.17069687e+01 4.17096848e+01 4.17099728e+01 4.17196848e+01 4.17217648e+01 4.17717648e+01 4.17717848e+01 4.17794808e+01 4.17817848e+01 4.17894808e+01 4.17917848e+01 4.17994808e+01 4.18017848e+01 4.18094808e+01 4.18171608e+01 4.18671608e+01 4.18701284e+01 4.18724324e+01 4.18801284e+01 4.18824324e+01 4.18901284e+01 4.18908851e+01 4.18963364e+01 4.19463364e+01 4.19466257e+01 4.19469137e+01 4.19566257e+01 4.19569137e+01 4.19666257e+01 4.19669137e+01 4.19766257e+01 4.19781297e+01 4.20281297e+01 4.20281436e+01 4.20284316e+01 4.20381436e+01 4.20384316e+01 4.20481436e+01 4.20496476e+01 4.21522103e+01 4.21638072e+01 4.21661112e+01 4.21738072e+01 4.21761112e+01 4.21838072e+01 4.21861112e+01 4.21938072e+01 4.21961112e+01 4.22038072e+01 4.22061112e+01 4.22138072e+01 4.22235992e+01 4.22327634e+01 4.22484905e+01 4.22507945e+01 4.22584905e+01 4.22607945e+01 4.22684905e+01 4.22707945e+01 4.22784905e+01 4.22807945e+01 4.22884905e+01 4.22907945e+01 4.22984905e+01 4.23051465e+01 4.23226795e+01 4.23382010e+01 4.23405050e+01 4.23482010e+01 4.23505050e+01 4.23582010e+01 4.23605050e+01 4.23682010e+01 4.23705050e+01 4.23782010e+01 4.23805050e+01 4.23882010e+01 4.23970970e+01 4.23994281e+01 4.24194281e+01 4.24197161e+01 4.24294281e+01 4.24297161e+01 4.24394281e+01 4.24397161e+01 4.24494281e+01 4.24497161e+01 4.24594281e+01 4.24597161e+01 4.24694281e+01 4.24709321e+01 4.25209321e+01 4.25210254e+01 4.25233294e+01 4.25310254e+01 4.25333294e+01 4.25410254e+01 4.25461454e+01 4.25961454e+01 4.26039088e+01 4.26041968e+01 4.26139088e+01 4.26141968e+01 4.26239088e+01 4.26254128e+01 4.26754128e+01 4.26766666e+01 4.26769546e+01 4.26866666e+01 4.26869546e+01 4.26966666e+01 4.26987466e+01 4.27487466e+01 4.27521328e+01 4.27524208e+01 4.27621328e+01 4.27624208e+01 4.27721328e+01 4.27742128e+01 4.28242128e+01 4.28272374e+01 4.28275254e+01 4.28372374e+01 4.28375254e+01 4.28472374e+01 4.28493174e+01 4.28993174e+01 4.29060743e+01 4.29071782e+01 4.29083783e+01 4.29160743e+01 4.29183783e+01 4.29260743e+01 4.29319623e+01 4.29819623e+01 4.29865685e+01 4.29868565e+01 4.29965685e+01 4.29968565e+01 4.30065685e+01 4.30080725e+01 4.30580725e+01 4.30592220e+01 4.30615260e+01 4.30692220e+01 4.30715260e+01 4.30792220e+01 4.30886300e+01 4.31084106e+01 4.31197359e+01 4.31200239e+01 4.31297359e+01 4.31300239e+01 4.31397359e+01 4.31400239e+01 4.31497359e+01 4.31500239e+01 4.31597359e+01 4.31600239e+01 4.31697359e+01 4.31712399e+01 4.31832062e+01 4.32032062e+01 4.32034942e+01 4.32132062e+01 4.32134942e+01 4.32232062e+01 4.32234942e+01 4.32332062e+01 4.32334942e+01 4.32432062e+01 4.32434942e+01 4.32532062e+01 4.32547102e+01 4.33047102e+01 4.33053952e+01 4.33056832e+01 4.33153952e+01 4.33156832e+01 4.33253952e+01 4.33274752e+01 4.33774752e+01 4.33781301e+01 4.33858261e+01 4.33881301e+01 4.33958261e+01 4.33981301e+01 4.34058261e+01 4.34152981e+01 4.34652981e+01 4.34657767e+01 4.34734727e+01 4.34757767e+01 4.34834727e+01 4.34857767e+01 4.34934727e+01 4.34957767e+01 4.35034727e+01 4.35113447e+01 4.35613447e+01 4.35666633e+01 4.35689673e+01 4.35766633e+01 4.35789673e+01 4.35866633e+01 4.35935113e+01 4.36435113e+01 4.36473925e+01 4.36496965e+01 4.36573925e+01 4.36596965e+01 4.36673925e+01 4.36757765e+01 4.37257765e+01 4.37257769e+01 4.37280809e+01 4.37357769e+01 4.37380809e+01 4.37457765e+01 4.37957765e+01 4.38012812e+01 4.38015692e+01 4.38112812e+01 4.38115692e+01 4.38212812e+01 4.38215692e+01 4.38312812e+01 4.38315692e+01 4.38412812e+01 4.38418062e+01 4.38433612e+01 4.38933612e+01 4.38942652e+01 4.39019612e+01 4.39042652e+01 4.39119612e+01 4.39142652e+01 4.39219612e+01 4.39316252e+01 4.39816252e+01 4.39904422e+01 4.39907302e+01 4.40004422e+01 4.40007302e+01 4.40104422e+01 4.40119462e+01 4.40605205e+01 4.40629232e+01 4.40632112e+01 4.40632830e+01 4.40729232e+01 4.40732112e+01 4.40732830e+01 4.40805205e+01 4.40808085e+01 4.40905205e+01 4.40908085e+01 4.41005205e+01 4.41008085e+01 4.41105205e+01 4.41108085e+01 4.41205205e+01 4.41208085e+01 4.41305205e+01 4.41320245e+01 4.41820245e+01 4.41886365e+01 4.41889245e+01 4.41986365e+01 4.41989245e+01 4.42086365e+01 4.42107165e+01 4.42607165e+01 4.42677243e+01 4.42680123e+01 4.42777243e+01 4.42780123e+01 4.42877243e+01 4.42898043e+01 4.43398043e+01 4.43465700e+01 4.43488740e+01 4.43565700e+01 4.43588740e+01 4.43665700e+01 4.43746340e+01 4.44246340e+01 4.44315371e+01 4.44338411e+01 4.44415371e+01 4.44438411e+01 4.44515371e+01 4.44538411e+01 4.44615371e+01 4.44692811e+01 4.45192811e+01 4.45266102e+01 4.45289142e+01 4.45366102e+01 4.45389142e+01 4.45392811e+01 4.45892811e+01 4.45987539e+01 4.45990419e+01 4.46087539e+01 4.46108339e+01 4.46608339e+01 4.46615591e+01 4.46692551e+01 4.46715591e+01 4.46792551e+01 4.46808339e+01 4.47308339e+01 4.47348400e+01 4.47351280e+01 4.47448400e+01 4.47451280e+01 4.47548400e+01 4.47551280e+01 4.47648400e+01 4.47651280e+01 4.47748400e+01 4.47769200e+01 4.48269200e+01 4.48306893e+01 4.48329933e+01 4.48406893e+01 4.48429933e+01 4.48506893e+01 4.48529933e+01 4.48606893e+01 4.48673453e+01 4.49173453e+01 4.49200540e+01 4.49203420e+01 4.49300540e+01 4.49303420e+01 4.49400540e+01 4.49403420e+01 4.49500540e+01 4.49521340e+01 4.50021340e+01 4.50069846e+01 4.50072726e+01 4.50169846e+01 4.50172726e+01 4.50269846e+01 4.50290646e+01 4.51353002e+01 4.51433772e+01 4.51436652e+01 4.51533772e+01 4.51536652e+01 4.51633772e+01 4.51636652e+01 4.51733772e+01 4.51754572e+01 4.51765319e+01 4.51965319e+01 4.51968199e+01 4.52065319e+01 4.52068199e+01 4.52165319e+01 4.52168199e+01 4.52178539e+01 4.52265319e+01 4.52268199e+01 4.52365319e+01 4.52368199e+01 4.52465319e+01 4.52480359e+01 4.52980359e+01 4.53013848e+01 4.53016728e+01 4.53113848e+01 4.53116728e+01 4.53213848e+01 4.53228888e+01 4.53728888e+01 4.53768994e+01 4.53792034e+01 4.53868994e+01 4.53892034e+01 4.53968994e+01 4.53992034e+01 4.54068994e+01 4.54132994e+01 4.54632994e+01 4.54832994e+01 4.55332994e+01 4.55399569e+01 4.55402449e+01 4.55499569e+01 4.55502449e+01 4.55599569e+01 4.55602449e+01 4.55699569e+01 4.55702449e+01 4.55799569e+01 4.55820369e+01 4.56320369e+01 4.56385063e+01 4.56387943e+01 4.56485063e+01 4.56487943e+01 4.56585063e+01 4.56587943e+01 4.56685063e+01 4.56700103e+01 4.57200103e+01 4.57389046e+01 4.57400103e+01 4.57900103e+01 4.57985046e+01 4.58100103e+01 4.58600103e+01 4.58635286e+01 4.58658326e+01 4.58735286e+01 4.58810806e+01 4.59310806e+01 4.59320095e+01 4.59322975e+01 4.59325284e+01 4.59368439e+01 4.59391479e+01 4.59420095e+01 4.59422975e+01 4.59425284e+01 4.59468439e+01 4.59491479e+01 4.59520095e+01 4.59522975e+01 4.59525284e+01 4.59568439e+01 4.59591479e+01 4.59620095e+01 4.59635135e+01 4.60135135e+01 4.60140318e+01 4.60143198e+01 4.60240318e+01 4.60243198e+01 4.60340318e+01 4.60343198e+01 4.60440318e+01 4.60461118e+01 4.60855153e+01 4.60908624e+01 4.60931664e+01 4.61008624e+01 4.61031664e+01 4.61108624e+01 4.61131664e+01 4.61208624e+01 4.61267504e+01 4.61306779e+01 4.61506779e+01 4.61509659e+01 4.61606779e+01 4.61609659e+01 4.61706779e+01 4.61709659e+01 4.61806779e+01 4.61809659e+01 4.61906779e+01 4.61909659e+01 4.62006779e+01 4.62021819e+01 4.62521819e+01 4.62527236e+01 4.62550276e+01 4.62627236e+01 4.62650276e+01 4.62727236e+01 4.62816836e+01 4.63316836e+01 4.63357474e+01 4.63380514e+01 4.63457474e+01 4.63480514e+01 4.63557474e+01 4.63580514e+01 4.63657474e+01 4.63719554e+01 4.64219554e+01 4.64266116e+01 4.64268996e+01 4.64366116e+01 4.64368996e+01 4.64466116e+01 4.64470994e+01 4.64486916e+01 4.64986916e+01 4.64990341e+01 4.65013381e+01 4.65090341e+01 4.65113381e+01 4.65190341e+01 4.65213381e+01 4.65290341e+01 4.65379941e+01 4.65879941e+01 4.65913726e+01 4.65936766e+01 4.66013726e+01 4.66036766e+01 4.66113726e+01 4.66193726e+01 4.66693726e+01 4.66776482e+01 4.66779362e+01 4.66876482e+01 4.66879362e+01 4.66976482e+01 4.66991522e+01 4.67491522e+01 4.67494478e+01 4.67497358e+01 4.67594478e+01 4.67597358e+01 4.67694478e+01 4.67715278e+01 4.68215278e+01 4.68286457e+01 4.68309497e+01 4.68386457e+01 4.68409497e+01 4.68486457e+01 4.68549177e+01 4.69049177e+01 4.69071320e+01 4.69074200e+01 4.69171320e+01 4.69174200e+01 4.69271320e+01 4.69274200e+01 4.69371320e+01 4.69386360e+01 4.69886360e+01 4.69924097e+01 4.69926977e+01 4.70024097e+01 4.70026977e+01 4.70124097e+01 4.70126977e+01 4.70224097e+01 4.70244897e+01 4.71323479e+01 4.71430433e+01 4.71433313e+01 4.71530433e+01 4.71533313e+01 4.71630433e+01 4.71633313e+01 4.71730433e+01 4.71733313e+01 4.71830433e+01 4.71833313e+01 4.71930433e+01 4.71951233e+01 4.72083227e+01 4.72265175e+01 4.72283227e+01 4.72286107e+01 4.72383227e+01 4.72386107e+01 4.72483227e+01 4.72486107e+01 4.72583227e+01 4.72586107e+01 4.72683227e+01 4.72686107e+01 4.72783227e+01 4.72798267e+01 4.73298267e+01 4.73365073e+01 4.73388113e+01 4.73465073e+01 4.73488113e+01 4.73565073e+01 4.73588113e+01 4.73665073e+01 4.73718833e+01 4.74218833e+01 4.74222058e+01 4.74245098e+01 4.74322058e+01 4.74345098e+01 4.74422058e+01 4.74445098e+01 4.74522058e+01 4.74607178e+01 4.75107178e+01 4.75126302e+01 4.75203262e+01 4.75226302e+01 4.75303262e+01 4.75326302e+01 4.75403262e+01 4.75423595e+01 4.75497982e+01 4.75997982e+01 4.76028175e+01 4.76031055e+01 4.76128175e+01 4.76131055e+01 4.76228175e+01 4.76248975e+01 4.76748975e+01 4.76758266e+01 4.76835004e+01 4.76837884e+01 4.76858266e+01 4.76935004e+01 4.76937884e+01 4.76958266e+01 4.77035004e+01 4.77055804e+01 4.77555804e+01 4.77556283e+01 4.77559163e+01 4.77656283e+01 4.77659163e+01 4.77756283e+01 4.77759163e+01 4.77856283e+01 4.77871323e+01 4.78371323e+01 4.78410922e+01 4.78433962e+01 4.78510922e+01 4.78533962e+01 4.78610922e+01 4.78633962e+01 4.78710922e+01 4.78768522e+01 4.79268522e+01 4.79276887e+01 4.79299927e+01 4.79376887e+01 4.79399927e+01 4.79468522e+01 4.79968522e+01 4.79996258e+01 4.79999138e+01 4.80096258e+01 4.80099138e+01 4.80196258e+01 4.80199138e+01 4.80296258e+01 4.80299138e+01 4.80396258e+01 4.80411298e+01 4.81347715e+01 4.81547715e+01 4.81550595e+01 4.81647715e+01 4.81650595e+01 4.81747715e+01 4.81750595e+01 4.81847715e+01 4.81850595e+01 4.81947715e+01 4.81950595e+01 4.82047715e+01 4.82062755e+01 4.82562755e+01 4.82593976e+01 4.82617016e+01 4.82693976e+01 4.82717016e+01 4.82793976e+01 4.82845176e+01 4.83345176e+01 4.83375470e+01 4.83398510e+01 4.83475470e+01 4.83498510e+01 4.83575470e+01 4.83598510e+01 4.83675470e+01 4.83754830e+01 4.84254830e+01 4.84277161e+01 4.84280041e+01 4.84377161e+01 4.84380041e+01 4.84477161e+01 4.84497961e+01 4.84997961e+01 4.85056823e+01 4.85059703e+01 4.85156823e+01 4.85159703e+01 4.85256823e+01 4.85259703e+01 4.85356823e+01 4.85377623e+01 4.85877623e+01 4.85902172e+01 4.85905052e+01 4.86002172e+01 4.86005052e+01 4.86102172e+01 4.86117212e+01 4.86617212e+01 4.86646057e+01 4.86648937e+01 4.86746057e+01 4.86748937e+01 4.86846057e+01 4.86848937e+01 4.86946057e+01 4.86966857e+01 4.87466857e+01 4.87478872e+01 4.87481752e+01 4.87578872e+01 4.87581752e+01 4.87678872e+01 4.87699672e+01 4.88199672e+01 4.88215729e+01 4.88218609e+01 4.88315729e+01 4.88318609e+01 4.88415729e+01 4.88436529e+01 4.88936529e+01 4.88965146e+01 4.88988186e+01 4.89065146e+01 4.89088186e+01 4.89165146e+01 4.89238746e+01 4.89738746e+01 4.89747732e+01 4.89750612e+01 4.89847732e+01 4.89850612e+01 4.89947732e+01 4.89962772e+01 4.90462772e+01 4.90477487e+01 4.90480367e+01 4.90577487e+01 4.90580367e+01 4.90677487e+01 4.90682137e+01 4.90692527e+01 4.90743540e+01 4.90943540e+01 4.90946420e+01 4.91043540e+01 4.91046420e+01 4.91143540e+01 4.91146420e+01 4.91243540e+01 4.91246420e+01 4.91343540e+01 4.91346420e+01 4.91443540e+01 4.91458580e+01 4.91958580e+01 4.91962506e+01 4.92039466e+01 4.92062506e+01 4.92139466e+01 4.92162506e+01 4.92239466e+01 4.92294506e+01 4.92794506e+01 4.92817150e+01 4.92894110e+01 4.92917150e+01 4.92994110e+01 4.93017150e+01 4.93094110e+01 4.93117150e+01 4.93194110e+01 4.93262590e+01 4.93762590e+01 4.93804913e+01 4.93827953e+01 4.93904913e+01 4.93927953e+01 4.94004913e+01 4.94027953e+01 4.94104913e+01 4.94194513e+01 4.94694513e+01 4.94696875e+01 4.94773835e+01 4.94796875e+01 4.94873835e+01 4.94896875e+01 4.94973835e+01 4.95044875e+01 4.95544875e+01 4.95549670e+01 4.95626630e+01 4.95649670e+01 4.95726630e+01 4.95749670e+01 4.95826630e+01 4.95882310e+01 4.96382310e+01 4.96473877e+01 4.96476757e+01 4.96573877e+01 4.96576757e+01 4.96673877e+01 4.96688917e+01 4.97188917e+01 4.97191415e+01 4.97214455e+01 4.97291415e+01 4.97314455e+01 4.97391415e+01 4.97414455e+01 4.97491415e+01 4.97548375e+01 4.98048375e+01 4.98063625e+01 4.98140585e+01 4.98163625e+01 4.98240585e+01 4.98263625e+01 4.98340585e+01 4.98389865e+01 4.98889865e+01 4.98983536e+01 4.98986416e+01 4.99083536e+01 4.99086416e+01 4.99183536e+01 4.99204336e+01 4.99704336e+01 4.99748692e+01 4.99751572e+01 4.99848692e+01 4.99851572e+01 4.99948692e+01 4.99954228e+01 4.99969492e+01 5.00469492e+01 5.00484476e+01 5.00487356e+01 5.00584476e+01 5.00587356e+01 5.00684476e+01 5.00705276e+01 5.00807738e+01 5.00914170e+01 5.00917050e+01 5.01014170e+01 5.01017050e+01 5.01114170e+01 5.01117050e+01 5.01214170e+01 5.01217050e+01 5.01314170e+01 5.01317050e+01 5.01414170e+01 5.01434970e+01 5.01624844e+01 5.01687963e+01 5.01690843e+01 5.01787963e+01 5.01790843e+01 5.01887963e+01 5.01890843e+01 5.01987963e+01 5.01990843e+01 5.02087963e+01 5.02090843e+01 5.02187963e+01 5.02203003e+01 5.02242332e+01 5.02442332e+01 5.02445212e+01 5.02542332e+01 5.02545212e+01 5.02642332e+01 5.02645212e+01 5.02742332e+01 5.02745212e+01 5.02842332e+01 5.02845212e+01 5.02942332e+01 5.02957372e+01 5.03457372e+01 5.03459154e+01 5.03462034e+01 5.03559154e+01 5.03562034e+01 5.03659154e+01 5.03674194e+01 5.04174194e+01 5.04237685e+01 5.04260725e+01 5.04337685e+01 5.04360725e+01 5.04374194e+01 5.04874194e+01 5.04931057e+01 5.04933937e+01 5.05031057e+01 5.05033937e+01 5.05131057e+01 5.05133937e+01 5.05231057e+01 5.05233937e+01 5.05331057e+01 5.05333937e+01 5.05431057e+01 5.05451857e+01 5.05951857e+01 5.06029177e+01 5.06032057e+01 5.06129177e+01 5.06132057e+01 5.06229177e+01 5.06244217e+01 5.06744217e+01 5.06808184e+01 5.06831224e+01 5.06908184e+01 5.06931224e+01 5.07008184e+01 5.07082424e+01 5.07582424e+01 5.07599547e+01 5.07676507e+01 5.07699547e+01 5.07776507e+01 5.07782424e+01 5.08282424e+01 5.08421938e+01 5.08444978e+01 5.08521938e+01 5.08544978e+01 5.08621938e+01 5.08644978e+01 5.08721938e+01 5.08744978e+01 5.08821938e+01 5.08844978e+01 5.08921938e+01 5.09010898e+01 5.09510898e+01 5.09527150e+01 5.09530030e+01 5.09627150e+01 5.09630030e+01 5.09727150e+01 5.09747950e+01 5.10247950e+01 5.10336526e+01 5.10339406e+01 5.10436526e+01 5.10439406e+01 5.10536526e+01 5.10551566e+01 5.10905320e+01 5.10906062e+01 5.10983022e+01 5.11006062e+01 5.11083022e+01 5.11106062e+01 5.11183022e+01 5.11206062e+01 5.11283022e+01 5.11343182e+01 5.11446136e+01 5.11574009e+01 5.11576889e+01 5.11674009e+01 5.11676889e+01 5.11774009e+01 5.11776889e+01 5.11874009e+01 5.11876889e+01 5.11974009e+01 5.11976889e+01 5.12074009e+01 5.12089049e+01 5.12117137e+01 5.12317137e+01 5.12320017e+01 5.12417137e+01 5.12420017e+01 5.12517137e+01 5.12520017e+01 5.12617137e+01 5.12620017e+01 5.12717137e+01 5.12720017e+01 5.12817137e+01 5.12832177e+01 5.13332177e+01 5.13381810e+01 5.13404850e+01 5.13481810e+01 5.13483770e+01 5.13504850e+01 5.13581810e+01 5.13604850e+01 5.13681810e+01 5.13704850e+01 5.13781810e+01 5.13836850e+01 5.14336850e+01 5.14364023e+01 5.14387063e+01 5.14464023e+01 5.14487063e+01 5.14564023e+01 5.14587063e+01 5.14664023e+01 5.14713303e+01 5.15213303e+01 5.15248315e+01 5.15271355e+01 5.15348315e+01 5.15371355e+01 5.15448315e+01 5.15471355e+01 5.15548315e+01 5.15623835e+01 5.16123835e+01 5.16200674e+01 5.16203554e+01 5.16300674e+01 5.16303554e+01 5.16400674e+01 5.16421474e+01 5.16921474e+01 5.16946616e+01 5.16969656e+01 5.16973372e+01 5.16976252e+01 5.17046616e+01 5.17069656e+01 5.17073372e+01 5.17076252e+01 5.17146616e+01 5.17204216e+01 5.17273372e+01 5.17294172e+01 5.17794172e+01 5.17806571e+01 5.17883531e+01 5.17906571e+01 5.17983531e+01 5.18006571e+01 5.18083531e+01 5.18131531e+01 5.18631531e+01 5.18700634e+01 5.18723674e+01 5.18800634e+01 5.18823674e+01 5.18900634e+01 5.18956314e+01 5.19456314e+01 5.19468522e+01 5.19471402e+01 5.19568522e+01 5.19571402e+01 5.19668522e+01 5.19689322e+01 5.20189322e+01 5.20195941e+01 5.20198821e+01 5.20295941e+01 5.20298821e+01 5.20395941e+01 5.20410981e+01 5.21403842e+01 5.21603842e+01 5.21606722e+01 5.21703842e+01 5.21706722e+01 5.21803842e+01 5.21806722e+01 5.21903842e+01 5.21906722e+01 5.22003842e+01 5.22006722e+01 5.22103842e+01 5.22118882e+01 5.22618882e+01 5.22658224e+01 5.22681264e+01 5.22758224e+01 5.22781264e+01 5.22858224e+01 5.22933104e+01 5.23433104e+01 5.23438761e+01 5.23515721e+01 5.23516386e+01 5.23538761e+01 5.23615721e+01 5.23638761e+01 5.23715721e+01 5.23791881e+01 5.24291881e+01 5.24333893e+01 5.24356933e+01 5.24433893e+01 5.24456933e+01 5.24533893e+01 5.24556933e+01 5.24633893e+01 5.24712613e+01 5.25212613e+01 5.25237372e+01 5.25260412e+01 5.25337372e+01 5.25360412e+01 5.25437372e+01 5.25533372e+01 5.26033372e+01 5.26066904e+01 5.26069784e+01 5.26166904e+01 5.26169784e+01 5.26266904e+01 5.26281944e+01 5.26781944e+01 5.26836144e+01 5.26839024e+01 5.26936144e+01 5.26939024e+01 5.27036144e+01 5.27039024e+01 5.27136144e+01 5.27156944e+01 5.27656944e+01 5.27675168e+01 5.27678048e+01 5.27775168e+01 5.27778048e+01 5.27875168e+01 5.27895968e+01 5.28395968e+01 5.28419914e+01 5.28442954e+01 5.28519914e+01 5.28542954e+01 5.28619914e+01 5.28692234e+01 5.29192234e+01 5.29203891e+01 5.29206771e+01 5.29303891e+01 5.29306771e+01 5.29403891e+01 5.29406771e+01 5.29503891e+01 5.29518931e+01 5.30018931e+01 5.30039951e+01 5.30062991e+01 5.30139951e+01 5.30162991e+01 5.30239951e+01 5.30302031e+01 5.31074813e+01 5.31075857e+01 5.31096657e+01 5.31261325e+01 5.31373126e+01 5.31376006e+01 5.31473126e+01 5.31476006e+01 5.31573126e+01 5.31576006e+01 5.31673126e+01 5.31676006e+01 5.31773126e+01 5.31776006e+01 5.31873126e+01 5.31888166e+01 5.31931358e+01 5.32131358e+01 5.32134238e+01 5.32231358e+01 5.32234238e+01 5.32331358e+01 5.32334238e+01 5.32431358e+01 5.32434238e+01 5.32531358e+01 5.32534238e+01 5.32631358e+01 5.32646398e+01 5.33146398e+01 5.33149324e+01 5.33152204e+01 5.33249324e+01 5.33252204e+01 5.33349324e+01 5.33352204e+01 5.33449324e+01 5.33470124e+01 5.33970124e+01 5.33997812e+01 5.34020852e+01 5.34097812e+01 5.34120852e+01 5.34197812e+01 5.34240345e+01 5.34282292e+01 5.34782292e+01 5.34846176e+01 5.34869216e+01 5.34946176e+01 5.34969216e+01 5.35046176e+01 5.35133216e+01 5.35633216e+01 5.35692865e+01 5.35695745e+01 5.35792865e+01 5.35795745e+01 5.35892865e+01 5.35907905e+01 5.36407905e+01 5.36495775e+01 5.36498655e+01 5.36595775e+01 5.36598655e+01 5.36695775e+01 5.36716575e+01 5.37216575e+01 5.37231061e+01 5.37254101e+01 5.37331061e+01 5.37354101e+01 5.37431061e+01 5.37505301e+01 5.38005301e+01 5.38075034e+01 5.38098074e+01 5.38175034e+01 5.38198074e+01 5.38275034e+01 5.38337754e+01 5.38837754e+01 5.38854134e+01 5.38857014e+01 5.38954134e+01 5.38957014e+01 5.39054134e+01 5.39074934e+01 5.39574934e+01 5.39631625e+01 5.39634505e+01 5.39731625e+01 5.39734505e+01 5.39831625e+01 5.39846665e+01 5.40346665e+01 5.40372164e+01 5.40375044e+01 5.40472164e+01 5.40475044e+01 5.40572164e+01 5.40587204e+01 5.40739709e+01 5.40799157e+01 5.40822197e+01 5.40899157e+01 5.40922197e+01 5.40999157e+01 5.41022197e+01 5.41099157e+01 5.41122197e+01 5.41199157e+01 5.41222197e+01 5.41299157e+01 5.41388757e+01 5.41572705e+01 5.41772705e+01 5.41775585e+01 5.41872705e+01 5.41875585e+01 5.41972705e+01 5.41975585e+01 5.42072705e+01 5.42075585e+01 5.42172705e+01 5.42175585e+01 5.42272705e+01 5.42287745e+01 5.42787745e+01 5.42814631e+01 5.42817511e+01 5.42914631e+01 5.42917511e+01 5.43014631e+01 5.43035431e+01 5.43535431e+01 5.43611364e+01 5.43634404e+01 5.43711364e+01 5.43734404e+01 5.43811364e+01 5.43884324e+01 5.44384324e+01 5.44392815e+01 5.44415855e+01 5.44492815e+01 5.44506530e+01 5.44515855e+01 5.44592815e+01 5.44674095e+01 5.45174095e+01 5.45242115e+01 5.45265155e+01 5.45280190e+01 5.45283070e+01 5.45342115e+01 5.45365155e+01 5.45380190e+01 5.45383070e+01 5.45442115e+01 5.45496515e+01 5.45580190e+01 5.45583070e+01 5.45680190e+01 5.45683070e+01 5.45780190e+01 5.45795230e+01 5.46295230e+01 5.46313416e+01 5.46336456e+01 5.46413416e+01 5.46436456e+01 5.46513416e+01 5.46536456e+01 5.46613416e+01 5.46701096e+01 5.47201096e+01 5.47274325e+01 5.47297365e+01 5.47374325e+01 5.47397365e+01 5.47474325e+01 5.47549205e+01 5.48049205e+01 5.48053143e+01 5.48076183e+01 5.48153143e+01 5.48176183e+01 5.48253143e+01 5.48346583e+01 5.48846583e+01 5.48885786e+01 5.48888666e+01 5.48985786e+01 5.48988666e+01 5.49085786e+01 5.49106586e+01 5.49606586e+01 5.49608571e+01 5.49685531e+01 5.49708571e+01 5.49785531e+01 5.49808571e+01 5.49885531e+01 5.49968091e+01 5.50468091e+01 5.50512156e+01 5.50515036e+01 5.50612156e+01 5.50615036e+01 5.50712156e+01 5.50715036e+01 5.50812156e+01 5.50827196e+01 5.50874292e+01 5.51074292e+01 5.51077172e+01 5.51174292e+01 5.51177172e+01 5.51274292e+01 5.51277172e+01 5.51374292e+01 5.51377172e+01 5.51474292e+01 5.51477172e+01 5.51574292e+01 5.51589332e+01 5.52089332e+01 5.52095150e+01 5.52118190e+01 5.52195150e+01 5.52218190e+01 5.52295150e+01 5.52342224e+01 5.52359150e+01 5.52859150e+01 5.52866003e+01 5.52868883e+01 5.52966003e+01 5.52968883e+01 5.53066003e+01 5.53081043e+01 5.53581043e+01 5.53602570e+01 5.53625610e+01 5.53702570e+01 5.53725610e+01 5.53802570e+01 5.53825610e+01 5.53902570e+01 5.53967850e+01 5.54467850e+01 5.54494165e+01 5.54517205e+01 5.54594165e+01 5.54617205e+01 5.54694165e+01 5.54744085e+01 5.55244085e+01 5.55308197e+01 5.55311077e+01 5.55408197e+01 5.55428997e+01 5.55928997e+01 5.55968368e+01 5.55991408e+01 5.56068368e+01 5.56091408e+01 5.56168368e+01 5.56250288e+01 5.56750288e+01 5.56770040e+01 5.56772920e+01 5.56870040e+01 5.56872920e+01 5.56970040e+01 5.56985080e+01 5.57485080e+01 5.57498894e+01 5.57501774e+01 5.57598894e+01 5.57601774e+01 5.57698894e+01 5.57719694e+01 5.58219694e+01 5.58271928e+01 5.58274808e+01 5.58371928e+01 5.58374808e+01 5.58471928e+01 5.58492728e+01 5.58992728e+01 5.59023989e+01 5.59026869e+01 5.59123989e+01 5.59126869e+01 5.59223989e+01 5.59226869e+01 5.59323989e+01 5.59339029e+01 5.59839029e+01 5.59927641e+01 5.59930521e+01 5.60027641e+01 5.60030521e+01 5.60127641e+01 5.60130521e+01 5.60227641e+01 5.60248441e+01 5.61234761e+01 5.61321681e+01 5.61324561e+01 5.61421681e+01 5.61424561e+01 5.61521681e+01 5.61524561e+01 5.61621681e+01 5.61624561e+01 5.61721681e+01 5.61724561e+01 5.61821681e+01 5.61842481e+01 5.61919094e+01 5.62071830e+01 5.62074710e+01 5.62171830e+01 5.62174710e+01 5.62271830e+01 5.62274710e+01 5.62371830e+01 5.62374710e+01 5.62471830e+01 5.62474710e+01 5.62571830e+01 5.62592630e+01 5.62710572e+01 5.62869783e+01 5.62892823e+01 5.62910572e+01 5.62913452e+01 5.63010572e+01 5.63013452e+01 5.63110572e+01 5.63113452e+01 5.63210572e+01 5.63213452e+01 5.63310572e+01 5.63313452e+01 5.63410572e+01 5.63425612e+01 5.63925612e+01 5.63982641e+01 5.64005681e+01 5.64082641e+01 5.64105681e+01 5.64182641e+01 5.64231921e+01 5.64731921e+01 5.64785451e+01 5.64788331e+01 5.64885451e+01 5.64888331e+01 5.64985451e+01 5.65006251e+01 5.65506251e+01 5.65528696e+01 5.65551736e+01 5.65628696e+01 5.65651736e+01 5.65706251e+01 5.66206251e+01 5.66265283e+01 5.66288323e+01 5.66365283e+01 5.66388323e+01 5.66465283e+01 5.66488323e+01 5.66565283e+01 5.66594529e+01 5.66632483e+01 5.67132483e+01 5.67201805e+01 5.67224845e+01 5.67301805e+01 5.67324845e+01 5.67401805e+01 5.67449805e+01 5.67949805e+01 5.67970130e+01 5.67993170e+01 5.68070130e+01 5.68093170e+01 5.68170130e+01 5.68193170e+01 5.68270130e+01 5.68346290e+01 5.68846290e+01 5.68892718e+01 5.68915758e+01 5.68992718e+01 5.69015758e+01 5.69092718e+01 5.69115758e+01 5.69192718e+01 5.69279758e+01 5.69779758e+01 5.69836402e+01 5.69839282e+01 5.69936402e+01 5.69957202e+01 5.70457202e+01 5.70462682e+01 5.70465562e+01 5.70562682e+01 5.70565562e+01 5.70662682e+01 5.70677722e+01 5.70852861e+01 5.70886276e+01 5.70909316e+01 5.70986276e+01 5.71009316e+01 5.71086276e+01 5.71109316e+01 5.71186276e+01 5.71209316e+01 5.71286276e+01 5.71309316e+01 5.71386276e+01 5.71438116e+01 5.71557313e+01 5.71638190e+01 5.71641070e+01 5.71738190e+01 5.71741070e+01 5.71838190e+01 5.71841070e+01 5.71938190e+01 5.71941070e+01 5.72038190e+01 5.72041070e+01 5.72138190e+01 5.72153230e+01 5.72280902e+01 5.72445649e+01 5.72468689e+01 5.72480902e+01 5.72483782e+01 5.72580902e+01 5.72583782e+01 5.72680902e+01 5.72683782e+01 5.72780902e+01 5.72783782e+01 5.72880902e+01 5.72883782e+01 5.72980902e+01 5.72995942e+01 5.73495942e+01 5.73572944e+01 5.73575824e+01 5.73672944e+01 5.73675824e+01 5.73772944e+01 5.73775824e+01 5.73872944e+01 5.73893744e+01 5.74393744e+01 5.74397741e+01 5.74400621e+01 5.74497741e+01 5.74500621e+01 5.74597741e+01 5.74600621e+01 5.74697741e+01 5.74718541e+01 5.75218541e+01 5.75240591e+01 5.75243471e+01 5.75340591e+01 5.75343471e+01 5.75440591e+01 5.75461391e+01 5.75961391e+01 5.75976990e+01 5.76000030e+01 5.76076990e+01 5.76100030e+01 5.76176990e+01 5.76236510e+01 5.76736510e+01 5.76783704e+01 5.76786584e+01 5.76883704e+01 5.76886584e+01 5.76983704e+01 5.76996245e+01 5.76998744e+01 5.77498744e+01 5.77530173e+01 5.77553213e+01 5.77630173e+01 5.77653213e+01 5.77730173e+01 5.77753213e+01 5.77830173e+01 5.77896733e+01 5.78396733e+01 5.78418402e+01 5.78421282e+01 5.78518402e+01 5.78521282e+01 5.78618402e+01 5.78639202e+01 5.79139202e+01 5.79233267e+01 5.79236147e+01 5.79333267e+01 5.79336147e+01 5.79433267e+01 5.79448307e+01 5.79948307e+01 5.79996365e+01 5.79999245e+01 5.80001247e+01 5.80096365e+01 5.80099245e+01 5.80101247e+01 5.80196365e+01 5.80217165e+01 5.81499494e+01 5.81502481e+01 5.81505361e+01 5.81516159e+01 5.81593119e+01 5.81616159e+01 5.81693119e+01 5.81716159e+01 5.81793119e+01 5.81816159e+01 5.81893119e+01 5.81948159e+01 5.82205361e+01 5.82302349e+01 5.82359198e+01 5.82382238e+01 5.82459198e+01 5.82482238e+01 5.82559198e+01 5.82582238e+01 5.82659198e+01 5.82682238e+01 5.82759198e+01 5.82839198e+01 5.82919292e+01 5.83119292e+01 5.83122172e+01 5.83219292e+01 5.83222172e+01 5.83319292e+01 5.83322172e+01 5.83419292e+01 5.83422172e+01 5.83519292e+01 5.83522172e+01 5.83619292e+01 5.83634332e+01 5.84134332e+01 5.84219987e+01 5.84222867e+01 5.84319987e+01 5.84340787e+01 5.84840787e+01 5.84879857e+01 5.84902897e+01 5.84979857e+01 5.85002897e+01 5.85079857e+01 5.85102897e+01 5.85179857e+01 5.85266257e+01 5.85766257e+01 5.85784827e+01 5.85807867e+01 5.85884827e+01 5.85907867e+01 5.85984827e+01 5.86080827e+01 5.86580827e+01 5.86604442e+01 5.86627482e+01 5.86704442e+01 5.86727482e+01 5.86804442e+01 5.86827482e+01 5.86904442e+01 5.86909577e+01 5.86971002e+01 5.87471002e+01 5.87527292e+01 5.87530172e+01 5.87627292e+01 5.87630172e+01 5.87727292e+01 5.87742332e+01 5.88242332e+01 5.88299823e+01 5.88302703e+01 5.88399823e+01 5.88402703e+01 5.88499823e+01 5.88502703e+01 5.88599823e+01 5.88620623e+01 5.89120623e+01 5.89164921e+01 5.89167801e+01 5.89264921e+01 5.89267801e+01 5.89364921e+01 5.89379961e+01 5.89879961e+01 5.89905888e+01 5.89928928e+01 5.90005888e+01 5.90028928e+01 5.90105888e+01 5.90194208e+01 5.90826379e+01 5.90895158e+01 5.90910198e+01 5.91094985e+01 5.91221276e+01 5.91244316e+01 5.91321276e+01 5.91344316e+01 5.91421276e+01 5.91444316e+01 5.91521276e+01 5.91544316e+01 5.91621276e+01 5.91644316e+01 5.91721276e+01 5.91785916e+01 5.91814728e+01 5.92014728e+01 5.92017608e+01 5.92114728e+01 5.92117608e+01 5.92214728e+01 5.92217608e+01 5.92314728e+01 5.92317608e+01 5.92414728e+01 5.92417608e+01 5.92514728e+01 5.92529768e+01 5.93029768e+01 5.93062405e+01 5.93085445e+01 5.93162405e+01 5.93185445e+01 5.93262405e+01 5.93357125e+01 5.93857125e+01 5.93910179e+01 5.93933219e+01 5.94010179e+01 5.94033219e+01 5.94110179e+01 5.94133219e+01 5.94210179e+01 5.94294019e+01 5.94794019e+01 5.94815933e+01 5.94838973e+01 5.94915933e+01 5.94938973e+01 5.95015933e+01 5.95086333e+01 5.95586333e+01 5.95593420e+01 5.95670380e+01 5.95693420e+01 5.95770380e+01 5.95782264e+01 5.95786333e+01 5.96286333e+01 5.96348399e+01 5.96369199e+01 5.96869199e+01 5.96879358e+01 5.96882238e+01 5.96979358e+01 5.96982238e+01 5.97079358e+01 5.97082238e+01 5.97179358e+01 5.97200158e+01 5.97700158e+01 5.97706748e+01 5.97729788e+01 5.97806748e+01 5.97829788e+01 5.97906748e+01 5.97997628e+01 5.98497628e+01 5.98507793e+01 5.98510673e+01 5.98607793e+01 5.98610673e+01 5.98707793e+01 5.98728593e+01 5.99228593e+01 5.99311784e+01 5.99314664e+01 5.99411784e+01 5.99414664e+01 5.99511784e+01 5.99526824e+01 6.00026824e+01 6.00088399e+01 6.00091279e+01 6.00188399e+01 6.00191279e+01 6.00288399e+01 6.00309199e+01 6.01182039e+01 6.01382039e+01 6.01384919e+01 6.01482039e+01 6.01484919e+01 6.01582039e+01 6.01584919e+01 6.01682039e+01 6.01684919e+01 6.01782039e+01 6.01784919e+01 6.01882039e+01 6.01897079e+01 6.02397079e+01 6.02438371e+01 6.02461411e+01 6.02538371e+01 6.02561411e+01 6.02638371e+01 6.02726051e+01 6.03226051e+01 6.03285556e+01 6.03308596e+01 6.03385556e+01 6.03408596e+01 6.03485556e+01 6.03508596e+01 6.03585556e+01 6.03673236e+01 6.04173236e+01 6.04183592e+01 6.04206632e+01 6.04283592e+01 6.04306632e+01 6.04383592e+01 6.04406632e+01 6.04483592e+01 6.04580872e+01 6.05080872e+01 6.05082743e+01 6.05105783e+01 6.05182743e+01 6.05205783e+01 6.05282743e+01 6.05344183e+01 6.05844183e+01 6.05889861e+01 6.05892741e+01 6.05895188e+01 6.05989861e+01 6.05992741e+01 6.05995188e+01 6.06089861e+01 6.06110661e+01 6.06610661e+01 6.06629486e+01 6.06652526e+01 6.06729486e+01 6.06752526e+01 6.06829486e+01 6.06834034e+01 6.06927406e+01 6.07427406e+01 6.07492554e+01 6.07515594e+01 6.07592554e+01 6.07615594e+01 6.07692554e+01 6.07715594e+01 6.07792554e+01 6.07857194e+01 6.08357194e+01 6.08375514e+01 6.08452474e+01 6.08475514e+01 6.08552474e+01 6.08575514e+01 6.08652474e+01 6.08675514e+01 6.08752474e+01 6.08826714e+01 6.09326714e+01 6.09334528e+01 6.09337408e+01 6.09434528e+01 6.09437408e+01 6.09534528e+01 6.09549568e+01 6.10049568e+01 6.10068021e+01 6.10070901e+01 6.10168021e+01 6.10170901e+01 6.10268021e+01 6.10283061e+01 6.11135422e+01 6.11263667e+01 6.11266547e+01 6.11363667e+01 6.11366547e+01 6.11463667e+01 6.11466547e+01 6.11563667e+01 6.11566547e+01 6.11663667e+01 6.11666547e+01 6.11763667e+01 6.11784467e+01 6.11819934e+01 6.12019934e+01 6.12022814e+01 6.12119934e+01 6.12122814e+01 6.12219934e+01 6.12222814e+01 6.12319934e+01 6.12322814e+01 6.12419934e+01 6.12422814e+01 6.12519934e+01 6.12534974e+01 6.13034974e+01 6.13041518e+01 6.13044398e+01 6.13141518e+01 6.13144398e+01 6.13241518e+01 6.13262318e+01 6.13762318e+01 6.13764792e+01 6.13767672e+01 6.13864792e+01 6.13867672e+01 6.13964792e+01 6.13967672e+01 6.14064792e+01 6.14085592e+01 6.14585592e+01 6.14656208e+01 6.14679248e+01 6.14756208e+01 6.14779248e+01 6.14856208e+01 6.14933008e+01 6.15433008e+01 6.15463893e+01 6.15486933e+01 6.15563893e+01 6.15586933e+01 6.15663893e+01 6.15722773e+01 6.16222773e+01 6.16319035e+01 6.16321915e+01 6.16419035e+01 6.16421915e+01 6.16519035e+01 6.16534075e+01 6.17034075e+01 6.17075578e+01 6.17078458e+01 6.17175578e+01 6.17178458e+01 6.17275578e+01 6.17296378e+01 6.17796378e+01 6.17797627e+01 6.17820667e+01 6.17897627e+01 6.17920667e+01 6.17997627e+01 6.18020667e+01 6.18097627e+01 6.18151387e+01 6.18651387e+01 6.18681269e+01 6.18684149e+01 6.18781269e+01 6.18783760e+01 6.18784149e+01 6.18881269e+01 6.18902069e+01 6.19402069e+01 6.19453697e+01 6.19456577e+01 6.19553697e+01 6.19556577e+01 6.19653697e+01 6.19668737e+01 6.20168737e+01 6.20174486e+01 6.20197526e+01 6.20274486e+01 6.20297526e+01 6.20368737e+01 6.20762048e+01 6.20807791e+01 6.20810671e+01 6.20907791e+01 6.20910671e+01 6.21007791e+01 6.21010671e+01 6.21107791e+01 6.21110671e+01 6.21207791e+01 6.21210671e+01 6.21307791e+01 6.21328591e+01 6.21405267e+01 6.21543416e+01 6.21546296e+01 6.21643416e+01 6.21646296e+01 6.21743416e+01 6.21746296e+01 6.21843416e+01 6.21846296e+01 6.21943416e+01 6.21946296e+01 6.22043416e+01 6.22064216e+01 6.22137471e+01 6.22278736e+01 6.22301776e+01 6.22378736e+01 6.22401776e+01 6.22478736e+01 6.22501776e+01 6.22578736e+01 6.22601776e+01 6.22678736e+01 6.22701776e+01 6.22778736e+01 6.22872176e+01 6.23048015e+01 6.23145897e+01 6.23148777e+01 6.23245897e+01 6.23248777e+01 6.23345897e+01 6.23348777e+01 6.23445897e+01 6.23448777e+01 6.23545897e+01 6.23548777e+01 6.23645897e+01 6.23660937e+01 6.23689785e+01 6.23880521e+01 6.23883401e+01 6.23980521e+01 6.23983401e+01 6.24080521e+01 6.24083401e+01 6.24180521e+01 6.24183401e+01 6.24280521e+01 6.24283401e+01 6.24380521e+01 6.24401321e+01 6.24569324e+01 6.24731740e+01 6.24754780e+01 6.24831740e+01 6.24854780e+01 6.24931740e+01 6.24954780e+01 6.25031740e+01 6.25054780e+01 6.25131740e+01 6.25154780e+01 6.25231740e+01 6.25298940e+01 6.25391916e+01 6.25510745e+01 6.25533785e+01 6.25610745e+01 6.25633785e+01 6.25710745e+01 6.25733785e+01 6.25810745e+01 6.25833785e+01 6.25910745e+01 6.25933785e+01 6.26010745e+01 6.26082425e+01 6.26263421e+01 6.26309922e+01 6.26312802e+01 6.26409922e+01 6.26412802e+01 6.26509922e+01 6.26512802e+01 6.26609922e+01 6.26612802e+01 6.26709922e+01 6.26712802e+01 6.26809922e+01 6.26830722e+01 6.27004539e+01 6.27142947e+01 6.27165987e+01 6.27242947e+01 6.27265987e+01 6.27342947e+01 6.27365987e+01 6.27442947e+01 6.27465987e+01 6.27542947e+01 6.27565987e+01 6.27642947e+01 6.27690917e+01 6.27742147e+01 6.27793077e+01 6.27944722e+01 6.27967762e+01 6.28044722e+01 6.28067762e+01 6.28144722e+01 6.28167762e+01 6.28244722e+01 6.28267762e+01 6.28344722e+01 6.28367762e+01 6.28444722e+01 6.28512562e+01 6.28706203e+01 6.28821952e+01 6.28844992e+01 6.28906203e+01 6.28909083e+01 6.29006203e+01 6.29009083e+01 6.29106203e+01 6.29109083e+01 6.29206203e+01 6.29209083e+01 6.29306203e+01 6.29309083e+01 6.29406203e+01 6.29421243e+01 6.29921243e+01 6.29923625e+01 6.29946665e+01 6.30023625e+01 6.30046665e+01 6.30123625e+01 6.30182505e+01 6.31542126e+01 6.31569824e+01 6.31592864e+01 6.31669824e+01 6.31692864e+01 6.31769824e+01 6.31792864e+01 6.31869824e+01 6.31892864e+01 6.31969824e+01 6.32024224e+01 6.32274348e+01 6.32297388e+01 6.32374348e+01 6.32392864e+01 6.32586273e+01 6.32597388e+01 6.32674348e+01 6.32697388e+01 6.32774348e+01 6.32826188e+01 6.32845903e+01 6.33045903e+01 6.33048783e+01 6.33145903e+01 6.33148783e+01 6.33245903e+01 6.33248783e+01 6.33345903e+01 6.33348783e+01 6.33445903e+01 6.33448783e+01 6.33545903e+01 6.33560943e+01 6.34060943e+01 6.34062904e+01 6.34065784e+01 6.34162904e+01 6.34165784e+01 6.34262904e+01 6.34265784e+01 6.34362904e+01 6.34383704e+01 6.34883704e+01 6.34936765e+01 6.34959805e+01 6.35036765e+01 6.35059805e+01 6.35136765e+01 6.35227645e+01 6.35727645e+01 6.35728805e+01 6.35751362e+01 6.35751845e+01 6.35828805e+01 6.35851845e+01 6.35928805e+01 6.35951845e+01 6.36028805e+01 6.36099845e+01 6.36599845e+01 6.36668126e+01 6.36671006e+01 6.36768126e+01 6.36771006e+01 6.36868126e+01 6.36883166e+01 6.37383166e+01 6.37414240e+01 6.37417120e+01 6.37514240e+01 6.37517120e+01 6.37614240e+01 6.37635040e+01 6.38135040e+01 6.38137445e+01 6.38160485e+01 6.38237445e+01 6.38260485e+01 6.38337445e+01 6.38360485e+01 6.38437445e+01 6.38513605e+01 6.39013605e+01 6.39034755e+01 6.39111715e+01 6.39134755e+01 6.39211715e+01 6.39234755e+01 6.39311715e+01 6.39384035e+01 6.39884035e+01 6.39906449e+01 6.39909329e+01 6.40006449e+01 6.40009329e+01 6.40106449e+01 6.40121489e+01 6.41513973e+01 6.41516776e+01 6.41593736e+01 6.41616776e+01 6.41693736e+01 6.41765416e+01 6.41787819e+01 6.41948441e+01 6.41951321e+01 6.42048441e+01 6.42051321e+01 6.42148441e+01 6.42151321e+01 6.42248441e+01 6.42251321e+01 6.42348441e+01 6.42351321e+01 6.42448441e+01 6.42469241e+01 6.42495870e+01 6.42695870e+01 6.42698750e+01 6.42795870e+01 6.42798750e+01 6.42895870e+01 6.42898750e+01 6.42995870e+01 6.42998750e+01 6.43095870e+01 6.43098750e+01 6.43195870e+01 6.43210910e+01 6.43710910e+01 6.43727122e+01 6.43750162e+01 6.43827122e+01 6.43850162e+01 6.43910910e+01 6.44410910e+01 6.44467654e+01 6.44490694e+01 6.44567654e+01 6.44590694e+01 6.44667654e+01 6.44690694e+01 6.44767654e+01 6.44845734e+01 6.45345734e+01 6.45359621e+01 6.45436581e+01 6.45459621e+01 6.45536581e+01 6.45559621e+01 6.45636581e+01 6.45684581e+01 6.46184581e+01 6.46237155e+01 6.46240035e+01 6.46337155e+01 6.46357955e+01 6.46857955e+01 6.46879590e+01 6.46895939e+01 6.46902630e+01 6.46979590e+01 6.47002630e+01 6.47079590e+01 6.47102630e+01 6.47179590e+01 6.47255750e+01 6.47755750e+01 6.47825568e+01 6.47828448e+01 6.47925568e+01 6.47928448e+01 6.48025568e+01 6.48040608e+01 6.48540608e+01 6.48548945e+01 6.48623235e+01 6.48626115e+01 6.48648945e+01 6.48723235e+01 6.48726115e+01 6.48748945e+01 6.48823235e+01 6.48844035e+01 6.49344035e+01 6.49389036e+01 6.49391916e+01 6.49489036e+01 6.49491916e+01 6.49589036e+01 6.49604076e+01 6.50104076e+01 6.50125044e+01 6.50127924e+01 6.50149959e+01 6.50225044e+01 6.50227924e+01 6.50249959e+01 6.50325044e+01 6.50340084e+01 6.51471446e+01 6.51486562e+01 6.51509602e+01 6.51586562e+01 6.51609602e+01 6.51686562e+01 6.51709602e+01 6.51786562e+01 6.51809602e+01 6.51886562e+01 6.51958882e+01 6.52102657e+01 6.52302657e+01 6.52305537e+01 6.52402657e+01 6.52405537e+01 6.52502657e+01 6.52505537e+01 6.52602657e+01 6.52605537e+01 6.52702657e+01 6.52705537e+01 6.52802657e+01 6.52817697e+01 6.53317697e+01 6.53377164e+01 6.53400204e+01 6.53477164e+01 6.53500204e+01 6.53577164e+01 6.53659084e+01 6.54159084e+01 6.54161554e+01 6.54184594e+01 6.54261554e+01 6.54284594e+01 6.54361554e+01 6.54384594e+01 6.54461554e+01 6.54521074e+01 6.55021074e+01 6.55029504e+01 6.55052544e+01 6.55129504e+01 6.55152544e+01 6.55229504e+01 6.55293504e+01 6.55793504e+01 6.55838989e+01 6.55841869e+01 6.55938989e+01 6.55941869e+01 6.56038989e+01 6.56054029e+01 6.56554029e+01 6.56567680e+01 6.56590720e+01 6.56667680e+01 6.56690720e+01 6.56767680e+01 6.56855360e+01 6.57355360e+01 6.57355967e+01 6.57432927e+01 6.57435958e+01 6.57455967e+01 6.57532927e+01 6.57555967e+01 6.57632927e+01 6.57655967e+01 6.57732927e+01 6.57809727e+01 6.58309727e+01 6.58371449e+01 6.58394489e+01 6.58471449e+01 6.58494489e+01 6.58571449e+01 6.58594489e+01 6.58671449e+01 6.58732889e+01 6.59232889e+01 6.59289924e+01 6.59292804e+01 6.59389924e+01 6.59392804e+01 6.59489924e+01 6.59504964e+01 6.60004964e+01 6.60006777e+01 6.60009657e+01 6.60106777e+01 6.60109657e+01 6.60206777e+01 6.60227577e+01 6.60818692e+01 6.60843300e+01 6.60866340e+01 6.60943300e+01 6.60966340e+01 6.61018692e+01 6.61021572e+01 6.61118692e+01 6.61121572e+01 6.61218692e+01 6.61221572e+01 6.61318692e+01 6.61321572e+01 6.61418692e+01 6.61421572e+01 6.61518692e+01 6.61533732e+01 6.62033732e+01 6.62045495e+01 6.62068535e+01 6.62145495e+01 6.62168535e+01 6.62245495e+01 6.62340215e+01 6.62840215e+01 6.62877693e+01 6.62880573e+01 6.62977693e+01 6.62980573e+01 6.63077693e+01 6.63098493e+01 6.63598493e+01 6.63688860e+01 6.63691740e+01 6.63788860e+01 6.63791740e+01 6.63888860e+01 6.63903900e+01 6.64403900e+01 6.64414497e+01 6.64417377e+01 6.64514497e+01 6.64517377e+01 6.64614497e+01 6.64617377e+01 6.64714497e+01 6.64735297e+01 6.65235297e+01 6.65325017e+01 6.65327897e+01 6.65425017e+01 6.65427897e+01 6.65525017e+01 6.65545817e+01 6.66045817e+01 6.66132618e+01 6.66135498e+01 6.66232618e+01 6.66247658e+01 6.66747658e+01 6.66777266e+01 6.66800306e+01 6.66877266e+01 6.66900306e+01 6.66977266e+01 6.67049586e+01 6.67549586e+01 6.67611896e+01 6.67634936e+01 6.67711896e+01 6.67734936e+01 6.67811896e+01 6.67883576e+01 6.68383576e+01 6.68421192e+01 6.68444232e+01 6.68521192e+01 6.68539862e+01 6.68544232e+01 6.68621192e+01 6.68671112e+01 6.69171112e+01 6.69178868e+01 6.69181748e+01 6.69278868e+01 6.69281748e+01 6.69378868e+01 6.69381748e+01 6.69478868e+01 6.69499668e+01 6.69999668e+01 6.70030458e+01 6.70053498e+01 6.70130458e+01 6.70153498e+01 6.70230458e+01 6.70326458e+01 6.71436481e+01 6.71502485e+01 6.71505365e+01 6.71602485e+01 6.71605365e+01 6.71702485e+01 6.71705365e+01 6.71802485e+01 6.71817525e+01 6.72003915e+01 6.72113585e+01 6.72136625e+01 6.72213585e+01 6.72236625e+01 6.72313585e+01 6.72336625e+01 6.72413585e+01 6.72436625e+01 6.72513585e+01 6.72536625e+01 6.72613585e+01 6.72711505e+01 6.72736778e+01 6.72936778e+01 6.72939658e+01 6.73036778e+01 6.73039658e+01 6.73136778e+01 6.73139658e+01 6.73236778e+01 6.73239658e+01 6.73336778e+01 6.73339658e+01 6.73436778e+01 6.73451818e+01 6.73951818e+01 6.73980391e+01 6.74003431e+01 6.74080391e+01 6.74103431e+01 6.74180391e+01 6.74245031e+01 6.74745031e+01 6.74751775e+01 6.74774815e+01 6.74851775e+01 6.74874815e+01 6.74951775e+01 6.74974815e+01 6.75051775e+01 6.75150975e+01 6.75650975e+01 6.75696379e+01 6.75699259e+01 6.75796379e+01 6.75799259e+01 6.75896379e+01 6.75911419e+01 6.76411419e+01 6.76436452e+01 6.76459492e+01 6.76536452e+01 6.76559492e+01 6.76636452e+01 6.76722852e+01 6.77222852e+01 6.77292540e+01 6.77295420e+01 6.77392540e+01 6.77395420e+01 6.77492540e+01 6.77495420e+01 6.77592540e+01 6.77595873e+01 6.77607580e+01 6.78107580e+01 6.78140846e+01 6.78163886e+01 6.78240846e+01 6.78263886e+01 6.78340846e+01 6.78422766e+01 6.78922766e+01 6.78983850e+01 6.79006890e+01 6.79083850e+01 6.79106890e+01 6.79183850e+01 6.79206890e+01 6.79283850e+01 6.79346570e+01 6.79846570e+01 6.79861692e+01 6.79864572e+01 6.79961692e+01 6.79964572e+01 6.80061692e+01 6.80076732e+01 6.80576732e+01 6.80577690e+01 6.80580570e+01 6.80677690e+01 6.80680570e+01 6.80777690e+01 6.80792730e+01 6.80988805e+01 6.81015509e+01 6.81018389e+01 6.81115509e+01 6.81118389e+01 6.81215509e+01 6.81218389e+01 6.81315509e+01 6.81318389e+01 6.81415509e+01 6.81418389e+01 6.81515509e+01 6.81536309e+01 6.81701704e+01 6.81771576e+01 6.81794616e+01 6.81871576e+01 6.81894616e+01 6.81971576e+01 6.81994616e+01 6.82071576e+01 6.82094616e+01 6.82171576e+01 6.82194616e+01 6.82271576e+01 6.82333656e+01 6.82506997e+01 6.82677865e+01 6.82700905e+01 6.82777865e+01 6.82800905e+01 6.82877865e+01 6.82900905e+01 6.82977865e+01 6.83000905e+01 6.83077865e+01 6.83100905e+01 6.83177865e+01 6.83272585e+01 6.83457550e+01 6.83614432e+01 6.83637472e+01 6.83714432e+01 6.83737472e+01 6.83814432e+01 6.83837472e+01 6.83914432e+01 6.83937472e+01 6.84014432e+01 6.84037472e+01 6.84114432e+01 6.84170752e+01 6.84274024e+01 6.84439197e+01 6.84462237e+01 6.84539197e+01 6.84562237e+01 6.84639197e+01 6.84662237e+01 6.84739197e+01 6.84762237e+01 6.84839197e+01 6.84839571e+01 6.84862237e+01 6.84939197e+01 6.84992957e+01 6.85020311e+01 6.85220311e+01 6.85223191e+01 6.85320311e+01 6.85323191e+01 6.85420311e+01 6.85423191e+01 6.85520311e+01 6.85523191e+01 6.85620311e+01 6.85623191e+01 6.85720311e+01 6.85735351e+01 6.86235351e+01 6.86269990e+01 6.86272870e+01 6.86369990e+01 6.86372870e+01 6.86469990e+01 6.86485030e+01 6.86985030e+01 6.87020775e+01 6.87043815e+01 6.87120775e+01 6.87143815e+01 6.87220775e+01 6.87316775e+01 6.87816775e+01 6.87822305e+01 6.87845345e+01 6.87922305e+01 6.87945345e+01 6.88022305e+01 6.88085665e+01 6.88585665e+01 6.88598247e+01 6.88621287e+01 6.88698247e+01 6.88721287e+01 6.88798247e+01 6.88880807e+01 6.89380807e+01 6.89411902e+01 6.89414782e+01 6.89511902e+01 6.89514782e+01 6.89611902e+01 6.89626942e+01 6.90126942e+01 6.90140960e+01 6.90164000e+01 6.90240960e+01 6.90264000e+01 6.90326942e+01 6.90642414e+01 6.90669265e+01 6.90692305e+01 6.90769265e+01 6.90792305e+01 6.90869265e+01 6.90892305e+01 6.90969265e+01 6.90992305e+01 6.91069265e+01 6.91092305e+01 6.91169265e+01 6.91229425e+01 6.91397961e+01 6.91490006e+01 6.91513046e+01 6.91590006e+01 6.91613046e+01 6.91690006e+01 6.91713046e+01 6.91790006e+01 6.91813046e+01 6.91890006e+01 6.91913046e+01 6.91990006e+01 6.92060406e+01 6.92112457e+01 6.92294342e+01 6.92296077e+01 6.92312457e+01 6.92315337e+01 6.92412457e+01 6.92415337e+01 6.92512457e+01 6.92515337e+01 6.92612457e+01 6.92615337e+01 6.92712457e+01 6.92715337e+01 6.92812457e+01 6.92827497e+01 6.93327497e+01 6.93355708e+01 6.93378748e+01 6.93455708e+01 6.93478748e+01 6.93555708e+01 6.93648508e+01 6.94148508e+01 6.94166522e+01 6.94243482e+01 6.94266522e+01 6.94343482e+01 6.94366522e+01 6.94443482e+01 6.94519002e+01 6.95019002e+01 6.95052559e+01 6.95055439e+01 6.95078175e+01 6.95152559e+01 6.95155439e+01 6.95178175e+01 6.95252559e+01 6.95273359e+01 6.95773359e+01 6.95839915e+01 6.95842795e+01 6.95939915e+01 6.95942795e+01 6.96039915e+01 6.96054955e+01 6.96554955e+01 6.96619215e+01 6.96622095e+01 6.96719215e+01 6.96722095e+01 6.96819215e+01 6.96822095e+01 6.96919215e+01 6.96940015e+01 6.97440015e+01 6.97440334e+01 6.97443214e+01 6.97540334e+01 6.97543214e+01 6.97640334e+01 6.97661134e+01 6.98161134e+01 6.98245511e+01 6.98248391e+01 6.98345511e+01 6.98348391e+01 6.98445511e+01 6.98466311e+01 6.98966311e+01 6.99061731e+01 6.99064611e+01 6.99161731e+01 6.99164611e+01 6.99261731e+01 6.99282531e+01 6.99782531e+01 6.99801388e+01 6.99804268e+01 6.99901388e+01 6.99904268e+01 7.00001388e+01 7.00022188e+01 7.00522188e+01 7.00528159e+01 7.00531039e+01 7.00628159e+01 7.00631039e+01 7.00728159e+01 7.00748959e+01 7.00830930e+01 7.00961633e+01 7.00964513e+01 7.01061633e+01 7.01064513e+01 7.01161633e+01 7.01164513e+01 7.01261633e+01 7.01264513e+01 7.01361633e+01 7.01364513e+01 7.01461633e+01 7.01482433e+01 7.01641152e+01 7.01727509e+01 7.01730389e+01 7.01733061e+01 7.01827509e+01 7.01830389e+01 7.01833061e+01 7.01927509e+01 7.01930389e+01 7.01933061e+01 7.02027509e+01 7.02030389e+01 7.02033061e+01 7.02127509e+01 7.02130389e+01 7.02133061e+01 7.02227509e+01 7.02248309e+01 7.02439889e+01 7.02475551e+01 7.02478431e+01 7.02575551e+01 7.02578431e+01 7.02675551e+01 7.02678431e+01 7.02775551e+01 7.02778431e+01 7.02875551e+01 7.02878431e+01 7.02975551e+01 7.02990591e+01 7.03097058e+01 7.03284180e+01 7.03287060e+01 7.03384180e+01 7.03387060e+01 7.03484180e+01 7.03487060e+01 7.03584180e+01 7.03587060e+01 7.03684180e+01 7.03687060e+01 7.03784180e+01 7.03804980e+01 7.03827971e+01 7.04027971e+01 7.04030851e+01 7.04127971e+01 7.04130851e+01 7.04227971e+01 7.04230851e+01 7.04327971e+01 7.04330851e+01 7.04427971e+01 7.04430851e+01 7.04527971e+01 7.04543011e+01 7.05043011e+01 7.05074912e+01 7.05097952e+01 7.05174912e+01 7.05197952e+01 7.05274912e+01 7.05322912e+01 7.05822912e+01 7.05844613e+01 7.05847493e+01 7.05944613e+01 7.05947493e+01 7.06044613e+01 7.06065413e+01 7.06565413e+01 7.06587900e+01 7.06664860e+01 7.06687900e+01 7.06764860e+01 7.06787900e+01 7.06864860e+01 7.06890302e+01 7.06914780e+01 7.07414780e+01 7.07416334e+01 7.07493185e+01 7.07496065e+01 7.07516334e+01 7.07593185e+01 7.07596065e+01 7.07616334e+01 7.07693185e+01 7.07708225e+01 7.08208225e+01 7.08289961e+01 7.08292841e+01 7.08389961e+01 7.08392841e+01 7.08489961e+01 7.08510761e+01 7.09010761e+01 7.09043722e+01 7.09046602e+01 7.09143722e+01 7.09146602e+01 7.09243722e+01 7.09264522e+01 7.09764522e+01 7.09765073e+01 7.09767953e+01 7.09865073e+01 7.09867953e+01 7.09965073e+01 7.09985873e+01 7.10485873e+01 7.10512727e+01 7.10535767e+01 7.10612727e+01 7.10635767e+01 7.10712727e+01 7.10782487e+01 7.11041549e+01 7.11064589e+01 7.11141549e+01 7.11164589e+01 7.11241549e+01 7.11264589e+01 7.11335767e+01 7.11453476e+01 7.11464589e+01 7.11541549e+01 7.11629229e+01 7.11818888e+01 7.11873493e+01 7.11876373e+01 7.11973493e+01 7.11976373e+01 7.12073493e+01 7.12076373e+01 7.12173493e+01 7.12176373e+01 7.12273493e+01 7.12276373e+01 7.12373493e+01 7.12388533e+01 7.12504787e+01 7.12636701e+01 7.12659741e+01 7.12736701e+01 7.12759741e+01 7.12836701e+01 7.12859741e+01 7.12936701e+01 7.12959741e+01 7.13036701e+01 7.13059741e+01 7.13136701e+01 7.13235901e+01 7.13347280e+01 7.13487508e+01 7.13510548e+01 7.13587508e+01 7.13610548e+01 7.13687508e+01 7.13710548e+01 7.13787508e+01 7.13810548e+01 7.13887508e+01 7.13910548e+01 7.13987508e+01 7.14059188e+01 7.14202547e+01 7.14402547e+01 7.14405427e+01 7.14502547e+01 7.14505427e+01 7.14602547e+01 7.14605427e+01 7.14702547e+01 7.14705427e+01 7.14802547e+01 7.14805427e+01 7.14902547e+01 7.14917587e+01 7.15417587e+01 7.15457930e+01 7.15480970e+01 7.15557930e+01 7.15580970e+01 7.15657930e+01 7.15690268e+01 7.15720010e+01 7.16220010e+01 7.16229136e+01 7.16252176e+01 7.16274688e+01 7.16277568e+01 7.16329136e+01 7.16352176e+01 7.16374688e+01 7.16377568e+01 7.16429136e+01 7.16452176e+01 7.16474688e+01 7.16477568e+01 7.16529136e+01 7.16616816e+01 7.16674688e+01 7.16677568e+01 7.16774688e+01 7.16795488e+01 7.17295488e+01 7.17300965e+01 7.17377925e+01 7.17400965e+01 7.17477925e+01 7.17500965e+01 7.17577925e+01 7.17670085e+01 7.18170085e+01 7.18176013e+01 7.18252973e+01 7.18276013e+01 7.18352973e+01 7.18376013e+01 7.18452973e+01 7.18518253e+01 7.19018253e+01 7.19089164e+01 7.19112204e+01 7.19189164e+01 7.19212204e+01 7.19289164e+01 7.19361484e+01 7.19861484e+01 7.19908773e+01 7.19911653e+01 7.20008773e+01 7.20023813e+01 7.20523813e+01 7.20567963e+01 7.20570843e+01 7.20667963e+01 7.20670843e+01 7.20767963e+01 7.20783003e+01 7.20947095e+01 7.21010570e+01 7.21033610e+01 7.21110570e+01 7.21133610e+01 7.21210570e+01 7.21233610e+01 7.21310570e+01 7.21333610e+01 7.21410570e+01 7.21433610e+01 7.21510570e+01 7.21603370e+01 7.21744100e+01 7.21849525e+01 7.21872565e+01 7.21949525e+01 7.21972565e+01 7.22049525e+01 7.22072565e+01 7.22149525e+01 7.22172565e+01 7.22249525e+01 7.22272565e+01 7.22349525e+01 7.22400413e+01 7.22423125e+01 7.22497319e+01 7.22697319e+01 7.22700199e+01 7.22797319e+01 7.22800199e+01 7.22897319e+01 7.22900199e+01 7.22997319e+01 7.23000199e+01 7.23097319e+01 7.23100199e+01 7.23197319e+01 7.23212359e+01 7.23712359e+01 7.23724806e+01 7.23747846e+01 7.23824806e+01 7.23847846e+01 7.23924806e+01 7.23981126e+01 7.24481126e+01 7.24681126e+01 7.25181126e+01 7.25199408e+01 7.25276368e+01 7.25375568e+01 7.25875568e+01 7.25895972e+01 7.25919012e+01 7.25995972e+01 7.26019012e+01 7.26095972e+01 7.26149092e+01 7.26649092e+01 7.26656515e+01 7.26733475e+01 7.26756515e+01 7.26761220e+01 7.26764100e+01 7.26833475e+01 7.26856515e+01 7.26861220e+01 7.26864100e+01 7.26933475e+01 7.26956515e+01 7.26961220e+01 7.26964100e+01 7.27033475e+01 7.27105155e+01 7.27161220e+01 7.27164100e+01 7.27261220e+01 7.27282020e+01 7.27782020e+01 7.27782058e+01 7.27784938e+01 7.27882058e+01 7.27884938e+01 7.27982058e+01 7.28002858e+01 7.28502858e+01 7.28566819e+01 7.28569699e+01 7.28666819e+01 7.28669699e+01 7.28766819e+01 7.28787619e+01 7.29287619e+01 7.29349749e+01 7.29372789e+01 7.29449749e+01 7.29472789e+01 7.29549749e+01 7.29620149e+01 7.30120149e+01 7.30172964e+01 7.30175844e+01 7.30272964e+01 7.30275844e+01 7.30372964e+01 7.30388004e+01 7.30906620e+01 7.31002494e+01 7.31005374e+01 7.31102494e+01 7.31105374e+01 7.31202494e+01 7.31223294e+01 7.31335574e+01 7.31427888e+01 7.31430768e+01 7.31527888e+01 7.31530768e+01 7.31627888e+01 7.31630768e+01 7.31727888e+01 7.31730768e+01 7.31827888e+01 7.31830768e+01 7.31927888e+01 7.31942928e+01 7.32018004e+01 7.32218004e+01 7.32220884e+01 7.32318004e+01 7.32320884e+01 7.32418004e+01 7.32420884e+01 7.32518004e+01 7.32520884e+01 7.32618004e+01 7.32620884e+01 7.32718004e+01 7.32733044e+01 7.33233044e+01 7.33315449e+01 7.33318329e+01 7.33415449e+01 7.33418329e+01 7.33515449e+01 7.33536249e+01 7.34036249e+01 7.34112463e+01 7.34135503e+01 7.34212463e+01 7.34233847e+01 7.34235503e+01 7.34236249e+01 7.34736249e+01 7.34798400e+01 7.34821440e+01 7.34898400e+01 7.34921440e+01 7.34998400e+01 7.35021440e+01 7.35098400e+01 7.35121440e+01 7.35198400e+01 7.35283520e+01 7.35783520e+01 7.35790201e+01 7.35813241e+01 7.35890201e+01 7.35913241e+01 7.35990201e+01 7.36052921e+01 7.36552921e+01 7.36604251e+01 7.36607131e+01 7.36704251e+01 7.36707131e+01 7.36804251e+01 7.36819291e+01 7.37319291e+01 7.37368946e+01 7.37371826e+01 7.37468946e+01 7.37471826e+01 7.37568946e+01 7.37589746e+01 7.38089746e+01 7.38124838e+01 7.38147878e+01 7.38148213e+01 7.38224838e+01 7.38247878e+01 7.38248213e+01 7.38289746e+01 7.38789746e+01 7.38802051e+01 7.38804931e+01 7.38902051e+01 7.38904931e+01 7.39002051e+01 7.39004931e+01 7.39102051e+01 7.39122851e+01 7.39622851e+01 7.39705780e+01 7.39708660e+01 7.39805780e+01 7.39808660e+01 7.39905780e+01 7.39926580e+01 7.40426580e+01 7.40442674e+01 7.40445554e+01 7.40542674e+01 7.40545554e+01 7.40642674e+01 7.40657714e+01 7.40660445e+01 7.40860445e+01 7.40863325e+01 7.40960445e+01 7.40963325e+01 7.41060445e+01 7.41063325e+01 7.41160445e+01 7.41163325e+01 7.41260445e+01 7.41263325e+01 7.41360445e+01 7.41375485e+01 7.41875485e+01 7.41897922e+01 7.41900802e+01 7.41997922e+01 7.42000802e+01 7.42097922e+01 7.42100802e+01 7.42197922e+01 7.42218722e+01 7.42718722e+01 7.42761050e+01 7.42784090e+01 7.42861050e+01 7.42884090e+01 7.42961050e+01 7.43020570e+01 7.43520570e+01 7.43539802e+01 7.43542682e+01 7.43639802e+01 7.43642682e+01 7.43739802e+01 7.43760602e+01 7.44260602e+01 7.44274577e+01 7.44277457e+01 7.44319533e+01 7.44342573e+01 7.44343472e+01 7.44374577e+01 7.44377457e+01 7.44419533e+01 7.44442573e+01 7.44443472e+01 7.44474577e+01 7.44477457e+01 7.44519533e+01 7.44609133e+01 7.44832474e+01 7.44855514e+01 7.44932474e+01 7.44955514e+01 7.44977457e+01 7.45477457e+01 7.45616192e+01 7.45639232e+01 7.45716192e+01 7.45739232e+01 7.45816192e+01 7.45839232e+01 7.45916192e+01 7.45939232e+01 7.46016192e+01 7.46020814e+01 7.46039232e+01 7.46116192e+01 7.46203872e+01 7.46703872e+01 7.46730253e+01 7.46753293e+01 7.46830253e+01 7.46853293e+01 7.46930253e+01 7.46953293e+01 7.47030253e+01 7.47128173e+01 7.47628173e+01 7.47704812e+01 7.47707692e+01 7.47804812e+01 7.47807692e+01 7.47904812e+01 7.47919852e+01 7.48419852e+01 7.48460307e+01 7.48463187e+01 7.48560307e+01 7.48563187e+01 7.48660307e+01 7.48681107e+01 7.49181107e+01 7.49182290e+01 7.49205330e+01 7.49282290e+01 7.49305330e+01 7.49382290e+01 7.49405330e+01 7.49482290e+01 7.49532850e+01 7.50032850e+01 7.50061107e+01 7.50063987e+01 7.50161107e+01 7.50163987e+01 7.50261107e+01 7.50281907e+01 7.51164536e+01 7.51364536e+01 7.51367416e+01 7.51464536e+01 7.51467416e+01 7.51564536e+01 7.51567416e+01 7.51664536e+01 7.51667416e+01 7.51764536e+01 7.51767416e+01 7.51864536e+01 7.51879576e+01 7.52379576e+01 7.52456743e+01 7.52459623e+01 7.52556743e+01 7.52559623e+01 7.52656743e+01 7.52671783e+01 7.53171783e+01 7.53216031e+01 7.53218911e+01 7.53316031e+01 7.53318911e+01 7.53416031e+01 7.53436831e+01 7.53936831e+01 7.53943629e+01 7.54020589e+01 7.54043629e+01 7.54120589e+01 7.54143629e+01 7.54220589e+01 7.54293549e+01 7.54793549e+01 7.54830306e+01 7.54853346e+01 7.54930306e+01 7.54953346e+01 7.55030306e+01 7.55053346e+01 7.55130306e+01 7.55186626e+01 7.55686626e+01 7.55696684e+01 7.55699564e+01 7.55796684e+01 7.55799564e+01 7.55896684e+01 7.55911724e+01 7.56411724e+01 7.56463120e+01 7.56466000e+01 7.56563120e+01 7.56566000e+01 7.56663120e+01 7.56683920e+01 7.57183920e+01 7.57197457e+01 7.57274417e+01 7.57297457e+01 7.57374417e+01 7.57397457e+01 7.57474417e+01 7.57529182e+01 7.57572337e+01 7.58072337e+01 7.58103176e+01 7.58126216e+01 7.58203176e+01 7.58226216e+01 7.58303176e+01 7.58326216e+01 7.58403176e+01 7.58451176e+01 7.58951176e+01 7.58988822e+01 7.58991702e+01 7.59088822e+01 7.59091702e+01 7.59188822e+01 7.59209622e+01 7.59709622e+01 7.59717892e+01 7.59740932e+01 7.59743177e+01 7.59817892e+01 7.59840932e+01 7.59843177e+01 7.59917892e+01 7.60012612e+01 7.60512612e+01 7.60578604e+01 7.60601644e+01 7.60678604e+01 7.60701644e+01 7.60778604e+01 7.60840684e+01 7.60896043e+01 7.61033478e+01 7.61036358e+01 7.61133478e+01 7.61136358e+01 7.61233478e+01 7.61236358e+01 7.61333478e+01 7.61336358e+01 7.61433478e+01 7.61436358e+01 7.61533478e+01 7.61554278e+01 7.61624976e+01 7.61778988e+01 7.61781868e+01 7.61878988e+01 7.61881868e+01 7.61978988e+01 7.61981868e+01 7.62078988e+01 7.62081868e+01 7.62178988e+01 7.62181868e+01 7.62278988e+01 7.62294028e+01 7.62477238e+01 7.62622230e+01 7.62645270e+01 7.62722230e+01 7.62745270e+01 7.62822230e+01 7.62845270e+01 7.62922230e+01 7.62945270e+01 7.63022230e+01 7.63045270e+01 7.63122230e+01 7.63188150e+01 7.63278535e+01 7.63460624e+01 7.63463504e+01 7.63560624e+01 7.63563504e+01 7.63660624e+01 7.63663504e+01 7.63760624e+01 7.63763504e+01 7.63860624e+01 7.63863504e+01 7.63960624e+01 7.63981424e+01 7.64173848e+01 7.64182523e+01 7.64185403e+01 7.64282523e+01 7.64285403e+01 7.64382523e+01 7.64385403e+01 7.64482523e+01 7.64485403e+01 7.64582523e+01 7.64585403e+01 7.64682523e+01 7.64703323e+01 7.64775861e+01 7.64961927e+01 7.64964807e+01 7.65061927e+01 7.65064807e+01 7.65161927e+01 7.65164807e+01 7.65261927e+01 7.65264807e+01 7.65361927e+01 7.65364807e+01 7.65461927e+01 7.65482727e+01 7.65559804e+01 7.65759804e+01 7.65762684e+01 7.65859804e+01 7.65862684e+01 7.65959804e+01 7.65962684e+01 7.66059804e+01 7.66062684e+01 7.66159804e+01 7.66162684e+01 7.66259804e+01 7.66274844e+01 7.66774844e+01 7.66815046e+01 7.66817926e+01 7.66915046e+01 7.66917926e+01 7.67015046e+01 7.67030086e+01 7.67530086e+01 7.67606957e+01 7.67609837e+01 7.67706957e+01 7.67709837e+01 7.67806957e+01 7.67827757e+01 7.68327757e+01 7.68401021e+01 7.68403901e+01 7.68501021e+01 7.68503901e+01 7.68601021e+01 7.68621821e+01 7.69121821e+01 7.69130383e+01 7.69133263e+01 7.69230383e+01 7.69233263e+01 7.69330383e+01 7.69333263e+01 7.69430383e+01 7.69451183e+01 7.69951183e+01 7.70032437e+01 7.70035317e+01 7.70132437e+01 7.70135317e+01 7.70232437e+01 7.70242725e+01 7.70253237e+01 7.71478716e+01 7.71554862e+01 7.71557742e+01 7.71654862e+01 7.71657742e+01 7.71754862e+01 7.71775662e+01 7.71939809e+01 7.72065127e+01 7.72068007e+01 7.72165127e+01 7.72168007e+01 7.72265127e+01 7.72268007e+01 7.72365127e+01 7.72368007e+01 7.72465127e+01 7.72468007e+01 7.72565127e+01 7.72585927e+01 7.72746139e+01 7.72823669e+01 7.72846709e+01 7.72923669e+01 7.72946709e+01 7.73023669e+01 7.73046709e+01 7.73123669e+01 7.73146709e+01 7.73223669e+01 7.73246709e+01 7.73323669e+01 7.73394069e+01 7.73511091e+01 7.73652932e+01 7.73655812e+01 7.73752932e+01 7.73755812e+01 7.73852932e+01 7.73855812e+01 7.73952932e+01 7.73955812e+01 7.74052932e+01 7.74055812e+01 7.74152932e+01 7.74167972e+01 7.74178454e+01 7.74378454e+01 7.74381334e+01 7.74478454e+01 7.74481334e+01 7.74578454e+01 7.74581334e+01 7.74678454e+01 7.74681334e+01 7.74778454e+01 7.74781334e+01 7.74878454e+01 7.74893494e+01 7.75393494e+01 7.75400381e+01 7.75403261e+01 7.75500381e+01 7.75503261e+01 7.75600381e+01 7.75603261e+01 7.75700381e+01 7.75715421e+01 7.76215421e+01 7.76218557e+01 7.76221437e+01 7.76318557e+01 7.76321437e+01 7.76418557e+01 7.76439357e+01 7.76939357e+01 7.76984223e+01 7.76987103e+01 7.76990855e+01 7.77013895e+01 7.77084223e+01 7.77087103e+01 7.77090855e+01 7.77113895e+01 7.77184223e+01 7.77187103e+01 7.77190855e+01 7.77274695e+01 7.77284223e+01 7.77299263e+01 7.77799263e+01 7.77812016e+01 7.77814896e+01 7.77912016e+01 7.77914896e+01 7.78012016e+01 7.78032816e+01 7.78532816e+01 7.78549616e+01 7.78572656e+01 7.78649616e+01 7.78672656e+01 7.78749616e+01 7.78831536e+01 7.79331536e+01 7.79396863e+01 7.79419903e+01 7.79496863e+01 7.79519903e+01 7.79596863e+01 7.79661503e+01 7.80161503e+01 7.80180176e+01 7.80203216e+01 7.80280176e+01 7.80303216e+01 7.80380176e+01 7.80403216e+01 7.80480176e+01 7.80553136e+01 7.81290217e+01 7.81353842e+01 7.81362112e+01 7.81431922e+01 7.81628117e+01 7.81639504e+01 7.81642384e+01 7.81739504e+01 7.81742384e+01 7.81839504e+01 7.81842384e+01 7.81939504e+01 7.81942384e+01 7.82039504e+01 7.82042384e+01 7.82139504e+01 7.82154544e+01 7.82203714e+01 7.82403714e+01 7.82406594e+01 7.82503714e+01 7.82506594e+01 7.82603714e+01 7.82606594e+01 7.82703714e+01 7.82706594e+01 7.82803714e+01 7.82806594e+01 7.82903714e+01 7.82918754e+01 7.83418754e+01 7.83419778e+01 7.83442818e+01 7.83519778e+01 7.83542818e+01 7.83619778e+01 7.83642818e+01 7.83719778e+01 7.83780578e+01 7.84280578e+01 7.84329366e+01 7.84352406e+01 7.84429366e+01 7.84452406e+01 7.84529366e+01 7.84611926e+01 7.85111926e+01 7.85134484e+01 7.85157524e+01 7.85234484e+01 7.85257524e+01 7.85334484e+01 7.85413204e+01 7.85913204e+01 7.85937428e+01 7.85960468e+01 7.86037428e+01 7.86060468e+01 7.86137428e+01 7.86189908e+01 7.86689908e+01 7.86744909e+01 7.86747789e+01 7.86844909e+01 7.86847789e+01 7.86944909e+01 7.86959949e+01 7.87459949e+01 7.87506859e+01 7.87509739e+01 7.87606859e+01 7.87609739e+01 7.87706859e+01 7.87727659e+01 7.88227659e+01 7.88265711e+01 7.88268591e+01 7.88365711e+01 7.88368591e+01 7.88465711e+01 7.88486511e+01 7.88986511e+01 7.89007123e+01 7.89030163e+01 7.89107123e+01 7.89130163e+01 7.89207123e+01 7.89272403e+01 7.89772403e+01 7.89792053e+01 7.89815093e+01 7.89892053e+01 7.89915093e+01 7.89992053e+01 7.90067573e+01 7.90567573e+01 7.90633322e+01 7.90636202e+01 7.90733322e+01 7.90736202e+01 7.90833322e+01 7.90846406e+01 7.90848362e+01 7.90973446e+01 7.91172921e+01 7.91173446e+01 7.91176326e+01 7.91273446e+01 7.91276326e+01 7.91373446e+01 7.91376326e+01 7.91473446e+01 7.91476326e+01 7.91573446e+01 7.91576326e+01 7.91673446e+01 7.91688486e+01 7.92188486e+01 7.92278715e+01 7.92281595e+01 7.92378715e+01 7.92381595e+01 7.92478715e+01 7.92481595e+01 7.92578715e+01 7.92599515e+01 7.93099515e+01 7.93144813e+01 7.93147693e+01 7.93244813e+01 7.93247693e+01 7.93344813e+01 7.93365613e+01 7.93865613e+01 7.93961833e+01 7.93964713e+01 7.94061833e+01 7.94064713e+01 7.94161833e+01 7.94182633e+01 7.94682633e+01 7.94732938e+01 7.94735818e+01 7.94832938e+01 7.94835818e+01 7.94932938e+01 7.94953738e+01 7.95453738e+01 7.95518593e+01 7.95521473e+01 7.95618593e+01 7.95621473e+01 7.95718593e+01 7.95733633e+01 7.96233633e+01 7.96254184e+01 7.96277224e+01 7.96354184e+01 7.96377224e+01 7.96454184e+01 7.96513704e+01 7.97013704e+01 7.97031702e+01 7.97108662e+01 7.97131702e+01 7.97208662e+01 7.97231702e+01 7.97308662e+01 7.97331702e+01 7.97408662e+01 7.97502742e+01 7.98002742e+01 7.98202742e+01 7.98702742e+01 7.98770297e+01 7.98773177e+01 7.98870297e+01 7.98873177e+01 7.98970297e+01 7.98991097e+01 7.99491097e+01 7.99571127e+01 7.99574007e+01 7.99671127e+01 7.99674007e+01 7.99771127e+01 7.99786167e+01 8.00286167e+01 8.00332609e+01 8.00355649e+01 8.00432609e+01 8.00455649e+01 8.00532609e+01 8.00588929e+01 8.00634876e+01 8.00805520e+01 8.00808400e+01 8.00905520e+01 8.00908400e+01 8.01005520e+01 8.01008400e+01 8.01105520e+01 8.01108400e+01 8.01205520e+01 8.01208400e+01 8.01305520e+01 8.01326320e+01 8.01515215e+01 8.01549425e+01 8.01552305e+01 8.01649425e+01 8.01652305e+01 8.01749425e+01 8.01752305e+01 8.01849425e+01 8.01852305e+01 8.01949425e+01 8.01952305e+01 8.02049425e+01 8.02064465e+01 8.02219903e+01 8.02309352e+01 8.02332392e+01 8.02409352e+01 8.02419903e+01 8.02422783e+01 8.02519903e+01 8.02522783e+01 8.02619903e+01 8.02622783e+01 8.02719903e+01 8.02722783e+01 8.02819903e+01 8.02822783e+01 8.02919903e+01 8.02934943e+01 8.03434943e+01 8.03481668e+01 8.03504708e+01 8.03581668e+01 8.03604708e+01 8.03681668e+01 8.03752708e+01 8.04252708e+01 8.04281529e+01 8.04304569e+01 8.04381529e+01 8.04404569e+01 8.04481529e+01 8.04483045e+01 8.04504569e+01 8.04581529e+01 8.04651929e+01 8.05151929e+01 8.05224289e+01 8.05247329e+01 8.05324289e+01 8.05347329e+01 8.05424289e+01 8.05477409e+01 8.05977409e+01 8.05991121e+01 8.06014161e+01 8.06091121e+01 8.06114161e+01 8.06191121e+01 8.06214161e+01 8.06291121e+01 8.06342961e+01 8.06842961e+01 8.06894970e+01 8.06897850e+01 8.06994970e+01 8.06997850e+01 8.07094970e+01 8.07110010e+01 8.07610010e+01 8.07683686e+01 8.07706726e+01 8.07783686e+01 8.07806726e+01 8.07883686e+01 8.07936166e+01 8.08436166e+01 8.08486234e+01 8.08509274e+01 8.08586234e+01 8.08609274e+01 8.08686234e+01 8.08709274e+01 8.08786234e+01 8.08845114e+01 8.09345114e+01 8.09381489e+01 8.09404529e+01 8.09481489e+01 8.09504529e+01 8.09581489e+01 8.09631409e+01 8.10131409e+01 8.10165255e+01 8.10168135e+01 8.10265255e+01 8.10268135e+01 8.10365255e+01 8.10380295e+01 8.11055488e+01 8.11128946e+01 8.11215986e+01 8.11288052e+01 8.11456942e+01 8.11479982e+01 8.11488052e+01 8.11490932e+01 8.11588052e+01 8.11590932e+01 8.11688052e+01 8.11690932e+01 8.11788052e+01 8.11790932e+01 8.11888052e+01 8.11890932e+01 8.11988052e+01 8.12003092e+01 8.12503092e+01 8.12539415e+01 8.12562455e+01 8.12639415e+01 8.12662455e+01 8.12739415e+01 8.12811095e+01 8.13311095e+01 8.13331235e+01 8.13334108e+01 8.13354275e+01 8.13431235e+01 8.13454275e+01 8.13531235e+01 8.13622115e+01 8.14122115e+01 8.14152130e+01 8.14155010e+01 8.14252130e+01 8.14255010e+01 8.14352130e+01 8.14372930e+01 8.14872930e+01 8.14915968e+01 8.14939008e+01 8.15015968e+01 8.15039008e+01 8.15115968e+01 8.15204288e+01 8.15704288e+01 8.15769260e+01 8.15792300e+01 8.15869260e+01 8.15892300e+01 8.15969260e+01 8.15992300e+01 8.16069260e+01 8.16158860e+01 8.16658860e+01 8.16674452e+01 8.16751412e+01 8.16774452e+01 8.16851412e+01 8.16874452e+01 8.16951412e+01 8.17038452e+01 8.17538452e+01 8.17573560e+01 8.17576440e+01 8.17673560e+01 8.17676440e+01 8.17773560e+01 8.17794360e+01 8.18294360e+01 8.18349131e+01 8.18372171e+01 8.18449131e+01 8.18472171e+01 8.18549131e+01 8.18572171e+01 8.18649131e+01 8.18722731e+01 8.19222731e+01 8.19281983e+01 8.19284863e+01 8.19381983e+01 8.19384863e+01 8.19481983e+01 8.19497023e+01 8.19997023e+01 8.20016366e+01 8.20019246e+01 8.20116366e+01 8.20119246e+01 8.20216366e+01 8.20231406e+01 8.20916276e+01 8.20937326e+01 8.20958126e+01 8.21122374e+01 8.21294765e+01 8.21297645e+01 8.21394765e+01 8.21397645e+01 8.21494765e+01 8.21497645e+01 8.21594765e+01 8.21597645e+01 8.21694765e+01 8.21697645e+01 8.21794765e+01 8.21815565e+01 8.21966383e+01 8.22045553e+01 8.22048433e+01 8.22145553e+01 8.22148433e+01 8.22245553e+01 8.22248433e+01 8.22345553e+01 8.22348433e+01 8.22445553e+01 8.22448433e+01 8.22545553e+01 8.22566353e+01 8.22678267e+01 8.22838065e+01 8.22840945e+01 8.22938065e+01 8.22940945e+01 8.23038065e+01 8.23040945e+01 8.23138065e+01 8.23140945e+01 8.23238065e+01 8.23240945e+01 8.23338065e+01 8.23353105e+01 8.23473617e+01 8.23571360e+01 8.23594400e+01 8.23671360e+01 8.23694400e+01 8.23771360e+01 8.23794400e+01 8.23871360e+01 8.23883266e+01 8.23894400e+01 8.23971360e+01 8.23994400e+01 8.24071360e+01 8.24153280e+01 8.24229584e+01 8.24429584e+01 8.24432464e+01 8.24529584e+01 8.24532464e+01 8.24629584e+01 8.24632464e+01 8.24729584e+01 8.24732464e+01 8.24829584e+01 8.24832464e+01 8.24929584e+01 8.24944624e+01 8.25444624e+01 8.25507245e+01 8.25530285e+01 8.25607245e+01 8.25630285e+01 8.25707245e+01 8.25799405e+01 8.26299405e+01 8.26308594e+01 8.26331634e+01 8.26408594e+01 8.26431634e+01 8.26499405e+01 8.26999405e+01 8.27175702e+01 8.27198742e+01 8.27199405e+01 8.27699405e+01 8.27766582e+01 8.27899405e+01 8.28399405e+01 8.28470715e+01 8.28473595e+01 8.28570715e+01 8.28591515e+01 8.29091515e+01 8.29122432e+01 8.29125312e+01 8.29222432e+01 8.29225312e+01 8.29322432e+01 8.29337472e+01 8.29837472e+01 8.29840879e+01 8.29863919e+01 8.29940879e+01 8.29963919e+01 8.30040879e+01 8.30094639e+01 8.31564913e+01 8.31634870e+01 8.31637750e+01 8.31734870e+01 8.31755670e+01 8.31761261e+01 8.31960592e+01 8.31961261e+01 8.31964141e+01 8.32061261e+01 8.32064141e+01 8.32161261e+01 8.32164141e+01 8.32261261e+01 8.32264141e+01 8.32361261e+01 8.32364141e+01 8.32461261e+01 8.32476301e+01 8.32976301e+01 8.33015969e+01 8.33039009e+01 8.33115969e+01 8.33139009e+01 8.33215969e+01 8.33271009e+01 8.33771009e+01 8.33774417e+01 8.33797457e+01 8.33874417e+01 8.33897457e+01 8.33974417e+01 8.34055057e+01 8.34555057e+01 8.34555211e+01 8.34578251e+01 8.34655211e+01 8.34678251e+01 8.34755211e+01 8.34778251e+01 8.34855211e+01 8.34880169e+01 8.34905771e+01 8.35405771e+01 8.35470324e+01 8.35473204e+01 8.35570324e+01 8.35573204e+01 8.35670324e+01 8.35691124e+01 8.36191124e+01 8.36212679e+01 8.36215559e+01 8.36312679e+01 8.36315559e+01 8.36412679e+01 8.36433479e+01 8.36933479e+01 8.36981881e+01 8.36984761e+01 8.37081881e+01 8.37084761e+01 8.37181881e+01 8.37184761e+01 8.37281881e+01 8.37302681e+01 8.37802681e+01 8.37821712e+01 8.37824592e+01 8.37873751e+01 8.37896791e+01 8.37921712e+01 8.37924592e+01 8.37973751e+01 8.37996791e+01 8.38021712e+01 8.38024592e+01 8.38073751e+01 8.38160151e+01 8.38420265e+01 8.38443305e+01 8.38520265e+01 8.38524592e+01 8.39024592e+01 8.39222572e+01 8.39224592e+01 8.39724592e+01 8.39821132e+01 8.39924592e+01 8.40424592e+01 8.40424642e+01 8.40427522e+01 8.40524642e+01 8.40539682e+01 8.41246021e+01 8.41277997e+01 8.41361837e+01 8.41450457e+01 8.41615051e+01 8.41638091e+01 8.41715051e+01 8.41738091e+01 8.41815051e+01 8.41838091e+01 8.41915051e+01 8.41938091e+01 8.42015051e+01 8.42038091e+01 8.42115051e+01 8.42164971e+01 8.42355996e+01 8.42512234e+01 8.42515114e+01 8.42612234e+01 8.42615114e+01 8.42712234e+01 8.42715114e+01 8.42812234e+01 8.42815114e+01 8.42912234e+01 8.42915114e+01 8.43012234e+01 8.43027274e+01 8.43058129e+01 8.43258129e+01 8.43261009e+01 8.43358129e+01 8.43361009e+01 8.43458129e+01 8.43461009e+01 8.43558129e+01 8.43561009e+01 8.43658129e+01 8.43661009e+01 8.43758129e+01 8.43773169e+01 8.44273169e+01 8.44324763e+01 8.44347803e+01 8.44424763e+01 8.44447803e+01 8.44524763e+01 8.44585563e+01 8.45085563e+01 8.45180552e+01 8.45183432e+01 8.45280552e+01 8.45283432e+01 8.45380552e+01 8.45383432e+01 8.45480552e+01 8.45483432e+01 8.45580552e+01 8.45583432e+01 8.45680552e+01 8.45695592e+01 8.46195592e+01 8.46242599e+01 8.46265639e+01 8.46342599e+01 8.46365639e+01 8.46442599e+01 8.46500839e+01 8.47000839e+01 8.47057550e+01 8.47080590e+01 8.47157550e+01 8.47180590e+01 8.47257550e+01 8.47302361e+01 8.47322830e+01 8.47822830e+01 8.47839881e+01 8.47916841e+01 8.47939881e+01 8.48016841e+01 8.48039881e+01 8.48116841e+01 8.48167401e+01 8.48667401e+01 8.48670534e+01 8.48673414e+01 8.48770534e+01 8.48773414e+01 8.48870534e+01 8.48873414e+01 8.48970534e+01 8.48991334e+01 8.49491334e+01 8.49537652e+01 8.49560692e+01 8.49637652e+01 8.49660692e+01 8.49737652e+01 8.49795252e+01 8.50295252e+01 8.50334975e+01 8.50358015e+01 8.50434975e+01 8.50458015e+01 8.50534975e+01 8.50631615e+01 8.50752420e+01 8.50842515e+01 8.50845395e+01 8.50942515e+01 8.50945395e+01 8.51042515e+01 8.51045395e+01 8.51142515e+01 8.51145395e+01 8.51242515e+01 8.51245395e+01 8.51342515e+01 8.51357555e+01 8.51473754e+01 8.51638252e+01 8.51641132e+01 8.51738252e+01 8.51741132e+01 8.51838252e+01 8.51841132e+01 8.51938252e+01 8.51941132e+01 8.52038252e+01 8.52041132e+01 8.52138252e+01 8.52153292e+01 8.52327212e+01 8.52417495e+01 8.52440535e+01 8.52517495e+01 8.52540535e+01 8.52617495e+01 8.52640535e+01 8.52717495e+01 8.52740535e+01 8.52817495e+01 8.52840535e+01 8.52917495e+01 8.53001335e+01 8.53193266e+01 8.53393266e+01 8.53396146e+01 8.53493266e+01 8.53496146e+01 8.53593266e+01 8.53596146e+01 8.53693266e+01 8.53696146e+01 8.53793266e+01 8.53796146e+01 8.53893266e+01 8.53908306e+01 8.54408306e+01 8.54501325e+01 8.54504205e+01 8.54601325e+01 8.54604205e+01 8.54701325e+01 8.54722125e+01 8.55222125e+01 8.55249038e+01 8.55272078e+01 8.55349038e+01 8.55372078e+01 8.55449038e+01 8.55472078e+01 8.55549038e+01 8.55637358e+01 8.56137358e+01 8.56137428e+01 8.56234548e+01 8.56237428e+01 8.56334548e+01 8.56337428e+01 8.56434548e+01 8.56449588e+01 8.56949588e+01 8.56985202e+01 8.56988082e+01 8.57085202e+01 8.57088082e+01 8.57185202e+01 8.57206002e+01 8.57706002e+01 8.57727237e+01 8.57750277e+01 8.57827237e+01 8.57828713e+01 8.57850277e+01 8.57927237e+01 8.57950277e+01 8.58027237e+01 8.58101477e+01 8.58601477e+01 8.58607904e+01 8.58610784e+01 8.58707904e+01 8.58710784e+01 8.58807904e+01 8.58810784e+01 8.58907904e+01 8.58910784e+01 8.59007904e+01 8.59010784e+01 8.59107904e+01 8.59128704e+01 8.59628704e+01 8.59691296e+01 8.59694176e+01 8.59791296e+01 8.59794176e+01 8.59891296e+01 8.59906336e+01 8.60406336e+01 8.60477586e+01 8.60480466e+01 8.60577586e+01 8.60580466e+01 8.60677586e+01 8.60692626e+01 8.60883307e+01 8.60997891e+01 8.61000771e+01 8.61097891e+01 8.61100771e+01 8.61197891e+01 8.61200771e+01 8.61297891e+01 8.61300771e+01 8.61397891e+01 8.61400771e+01 8.61497891e+01 8.61518691e+01 8.61552716e+01 8.61721624e+01 8.61724504e+01 8.61821624e+01 8.61824504e+01 8.61921624e+01 8.61924504e+01 8.62021624e+01 8.62024504e+01 8.62121624e+01 8.62124504e+01 8.62221624e+01 8.62242424e+01 8.62243322e+01 8.62443322e+01 8.62446202e+01 8.62543322e+01 8.62546202e+01 8.62643322e+01 8.62646202e+01 8.62743322e+01 8.62746202e+01 8.62824504e+01 8.62843322e+01 8.62846202e+01 8.62943322e+01 8.62958362e+01 8.63458362e+01 8.63511204e+01 8.63534244e+01 8.63611204e+01 8.63634244e+01 8.63711204e+01 8.63763044e+01 8.64263044e+01 8.64277460e+01 8.64300500e+01 8.64377460e+01 8.64400500e+01 8.64477460e+01 8.64544660e+01 8.65044660e+01 8.65062554e+01 8.65139514e+01 8.65162554e+01 8.65239514e+01 8.65262554e+01 8.65339514e+01 8.65435514e+01 8.65935514e+01 8.65981353e+01 8.65984233e+01 8.66081353e+01 8.66084233e+01 8.66181353e+01 8.66196393e+01 8.66696393e+01 8.66739827e+01 8.66762867e+01 8.66839827e+01 8.66862867e+01 8.66939827e+01 8.67008307e+01 8.67508307e+01 8.67548037e+01 8.67550917e+01 8.67648037e+01 8.67650917e+01 8.67748037e+01 8.67750917e+01 8.67848037e+01 8.67868837e+01 8.68368837e+01 8.68463390e+01 8.68466270e+01 8.68563390e+01 8.68566270e+01 8.68663390e+01 8.68684190e+01 8.69184190e+01 8.69200231e+01 8.69203111e+01 8.69300231e+01 8.69303111e+01 8.69400231e+01 8.69421031e+01 8.69921031e+01 8.69994210e+01 8.69997090e+01 8.70094210e+01 8.70097090e+01 8.70194210e+01 8.70209250e+01 8.71008346e+01 8.71208346e+01 8.71211226e+01 8.71308346e+01 8.71311226e+01 8.71408346e+01 8.71411226e+01 8.71508346e+01 8.71511226e+01 8.71532696e+01 8.71608346e+01 8.71611226e+01 8.71708346e+01 8.71723386e+01 8.72223386e+01 8.72291231e+01 8.72294111e+01 8.72391231e+01 8.72394111e+01 8.72491231e+01 8.72512031e+01 8.73012031e+01 8.73076613e+01 8.73079493e+01 8.73176613e+01 8.73179493e+01 8.73276613e+01 8.73291653e+01 8.73791653e+01 8.73873836e+01 8.73876716e+01 8.73973836e+01 8.73976716e+01 8.74073836e+01 8.74094636e+01 8.74594636e+01 8.74631930e+01 8.74634810e+01 8.74731930e+01 8.74734810e+01 8.74831930e+01 8.74834810e+01 8.74931930e+01 8.74952730e+01 8.75452730e+01 8.75465099e+01 8.75467979e+01 8.75565099e+01 8.75567979e+01 8.75665099e+01 8.75685899e+01 8.76185899e+01 8.76207065e+01 8.76209945e+01 8.76307065e+01 8.76309945e+01 8.76407065e+01 8.76427865e+01 8.76927865e+01 8.76957055e+01 8.76959935e+01 8.77057055e+01 8.77059935e+01 8.77157055e+01 8.77172095e+01 8.77672095e+01 8.77693544e+01 8.77716584e+01 8.77793544e+01 8.77816584e+01 8.77893544e+01 8.77916584e+01 8.77993544e+01 8.78042824e+01 8.78542824e+01 8.78561280e+01 8.78584320e+01 8.78661280e+01 8.78684320e+01 8.78761280e+01 8.78820800e+01 8.79320800e+01 8.79391729e+01 8.79414769e+01 8.79491729e+01 8.79514769e+01 8.79520800e+01 8.80020800e+01 8.80030891e+01 8.80053931e+01 8.80130891e+01 8.80153931e+01 8.80230891e+01 8.80253931e+01 8.80330891e+01 8.80353931e+01 8.80430891e+01 8.80453931e+01 8.80530891e+01 8.80620491e+01 8.80708978e+01 8.80908978e+01 8.80911858e+01 8.81008978e+01 8.81011858e+01 8.81108978e+01 8.81111858e+01 8.81208978e+01 8.81211858e+01 8.81308978e+01 8.81311858e+01 8.81408978e+01 8.81424018e+01 8.81924018e+01 8.81942556e+01 8.81945436e+01 8.82042556e+01 8.82045436e+01 8.82142556e+01 8.82163356e+01 8.82663356e+01 8.82754337e+01 8.82757217e+01 8.82854337e+01 8.82857217e+01 8.82954337e+01 8.82975137e+01 8.83475137e+01 8.83478953e+01 8.83501993e+01 8.83578953e+01 8.83601993e+01 8.83678953e+01 8.83774313e+01 8.84274313e+01 8.84288662e+01 8.84291542e+01 8.84388662e+01 8.84391542e+01 8.84488662e+01 8.84498773e+01 8.84509462e+01 8.85009462e+01 8.85011151e+01 8.85014031e+01 8.85111151e+01 8.85114031e+01 8.85211151e+01 8.85231951e+01 8.85731951e+01 8.85738373e+01 8.85741253e+01 8.85838373e+01 8.85841253e+01 8.85938373e+01 8.85941253e+01 8.86038373e+01 8.86059173e+01 8.86559173e+01 8.86591400e+01 8.86594280e+01 8.86691400e+01 8.86694280e+01 8.86791400e+01 8.86812200e+01 8.87312200e+01 8.87326549e+01 8.87329429e+01 8.87426549e+01 8.87429429e+01 8.87526549e+01 8.87541589e+01 8.88041589e+01 8.88064358e+01 8.88141318e+01 8.88164358e+01 8.88241318e+01 8.88264358e+01 8.88341318e+01 8.88419398e+01 8.88919398e+01 8.88977574e+01 8.88980454e+01 8.89077574e+01 8.89080454e+01 8.89177574e+01 8.89198374e+01 8.89698374e+01 8.89784243e+01 8.89787123e+01 8.89884243e+01 8.89887123e+01 8.89984243e+01 8.90005043e+01 8.90505043e+01 8.90524876e+01 8.90527756e+01 8.90624876e+01 8.90627756e+01 8.90724876e+01 8.90739916e+01 8.90930657e+01 8.91053117e+01 8.91076157e+01 8.91077934e+01 8.91153117e+01 8.91176157e+01 8.91177934e+01 8.91253117e+01 8.91276157e+01 8.91277934e+01 8.91353117e+01 8.91376157e+01 8.91377934e+01 8.91453117e+01 8.91476157e+01 8.91477934e+01 8.91553117e+01 8.91639517e+01 8.91776157e+01 8.91968961e+01 8.92103817e+01 8.92126857e+01 8.92203817e+01 8.92226857e+01 8.92303817e+01 8.92326857e+01 8.92403817e+01 8.92426857e+01 8.92503817e+01 8.92526857e+01 8.92603817e+01 8.92674857e+01 8.92765428e+01 8.92943635e+01 8.92946515e+01 8.93043635e+01 8.93046515e+01 8.93143635e+01 8.93146515e+01 8.93243635e+01 8.93246515e+01 8.93343635e+01 8.93346515e+01 8.93443635e+01 8.93464435e+01 8.93650566e+01 8.93666590e+01 8.93669470e+01 8.93766590e+01 8.93769470e+01 8.93866590e+01 8.93869470e+01 8.93966590e+01 8.93969470e+01 8.94066590e+01 8.94069470e+01 8.94166590e+01 8.94187390e+01 8.94231491e+01 8.94393373e+01 8.94396253e+01 8.94493373e+01 8.94496253e+01 8.94593373e+01 8.94596253e+01 8.94693373e+01 8.94696253e+01 8.94793373e+01 8.94796253e+01 8.94893373e+01 8.94914173e+01 8.95008087e+01 8.95155856e+01 8.95158736e+01 8.95255856e+01 8.95258736e+01 8.95355856e+01 8.95358736e+01 8.95455856e+01 8.95458736e+01 8.95555856e+01 8.95558736e+01 8.95655856e+01 8.95670896e+01 8.95801299e+01 8.95921667e+01 8.95924547e+01 8.96021667e+01 8.96024547e+01 8.96121667e+01 8.96124547e+01 8.96221667e+01 8.96224547e+01 8.96321667e+01 8.96324547e+01 8.96421667e+01 8.96442467e+01 8.96518862e+01 8.96718862e+01 8.96721742e+01 8.96818862e+01 8.96821742e+01 8.96918862e+01 8.96921742e+01 8.97018862e+01 8.97021742e+01 8.97118862e+01 8.97121742e+01 8.97218862e+01 8.97233902e+01 8.97733902e+01 8.97797478e+01 8.97820518e+01 8.97897478e+01 8.97910690e+01 8.97920518e+01 8.97933902e+01 8.98433902e+01 8.98493889e+01 8.98496769e+01 8.98593889e+01 8.98596769e+01 8.98693889e+01 8.98696769e+01 8.98793889e+01 8.98814689e+01 8.99314689e+01 8.99348031e+01 8.99371071e+01 8.99448031e+01 8.99471071e+01 8.99514689e+01 9.00014689e+01 9.00054218e+01 9.00057098e+01 9.00154218e+01 9.00157098e+01 9.00254218e+01 9.00257098e+01 9.00354218e+01 9.00369258e+01 9.01376875e+01 9.01533750e+01 9.01556790e+01 9.01633750e+01 9.01656790e+01 9.01733750e+01 9.01756790e+01 9.01833750e+01 9.01856790e+01 9.01933750e+01 9.01956790e+01 9.02033750e+01 9.02120150e+01 9.02307091e+01 9.02507091e+01 9.02509971e+01 9.02607091e+01 9.02609971e+01 9.02707091e+01 9.02709971e+01 9.02807091e+01 9.02809971e+01 9.02907091e+01 9.02909971e+01 9.03007091e+01 9.03022131e+01 9.03522131e+01 9.03543963e+01 9.03567003e+01 9.03643963e+01 9.03667003e+01 9.03722131e+01 9.04222131e+01 9.04283861e+01 9.04286741e+01 9.04383861e+01 9.04386741e+01 9.04483861e+01 9.04486741e+01 9.04583861e+01 9.04586741e+01 9.04683861e+01 9.04704661e+01 9.05204661e+01 9.05231799e+01 9.05234679e+01 9.05331799e+01 9.05334679e+01 9.05431799e+01 9.05452599e+01 9.05952599e+01 9.05955641e+01 9.05978681e+01 9.06055641e+01 9.06078681e+01 9.06155641e+01 9.06234361e+01 9.06734361e+01 9.06744278e+01 9.06821238e+01 9.06844278e+01 9.06921238e+01 9.06944278e+01 9.07021238e+01 9.07111478e+01 9.07611478e+01 9.07650385e+01 9.07653265e+01 9.07673454e+01 9.07750385e+01 9.07753265e+01 9.07773454e+01 9.07850385e+01 9.07871185e+01 9.08371185e+01 9.08438701e+01 9.08441581e+01 9.08538701e+01 9.08541581e+01 9.08638701e+01 9.08653741e+01 9.09153741e+01 9.09168971e+01 9.09171851e+01 9.09268971e+01 9.09271851e+01 9.09368971e+01 9.09384011e+01 9.09884011e+01 9.09950458e+01 9.09953338e+01 9.10050458e+01 9.10053338e+01 9.10150458e+01 9.10171258e+01 9.11566650e+01 9.11603832e+01 9.11606712e+01 9.11703832e+01 9.11706712e+01 9.11803832e+01 9.11824632e+01 9.11851890e+01 9.12051890e+01 9.12054770e+01 9.12151890e+01 9.12154770e+01 9.12251890e+01 9.12254770e+01 9.12351890e+01 9.12354770e+01 9.12451890e+01 9.12454770e+01 9.12551890e+01 9.12566930e+01 9.13066930e+01 9.13104189e+01 9.13107069e+01 9.13204189e+01 9.13207069e+01 9.13304189e+01 9.13307069e+01 9.13404189e+01 9.13411389e+01 9.13424989e+01 9.13924989e+01 9.13945404e+01 9.13948284e+01 9.14045404e+01 9.14048284e+01 9.14145404e+01 9.14148284e+01 9.14245404e+01 9.14266204e+01 9.14766204e+01 9.14784289e+01 9.14787169e+01 9.14884289e+01 9.14887169e+01 9.14984289e+01 9.14987169e+01 9.15084289e+01 9.15105089e+01 9.15605089e+01 9.15607147e+01 9.15630187e+01 9.15707147e+01 9.15730187e+01 9.15807147e+01 9.15830187e+01 9.15907147e+01 9.15988427e+01 9.16488427e+01 9.16492187e+01 9.16495067e+01 9.16514258e+01 9.16537298e+01 9.16592187e+01 9.16595067e+01 9.16614258e+01 9.16637298e+01 9.16692187e+01 9.16695067e+01 9.16714258e+01 9.16798098e+01 9.16812987e+01 9.17047096e+01 9.17070136e+01 9.17147096e+01 9.17170136e+01 9.17195067e+01 9.17695067e+01 9.17895067e+01 9.18395067e+01 9.18400117e+01 9.18477077e+01 9.18500117e+01 9.18577077e+01 9.18662197e+01 9.19162197e+01 9.19256536e+01 9.19259416e+01 9.19356536e+01 9.19359416e+01 9.19456536e+01 9.19471576e+01 9.19971576e+01 9.19990464e+01 9.19993344e+01 9.20090464e+01 9.20093344e+01 9.20190464e+01 9.20211264e+01 9.21192926e+01 9.21227457e+01 9.21230337e+01 9.21327457e+01 9.21330337e+01 9.21427457e+01 9.21430337e+01 9.21527457e+01 9.21530337e+01 9.21627457e+01 9.21630337e+01 9.21727457e+01 9.21742497e+01 9.21765858e+01 9.21965858e+01 9.21968738e+01 9.22065858e+01 9.22068738e+01 9.22165858e+01 9.22168738e+01 9.22265858e+01 9.22268738e+01 9.22365858e+01 9.22368738e+01 9.22465858e+01 9.22480898e+01 9.22980898e+01 9.23067418e+01 9.23070298e+01 9.23167418e+01 9.23170298e+01 9.23267418e+01 9.23288218e+01 9.23788218e+01 9.23820179e+01 9.23823059e+01 9.23920179e+01 9.23923059e+01 9.24020179e+01 9.24023059e+01 9.24120179e+01 9.24140979e+01 9.24640979e+01 9.24659877e+01 9.24662757e+01 9.24759877e+01 9.24762757e+01 9.24859877e+01 9.24880677e+01 9.25380677e+01 9.25402683e+01 9.25405563e+01 9.25502683e+01 9.25505563e+01 9.25602683e+01 9.25623483e+01 9.26123483e+01 9.26149986e+01 9.26152866e+01 9.26249986e+01 9.26252866e+01 9.26349986e+01 9.26365026e+01 9.26865026e+01 9.26897209e+01 9.26920249e+01 9.26997209e+01 9.27020249e+01 9.27097209e+01 9.27150969e+01 9.27650969e+01 9.27691828e+01 9.27714868e+01 9.27791828e+01 9.27814868e+01 9.27891828e+01 9.27930120e+01 9.27978868e+01 9.28478868e+01 9.28536272e+01 9.28559312e+01 9.28636272e+01 9.28659312e+01 9.28736272e+01 9.28788752e+01 9.29288752e+01 9.29316856e+01 9.29319736e+01 9.29416856e+01 9.29419736e+01 9.29516856e+01 9.29519736e+01 9.29616856e+01 9.29631896e+01 9.30131896e+01 9.30141806e+01 9.30218766e+01 9.30241806e+01 9.30318766e+01 9.30331896e+01 9.30720476e+01 9.30816797e+01 9.30819677e+01 9.30916797e+01 9.30919677e+01 9.31016797e+01 9.31019677e+01 9.31116797e+01 9.31119677e+01 9.31216797e+01 9.31219677e+01 9.31316797e+01 9.31337597e+01 9.31411350e+01 9.31555825e+01 9.31558705e+01 9.31579234e+01 9.31655825e+01 9.31658705e+01 9.31679234e+01 9.31755825e+01 9.31758705e+01 9.31779234e+01 9.31855825e+01 9.31858705e+01 9.31879234e+01 9.31955825e+01 9.31958705e+01 9.31979234e+01 9.32055825e+01 9.32076625e+01 9.32195391e+01 9.32282817e+01 9.32285697e+01 9.32382817e+01 9.32385697e+01 9.32482817e+01 9.32485697e+01 9.32582817e+01 9.32585697e+01 9.32682817e+01 9.32685697e+01 9.32782817e+01 9.32803617e+01 9.32984162e+01 9.33124226e+01 9.33147266e+01 9.33224226e+01 9.33247266e+01 9.33324226e+01 9.33347266e+01 9.33424226e+01 9.33447266e+01 9.33524226e+01 9.33547266e+01 9.33624226e+01 9.33679266e+01 9.33729987e+01 9.33929987e+01 9.33932867e+01 9.34029987e+01 9.34032867e+01 9.34129987e+01 9.34132867e+01 9.34229987e+01 9.34232867e+01 9.34329987e+01 9.34332867e+01 9.34429987e+01 9.34445027e+01 9.34945027e+01 9.34976181e+01 9.34979061e+01 9.35076181e+01 9.35079061e+01 9.35176181e+01 9.35191221e+01 9.35691221e+01 9.35737420e+01 9.35740300e+01 9.35837420e+01 9.35840300e+01 9.35937420e+01 9.35952460e+01 9.36452460e+01 9.36473008e+01 9.36496048e+01 9.36573008e+01 9.36596048e+01 9.36673008e+01 9.36754928e+01 9.37254928e+01 9.37265521e+01 9.37288561e+01 9.37365521e+01 9.37388561e+01 9.37465521e+01 9.37488561e+01 9.37565521e+01 9.37634641e+01 9.38134641e+01 9.38155522e+01 9.38232482e+01 9.38255522e+01 9.38332482e+01 9.38355522e+01 9.38432482e+01 9.38455522e+01 9.38532482e+01 9.38579013e+01 9.38611202e+01 9.39111202e+01 9.39115559e+01 9.39138599e+01 9.39140584e+01 9.39215559e+01 9.39238599e+01 9.39240584e+01 9.39311202e+01 9.39811202e+01 9.39884124e+01 9.39887004e+01 9.39984124e+01 9.39987004e+01 9.40084124e+01 9.40087004e+01 9.40184124e+01 9.40204924e+01 9.41071472e+01 9.41235721e+01 9.41238601e+01 9.41335721e+01 9.41338601e+01 9.41435721e+01 9.41438601e+01 9.41535721e+01 9.41538601e+01 9.41635721e+01 9.41638601e+01 9.41735721e+01 9.41756521e+01 9.41765610e+01 9.41965610e+01 9.41968490e+01 9.42065610e+01 9.42068490e+01 9.42165610e+01 9.42168490e+01 9.42265610e+01 9.42268490e+01 9.42365610e+01 9.42368490e+01 9.42465610e+01 9.42480650e+01 9.42980650e+01 9.43001470e+01 9.43024510e+01 9.43101470e+01 9.43124510e+01 9.43201470e+01 9.43281470e+01 9.43781470e+01 9.43808286e+01 9.43831326e+01 9.43908286e+01 9.43931326e+01 9.44008286e+01 9.44031326e+01 9.44108286e+01 9.44180606e+01 9.44680606e+01 9.44702624e+01 9.44705504e+01 9.44802624e+01 9.44805504e+01 9.44902624e+01 9.44923424e+01 9.45423424e+01 9.45452434e+01 9.45455314e+01 9.45552434e+01 9.45555314e+01 9.45652434e+01 9.45655314e+01 9.45752434e+01 9.45767474e+01 9.46267474e+01 9.46276714e+01 9.46279594e+01 9.46281176e+01 9.46358136e+01 9.46381176e+01 9.46458136e+01 9.46481176e+01 9.46558136e+01 9.46619576e+01 9.46884380e+01 9.46887260e+01 9.46979594e+01 9.47479594e+01 9.47660874e+01 9.47663754e+01 9.47760874e+01 9.47763754e+01 9.47860874e+01 9.47863754e+01 9.47960874e+01 9.47963754e+01 9.48060874e+01 9.48063754e+01 9.48160874e+01 9.48181674e+01 9.48681674e+01 9.48734976e+01 9.48758016e+01 9.48834976e+01 9.48858016e+01 9.48934976e+01 9.49005376e+01 9.49505376e+01 9.49564893e+01 9.49567773e+01 9.49664893e+01 9.49667773e+01 9.49764893e+01 9.49779933e+01 9.50279933e+01 9.50290508e+01 9.50293388e+01 9.50390508e+01 9.50393388e+01 9.50490508e+01 9.50493388e+01 9.50590508e+01 9.50611308e+01 9.50751994e+01 9.50951994e+01 9.50954874e+01 9.51051994e+01 9.51054874e+01 9.51151994e+01 9.51154874e+01 9.51251994e+01 9.51254874e+01 9.51351994e+01 9.51354874e+01 9.51451994e+01 9.51467034e+01 9.51967034e+01 9.52045573e+01 9.52048453e+01 9.52145573e+01 9.52148453e+01 9.52245573e+01 9.52260613e+01 9.52760613e+01 9.52768172e+01 9.52845132e+01 9.52862338e+01 9.52868172e+01 9.52945132e+01 9.52968172e+01 9.53045132e+01 9.53068172e+01 9.53145132e+01 9.53197612e+01 9.53697612e+01 9.53761267e+01 9.53784307e+01 9.53861267e+01 9.53884307e+01 9.53961267e+01 9.53984307e+01 9.54061267e+01 9.54115027e+01 9.54615027e+01 9.54637539e+01 9.54714499e+01 9.54737539e+01 9.54814499e+01 9.54837539e+01 9.54914499e+01 9.55006019e+01 9.55506019e+01 9.55524571e+01 9.55547611e+01 9.55624571e+01 9.55647611e+01 9.55724571e+01 9.55747611e+01 9.55824571e+01 9.55893691e+01 9.56393691e+01 9.56459216e+01 9.56482256e+01 9.56559216e+01 9.56582256e+01 9.56659216e+01 9.56756496e+01 9.57256496e+01 9.57264686e+01 9.57267566e+01 9.57364686e+01 9.57367566e+01 9.57464686e+01 9.57479726e+01 9.57979726e+01 9.58033915e+01 9.58036795e+01 9.58133915e+01 9.58136795e+01 9.58233915e+01 9.58236795e+01 9.58333915e+01 9.58354715e+01 9.58854715e+01 9.58925985e+01 9.58928865e+01 9.59025985e+01 9.59028865e+01 9.59125985e+01 9.59146785e+01 9.59646785e+01 9.59686359e+01 9.59689239e+01 9.59786359e+01 9.59789239e+01 9.59886359e+01 9.59907159e+01 9.60407159e+01 9.60416388e+01 9.60419268e+01 9.60516388e+01 9.60519268e+01 9.60616388e+01 9.60631428e+01 9.60685405e+01 9.60885405e+01 9.60888285e+01 9.60985405e+01 9.60988285e+01 9.61085405e+01 9.61088285e+01 9.61185405e+01 9.61188285e+01 9.61285405e+01 9.61288285e+01 9.61385405e+01 9.61400445e+01 9.61900445e+01 9.61933445e+01 9.61956485e+01 9.62033445e+01 9.62056485e+01 9.62133445e+01 9.62187845e+01 9.62687845e+01 9.62702422e+01 9.62779382e+01 9.62802422e+01 9.62879382e+01 9.62892021e+01 9.62902422e+01 9.62979382e+01 9.63055542e+01 9.63555542e+01 9.63601238e+01 9.63604118e+01 9.63701238e+01 9.63704118e+01 9.63801238e+01 9.63816278e+01 9.64316278e+01 9.64410767e+01 9.64413647e+01 9.64510767e+01 9.64513647e+01 9.64610767e+01 9.64631567e+01 9.65131567e+01 9.65222759e+01 9.65225639e+01 9.65322759e+01 9.65325639e+01 9.65422759e+01 9.65443559e+01 9.65943559e+01 9.65949889e+01 9.65972929e+01 9.66049889e+01 9.66072929e+01 9.66149889e+01 9.66198529e+01 9.66698529e+01 9.66788064e+01 9.66790944e+01 9.66888064e+01 9.66890944e+01 9.66988064e+01 9.67003104e+01 9.67503104e+01 9.67543988e+01 9.67567028e+01 9.67643988e+01 9.67667028e+01 9.67743988e+01 9.67767028e+01 9.67843988e+01 9.67908628e+01 9.68408628e+01 9.68410906e+01 9.68433946e+01 9.68510906e+01 9.68533946e+01 9.68610906e+01 9.68685786e+01 9.69185786e+01 9.69247510e+01 9.69270550e+01 9.69347510e+01 9.69370550e+01 9.69385786e+01 9.69885786e+01 9.69951075e+01 9.69953955e+01 9.69975755e+01 9.70051075e+01 9.70053955e+01 9.70075755e+01 9.70151075e+01 9.70153955e+01 9.70175755e+01 9.70251075e+01 9.70266115e+01 9.70332715e+01 9.70510466e+01 9.70513346e+01 9.70610466e+01 9.70613346e+01 9.70653955e+01 9.70700061e+01 9.70710466e+01 9.70713346e+01 9.70810466e+01 9.70813346e+01 9.70910466e+01 9.70913346e+01 9.71010466e+01 9.71031266e+01 9.71141768e+01 9.71310689e+01 9.71333729e+01 9.71410689e+01 9.71433729e+01 9.71510689e+01 9.71533729e+01 9.71610689e+01 9.71633729e+01 9.71710689e+01 9.71733729e+01 9.71810689e+01 9.71877249e+01 9.71930542e+01 9.72115859e+01 9.72130542e+01 9.72133422e+01 9.72230542e+01 9.72233422e+01 9.72330542e+01 9.72333422e+01 9.72430542e+01 9.72433422e+01 9.72530542e+01 9.72533422e+01 9.72630542e+01 9.72645582e+01 9.73145582e+01 9.73220137e+01 9.73243177e+01 9.73320137e+01 9.73343177e+01 9.73420137e+01 9.73448466e+01 9.73473257e+01 9.73973257e+01 9.73997377e+01 9.74020417e+01 9.74097377e+01 9.74120417e+01 9.74197377e+01 9.74281857e+01 9.74781857e+01 9.74854777e+01 9.74857657e+01 9.74954777e+01 9.74975577e+01 9.75475577e+01 9.75500296e+01 9.75503176e+01 9.75600296e+01 9.75603176e+01 9.75700296e+01 9.75721096e+01 9.76221096e+01 9.76238739e+01 9.76261779e+01 9.76338739e+01 9.76361779e+01 9.76438739e+01 9.76533459e+01 9.77033459e+01 9.77050541e+01 9.77127501e+01 9.77150541e+01 9.77227501e+01 9.77233459e+01 9.77733459e+01 9.77763926e+01 9.77766806e+01 9.77863926e+01 9.77866806e+01 9.77963926e+01 9.77966806e+01 9.78063926e+01 9.78066806e+01 9.78163926e+01 9.78184726e+01 9.78684726e+01 9.78751112e+01 9.78774152e+01 9.78837479e+01 9.78840359e+01 9.78851112e+01 9.78874152e+01 9.78937479e+01 9.78940359e+01 9.78951112e+01 9.79023432e+01 9.79037479e+01 9.79040359e+01 9.79137479e+01 9.79140359e+01 9.79237479e+01 9.79240359e+01 9.79337479e+01 9.79352519e+01 9.79852519e+01 9.79882925e+01 9.79885805e+01 9.79982925e+01 9.79985805e+01 9.80082925e+01 9.80085805e+01 9.80182925e+01 9.80197965e+01 9.80847937e+01 9.80914256e+01 9.80935056e+01 9.80984616e+01 9.81184616e+01 9.81187496e+01 9.81284616e+01 9.81287496e+01 9.81384616e+01 9.81387496e+01 9.81484616e+01 9.81487496e+01 9.81584616e+01 9.81587496e+01 9.81684616e+01 9.81699656e+01 9.82199656e+01 9.82204699e+01 9.82227739e+01 9.82304699e+01 9.82327739e+01 9.82404699e+01 9.82502619e+01 9.83002619e+01 9.83016279e+01 9.83039319e+01 9.83116279e+01 9.83139319e+01 9.83216279e+01 9.83282199e+01 9.83782199e+01 9.83816185e+01 9.83839225e+01 9.83916185e+01 9.83939225e+01 9.83982199e+01 9.84482199e+01 9.84532659e+01 9.84537368e+01 9.84555699e+01 9.84632659e+01 9.84655699e+01 9.84682199e+01 9.85182199e+01 9.85281205e+01 9.85284085e+01 9.85381205e+01 9.85384085e+01 9.85481205e+01 9.85484085e+01 9.85581205e+01 9.85584085e+01 9.85681205e+01 9.85684085e+01 9.85781205e+01 9.85802005e+01 9.86302005e+01 9.86318083e+01 9.86320963e+01 9.86418083e+01 9.86420963e+01 9.86518083e+01 9.86533123e+01 9.87033123e+01 9.87034685e+01 9.87057725e+01 9.87058267e+01 9.87134685e+01 9.87157725e+01 9.87158267e+01 9.87233123e+01 9.87733123e+01 9.87749577e+01 9.87752457e+01 9.87849577e+01 9.87852457e+01 9.87949577e+01 9.87952457e+01 9.88049577e+01 9.88070377e+01 9.88570377e+01 9.88620969e+01 9.88644009e+01 9.88720969e+01 9.88744009e+01 9.88820969e+01 9.88920169e+01 9.89420169e+01 9.89465409e+01 9.89468289e+01 9.89565409e+01 9.89568289e+01 9.89665409e+01 9.89680449e+01 9.90180449e+01 9.90211183e+01 9.90234223e+01 9.90269348e+01 9.90272228e+01 9.90311183e+01 9.90334223e+01 9.90369348e+01 9.90372228e+01 9.90411183e+01 9.90500143e+01 9.90832026e+01 9.90855066e+01 9.90932026e+01 9.90955066e+01 9.90972228e+01 9.91007179e+01 9.91032026e+01 9.91055066e+01 9.91132026e+01 9.91155066e+01 9.91232026e+01 9.91255066e+01 9.91332026e+01 9.91420346e+01 9.91428824e+01 9.91628824e+01 9.91631704e+01 9.91728824e+01 9.91731704e+01 9.91828824e+01 9.91831704e+01 9.91928824e+01 9.91931704e+01 9.92028824e+01 9.92031704e+01 9.92128824e+01 9.92143864e+01 9.92643864e+01 9.92704096e+01 9.92727136e+01 9.92804096e+01 9.92827136e+01 9.92904096e+01 9.92967456e+01 9.93467456e+01 9.93537835e+01 9.93560875e+01 9.93637835e+01 9.93660875e+01 9.93737835e+01 9.93760875e+01 9.93837835e+01 9.93882832e+01 9.93925515e+01 9.94425515e+01 9.94487617e+01 9.94510657e+01 9.94587617e+01 9.94610657e+01 9.94687617e+01 9.94740737e+01 9.95240737e+01 9.95333641e+01 9.95336521e+01 9.95433641e+01 9.95436521e+01 9.95533641e+01 9.95554441e+01 9.96054441e+01 9.96116442e+01 9.96119322e+01 9.96216442e+01 9.96219322e+01 9.96316442e+01 9.96319322e+01 9.96416442e+01 9.96437242e+01 9.96937242e+01 9.97006476e+01 9.97029516e+01 9.97106476e+01 9.97129516e+01 9.97206476e+01 9.97287116e+01 9.97787116e+01 9.97803471e+01 9.97826511e+01 9.97903471e+01 9.97926511e+01 9.98003471e+01 9.98086031e+01 9.98586031e+01 9.98620791e+01 9.98623671e+01 9.98720791e+01 9.98723671e+01 9.98820791e+01 9.98823671e+01 9.98920791e+01 9.98935831e+01 9.99435831e+01 9.99442654e+01 9.99445534e+01 9.99542654e+01 9.99545534e+01 9.99642654e+01 9.99657694e+01 1.00000000e+02],[0.5        0.49999995 0.49999985 0.49997825 0.49992969 0.49990809 0.49985953 0.49983793 0.49978937 0.49976777 0.49971921 0.49969761 0.49964905 0.49953625 0.4995362  0.4995361  0.49953605 0.49953595 0.4995359  0.4995358  0.49953575 0.49953565 0.4995356  0.4995355  0.49953545 0.49953535 0.4995353  0.49953529 0.49942009 0.49942005 0.49930485 0.49930481 0.49918961 0.49918957 0.49907437 0.49907434 0.49880554 0.49880549 0.49880547 0.49879107 0.49879103 0.49877663 0.49877658 0.49870138 0.49870133 0.49870131 0.49858611 0.49858607 0.49847087 0.49847084 0.49797484 0.49797479 0.49797467 0.49797463 0.49785943 0.49785939 0.49774419 0.49774415 0.49762895 0.49762891 0.49716811 0.49716806 0.49716805 0.49705285 0.49705281 0.49693761 0.49693757 0.49644477 0.49644472 0.4964447  0.4963295  0.49632946 0.49621426 0.49621422 0.49576942 0.4957694  0.4957694  0.495755   0.49575495 0.49574055 0.4957405  0.4957261  0.49572605 0.49571165 0.4957116  0.4956076  0.4956076  0.49560751 0.49549231 0.49549227 0.49537707 0.49537703 0.49526183 0.4952618  0.4951466  0.49514656 0.49503136 0.49503132 0.495      0.49463452 0.49463451 0.49463444 0.49451924 0.4945192  0.494404   0.49440396 0.49428876 0.49428872 0.49417352 0.49417348 0.49405828 0.49405824 0.49372544 0.49372542 0.4937254  0.4936102  0.49361016 0.49349496 0.49349492 0.49337972 0.49337968 0.49326448 0.49326444 0.49314924 0.4931492  0.4928484  0.4928484  0.4928483  0.4928267  0.49277814 0.49275654 0.49270798 0.49268638 0.49263782 0.49261622 0.49256766 0.49254606 0.4924975  0.4923847  0.49238465 0.49238454 0.4923845  0.4922693  0.49226927 0.49215407 0.49215403 0.49181163 0.49181158 0.49181157 0.49169637 0.49169633 0.49158113 0.49158109 0.49115869 0.49115864 0.49115862 0.49114422 0.49114418 0.49112978 0.49112973 0.49111533 0.49111528 0.49104008 0.49104003 0.49104001 0.49102561 0.49102556 0.49101116 0.49101112 0.49099672 0.49099667 0.49089267 0.49089262 0.4908926  0.4908782  0.49087815 0.49086375 0.4908637  0.4907597  0.49075965 0.49075962 0.49074522 0.49074517 0.49073077 0.49073072 0.49062672 0.49062667 0.49062666 0.49061226 0.49061221 0.49059781 0.49059776 0.49049376 0.49049371 0.49049369 0.49047929 0.49047924 0.49046484 0.49046479 0.49038959 0.49038958 0.49038953 0.49037513 0.49037509 0.49036069 0.49036064 0.49034624 0.49034619 0.49033179 0.49033174 0.49031734 0.49031729 0.49024209 0.49024208 0.49024204 0.49022764 0.49022759 0.49021319 0.49021314 0.49019874 0.49019869 0.49018429 0.49018424 0.49016984 0.4901698  0.4900658  0.49006578 0.49006576 0.49       0.48995056 0.48995052 0.48983532 0.48983528 0.48972008 0.48972005 0.48960485 0.48960481 0.48948961 0.48948957 0.48921437 0.48921435 0.48921431 0.48909911 0.48909907 0.48898387 0.48898384 0.48886864 0.4888686  0.4887534  0.48875336 0.48863816 0.48863812 0.48839812 0.4883981  0.48839809 0.48828289 0.48828285 0.48816765 0.48816761 0.48805241 0.48805237 0.48793717 0.48793713 0.48782193 0.4878219  0.4874475  0.48744749 0.48744739 0.48742579 0.48737723 0.48735563 0.48730707 0.48728547 0.48723691 0.48721531 0.48716675 0.48714515 0.48709659 0.48698379 0.48698374 0.48698369 0.48696929 0.48696924 0.48695484 0.48695479 0.48687959 0.48687954 0.48687954 0.48686514 0.48686509 0.48685069 0.48685064 0.48674664 0.48674659 0.48674657 0.48663137 0.48663133 0.48651613 0.48651609 0.48625689 0.48625684 0.48625665 0.48625661 0.48614141 0.48614137 0.48602617 0.48602613 0.48591093 0.4859109  0.4856613  0.48566125 0.48566121 0.48564681 0.48564677 0.48563237 0.48563232 0.48555712 0.48555707 0.48555706 0.48554266 0.48554261 0.48552821 0.48552816 0.48545296 0.48545284 0.4854528  0.4854384  0.48543835 0.48542395 0.4854239  0.4854095  0.48540945 0.48530545 0.48530543 0.48530542 0.48519022 0.48519018 0.48507498 0.48507494 0.485      0.48495974 0.4849597  0.4848445  0.48484446 0.48472926 0.48472922 0.48423962 0.48423962 0.48423952 0.48421792 0.48416936 0.48414776 0.4840992  0.4840776  0.48402904 0.48400744 0.48395888 0.48393728 0.48388872 0.48377592 0.48377587 0.48377587 0.48366067 0.48366063 0.48354543 0.48354539 0.48311979 0.48311974 0.48311973 0.48300453 0.48300449 0.48288929 0.48288925 0.48249565 0.4824956  0.48249558 0.48248118 0.48248113 0.48246673 0.48246668 0.48239148 0.48239143 0.4823914  0.4822762  0.48227616 0.48216096 0.48216092 0.48180892 0.48180887 0.48180877 0.48180872 0.48180869 0.48170469 0.48170464 0.48170461 0.48169021 0.48169016 0.48167576 0.48167571 0.48157171 0.48157166 0.48157162 0.48155722 0.48155718 0.48154278 0.48154273 0.48143873 0.48143868 0.48143865 0.48142425 0.48142421 0.48140981 0.48140976 0.48130576 0.48130565 0.48130562 0.48119042 0.48119038 0.48107518 0.48107514 0.48095994 0.4809599  0.4808447  0.48084466 0.48072946 0.48072943 0.48028463 0.48028461 0.48028454 0.48016934 0.48016931 0.48005411 0.48005407 0.48       0.47993887 0.47993883 0.47982363 0.47982359 0.47970839 0.47970835 0.47928275 0.47928275 0.47928265 0.47926105 0.47921249 0.47919089 0.47914233 0.47912073 0.47907217 0.47905057 0.47900201 0.47898041 0.47893185 0.47881905 0.478819   0.47881899 0.47870379 0.47870375 0.47858855 0.47858851 0.47821091 0.47821086 0.47821083 0.47809563 0.47809559 0.47798039 0.47798036 0.47770516 0.47770511 0.47770509 0.47769069 0.47769064 0.47767624 0.47767619 0.47757219 0.47757214 0.47757213 0.47745693 0.47745691 0.47744251 0.47744249 0.47732729 0.47732727 0.47731287 0.47731285 0.47719765 0.47719763 0.47718323 0.47718322 0.47693682 0.47693681 0.47686161 0.47686156 0.47686155 0.47684715 0.47684711 0.47683271 0.47683266 0.47672866 0.47672861 0.47672859 0.47671419 0.47671414 0.47669974 0.47669969 0.47659569 0.47659564 0.47659559 0.47658119 0.47658115 0.47656675 0.4765667  0.4764627  0.47646265 0.47646264 0.47644824 0.47644824 0.47644819 0.47643379 0.47643379 0.47643375 0.4764337  0.47643366 0.47641926 0.47641922 0.47640482 0.47640477 0.47632957 0.47632956 0.47632947 0.47621427 0.47621423 0.47609903 0.47609899 0.47598379 0.47598376 0.47586856 0.47586852 0.47575332 0.47575328 0.47534048 0.47534048 0.47534038 0.47531878 0.47527022 0.47524862 0.47520006 0.47517846 0.4751299  0.4751083  0.47505974 0.47503814 0.475      0.47498958 0.47487678 0.47487673 0.47487669 0.47486229 0.47486224 0.47484784 0.47484779 0.47474379 0.47474374 0.47474367 0.47474363 0.47462843 0.4746284  0.4745132  0.47451316 0.47409396 0.47409391 0.47409388 0.47407948 0.47407943 0.47406503 0.47406498 0.47396098 0.47396093 0.4739609  0.4738457  0.47384566 0.47373046 0.47373042 0.47361522 0.47361518 0.47318318 0.47318313 0.47318313 0.47306793 0.47306789 0.47295269 0.47295265 0.47261665 0.4726166  0.4726166  0.4726022  0.47260215 0.47258775 0.47258771 0.47251251 0.47251246 0.47251242 0.47239722 0.47239718 0.47228198 0.47228194 0.47203234 0.47203229 0.47203217 0.47203214 0.47191694 0.4719169  0.4718017  0.47180166 0.47168646 0.47168642 0.47140482 0.47140477 0.47140475 0.47139035 0.4713903  0.4713759  0.47137585 0.47130065 0.4713006  0.4713006  0.4712862  0.47128615 0.47127175 0.4712717  0.4711965  0.47119639 0.47119635 0.47118195 0.4711819  0.4711675  0.47116745 0.47115305 0.471153   0.4711386  0.47113856 0.47103456 0.47103454 0.47103444 0.47101284 0.47096428 0.47094268 0.47089412 0.47087252 0.47082396 0.47080236 0.4707538  0.4707322  0.47068364 0.47057084 0.47057079 0.47057079 0.47055639 0.47055634 0.47054194 0.47054189 0.47043789 0.47043784 0.47043774 0.47043769 0.47043759 0.47043754 0.47043754 0.47036234 0.47036229 0.47036226 0.47024706 0.47024702 0.47013182 0.47013178 0.47001658 0.47001654 0.47       0.46976694 0.46976689 0.46976687 0.46965167 0.46965163 0.46953643 0.46953639 0.46942119 0.46942115 0.46893795 0.4689379  0.46893789 0.46892349 0.46892344 0.46890904 0.468909   0.468805   0.46880495 0.46880492 0.46868972 0.46868969 0.46857449 0.46857445 0.46813925 0.4681392  0.46813918 0.46802398 0.46802394 0.46790874 0.4679087  0.4675311  0.46753105 0.46753104 0.46741584 0.4674158  0.4673006  0.46730057 0.46694217 0.46694212 0.46694211 0.46682691 0.46682687 0.46671167 0.46671163 0.46659643 0.46659639 0.46618679 0.46618678 0.46618673 0.46617233 0.46617229 0.46615789 0.46615784 0.46614344 0.46614339 0.46612899 0.46612894 0.46611454 0.46611449 0.46601049 0.46601049 0.46601039 0.46599599 0.46599595 0.46598155 0.4659815  0.4659671  0.46596705 0.46595265 0.4659526  0.4659382  0.46593815 0.46583415 0.46583414 0.46583405 0.46580915 0.46578755 0.46573899 0.46571739 0.46566883 0.46564723 0.46559867 0.46557707 0.46552851 0.46550691 0.46545835 0.46534555 0.4653455  0.46534546 0.46523026 0.46523022 0.46511502 0.46511499 0.465      0.46499979 0.46499975 0.46454535 0.4645453  0.46454527 0.46443007 0.46443004 0.46431484 0.4643148  0.4638412  0.46384115 0.46384111 0.46382671 0.46382666 0.46381226 0.46381221 0.46373701 0.46373696 0.46373693 0.46372253 0.46372248 0.46370808 0.46370803 0.46360403 0.46360398 0.46360398 0.46348878 0.46348874 0.46337354 0.46337351 0.46300231 0.46300226 0.46300222 0.46288702 0.462887   0.46288696 0.46277176 0.46277174 0.46277173 0.46277168 0.46277166 0.46275726 0.46275721 0.46274281 0.46274276 0.46272836 0.46272831 0.46271391 0.46271387 0.46269947 0.46269942 0.46259542 0.46259537 0.46259537 0.46258097 0.46258092 0.46256652 0.46256647 0.46249127 0.46249119 0.46249061 0.46249054 0.46246894 0.46242038 0.46239878 0.46235022 0.46232862 0.46228006 0.46225846 0.4622099  0.4621883  0.46213974 0.46202694 0.46202689 0.46202666 0.46202662 0.46191142 0.46191139 0.46154339 0.46154334 0.46154332 0.46142812 0.46142808 0.46131288 0.46131285 0.46095765 0.4609576  0.46095758 0.46084238 0.46084234 0.46072714 0.4607271  0.4604071  0.46040705 0.46040701 0.46029181 0.46029178 0.46017658 0.46017654 0.46       0.45982454 0.45982449 0.45982447 0.45982442 0.45981002 0.45980997 0.45979557 0.45979552 0.45969152 0.45969147 0.45969147 0.45967707 0.45967702 0.45966262 0.45966257 0.45958737 0.45958732 0.45958731 0.45947211 0.45947207 0.45935687 0.45935683 0.45902083 0.45902078 0.45902076 0.45890556 0.45890552 0.45879032 0.45879028 0.45867508 0.45867504 0.45834224 0.45834219 0.45834218 0.45822698 0.45822695 0.45811175 0.45811171 0.45799651 0.45799647 0.45769887 0.45769882 0.45769881 0.45768441 0.45768436 0.45766996 0.45766991 0.45759471 0.45759466 0.45759466 0.45758026 0.45758021 0.45756581 0.45756576 0.45749056 0.45749048 0.45749038 0.45746878 0.45742022 0.45739862 0.45735006 0.45732846 0.4572799  0.4572583  0.45720974 0.45718814 0.45713958 0.45702678 0.45702673 0.4570267  0.4570123  0.45701225 0.45699785 0.4569978  0.4568938  0.45689375 0.45689374 0.45677854 0.45677851 0.45666331 0.45666327 0.45636887 0.45636882 0.45636879 0.45625359 0.45625355 0.45613835 0.45613831 0.45602311 0.45602307 0.45572227 0.45572222 0.45572221 0.45570781 0.45570776 0.45569336 0.45569331 0.45567891 0.45567886 0.45566446 0.45566441 0.45556041 0.45556036 0.45556034 0.45556029 0.45554589 0.45554584 0.45553144 0.45553139 0.45545619 0.45545614 0.45545612 0.45534092 0.45534089 0.45522569 0.45522565 0.455      0.45480005 0.4548     0.4548     0.4546848  0.45468476 0.45456956 0.45456952 0.45419512 0.45419507 0.45419503 0.45407983 0.45407979 0.45396459 0.45396456 0.45384936 0.45384932 0.45339172 0.45339167 0.45339167 0.45337727 0.45337722 0.45336282 0.45336277 0.45325877 0.45325872 0.4532587  0.4532443  0.45324426 0.45322986 0.45322981 0.45315461 0.45315455 0.45315451 0.45314011 0.45314006 0.45306486 0.45306486 0.45306476 0.45304316 0.4529946  0.452973   0.45292444 0.45290284 0.45285428 0.45283268 0.45278412 0.45276252 0.45271396 0.45260116 0.45260111 0.4526011  0.4524859  0.45248586 0.45237066 0.45237062 0.45210822 0.45210817 0.45210813 0.45210809 0.45199289 0.45199285 0.45187765 0.45187762 0.45140722 0.45140717 0.45140699 0.45140695 0.45129175 0.45129171 0.45117651 0.45117647 0.45106127 0.45106124 0.45079564 0.45079559 0.45079558 0.45078118 0.45078113 0.45076673 0.45076668 0.45066268 0.45066263 0.45066262 0.45064822 0.45064817 0.45063377 0.45063372 0.45055852 0.45055847 0.45055844 0.45054404 0.45054399 0.45052959 0.45052954 0.45042554 0.45042549 0.45042549 0.45041109 0.45041104 0.45039664 0.45039659 0.45029259 0.45029254 0.4502925  0.4502781  0.45027805 0.45026365 0.4502636  0.4501596  0.45015955 0.45015953 0.45004433 0.45004429 0.45       0.44992909 0.44992905 0.44981385 0.44981381 0.44953861 0.44953856 0.44953855 0.44952415 0.44952411 0.44950971 0.44950966 0.44943446 0.44943441 0.44943431 0.44943427 0.44941987 0.44941965 0.44941961 0.44940521 0.44940499 0.44940495 0.44930095 0.44930095 0.44930091 0.44930083 0.44928643 0.44928638 0.44927198 0.44927193 0.44925753 0.44925748 0.44924308 0.44924304 0.44922864 0.44922859 0.44912459 0.44912458 0.4491245  0.4491101  0.44911005 0.44909565 0.4490956  0.4490812  0.44908115 0.44906675 0.4490667  0.4490523  0.44905226 0.44894826 0.44894825 0.44894816 0.44893376 0.44893371 0.44891931 0.44891926 0.44890486 0.44890481 0.44889041 0.44889036 0.44887596 0.44887591 0.44877191 0.4487719  0.44877187 0.44865667 0.44865664 0.44864224 0.44864223 0.44852703 0.448527   0.4485126  0.44851259 0.44839739 0.44839736 0.44838296 0.44838296 0.44826776 0.44826773 0.44825333 0.44825332 0.44813812 0.44813809 0.44812369 0.44812368 0.44764688 0.44764684 0.44764675 0.44764673 0.44764663 0.44764659 0.44753139 0.44753135 0.44741615 0.44741612 0.44730092 0.44730088 0.44699048 0.44699046 0.44699038 0.44697598 0.44697593 0.44696153 0.44696148 0.44694708 0.44694703 0.44693263 0.44693259 0.44691819 0.44691814 0.44684294 0.44684292 0.44684287 0.44672767 0.44672763 0.44661243 0.44661239 0.44649719 0.44649715 0.44638195 0.44638191 0.44626671 0.44626667 0.44600107 0.44600106 0.446001   0.4458858  0.44588576 0.44577056 0.44577053 0.44565533 0.44565529 0.44554009 0.44554005 0.44542485 0.44542481 0.44516561 0.4451656  0.44516554 0.44505034 0.4450503  0.445      0.4449351  0.44493506 0.44481986 0.44481982 0.44470462 0.44470458 0.44458938 0.44458935 0.44413815 0.44413814 0.44413805 0.44407446 0.44405286 0.4440043  0.4439827  0.44393414 0.44391254 0.44386398 0.44384238 0.44379382 0.44377222 0.44372366 0.44361086 0.44361081 0.44361077 0.44359637 0.44359633 0.44358193 0.44358188 0.44350668 0.44350663 0.44350662 0.44349222 0.44349218 0.44347778 0.44347773 0.44337373 0.44337366 0.44337366 0.44335926 0.44335921 0.44328401 0.44328401 0.44328391 0.44326231 0.44321375 0.44319215 0.44314359 0.44312199 0.44307343 0.44305183 0.44300327 0.44298167 0.44293311 0.44282031 0.44282026 0.44282024 0.44270504 0.442705   0.4425898  0.44258977 0.44219297 0.44219292 0.44219288 0.44207768 0.44207765 0.44196245 0.44196241 0.44154961 0.44154956 0.44154952 0.44154948 0.44143428 0.44143424 0.44131904 0.441319   0.4412038  0.44120376 0.44089976 0.44089971 0.44089967 0.44088527 0.44088522 0.44087082 0.44087078 0.44076678 0.44076673 0.4407667  0.44076666 0.44065146 0.44065142 0.44053622 0.44053618 0.44011378 0.44011373 0.44011368 0.44009928 0.44009924 0.44008484 0.44008479 0.44000959 0.44000954 0.44000953 0.44       0.43999513 0.43999509 0.43998069 0.43998064 0.43987664 0.43987659 0.43987656 0.43986216 0.43986212 0.43984772 0.43984767 0.43974367 0.43974362 0.43974362 0.43962842 0.43962838 0.43951318 0.43951314 0.43919954 0.43919949 0.43919946 0.43918506 0.43918502 0.43910982 0.43910977 0.43910976 0.43899456 0.43899452 0.43887932 0.43887928 0.43876408 0.43876404 0.43841204 0.43841195 0.43841194 0.43839754 0.43839749 0.43838309 0.43838304 0.43836864 0.43836859 0.43835419 0.43835414 0.43833974 0.4383397  0.4382357  0.43823568 0.43823559 0.43812039 0.43812039 0.43809879 0.43805023 0.43802863 0.43798007 0.43795847 0.43790991 0.43788831 0.43783975 0.43781815 0.43776959 0.43765679 0.43765674 0.43765673 0.43764233 0.43764229 0.43762789 0.43762784 0.43752384 0.43752379 0.43752377 0.43750937 0.43750916 0.43750913 0.43749473 0.43749451 0.43749448 0.43748008 0.43747987 0.43747983 0.43737583 0.43737578 0.43737576 0.43726056 0.43726052 0.43714532 0.43714528 0.43703008 0.43703004 0.43660444 0.43660439 0.43660437 0.43658997 0.43658992 0.43657552 0.43657548 0.43647148 0.43647143 0.43647141 0.43635621 0.43635618 0.43624098 0.43624094 0.43581534 0.43581529 0.43581525 0.43570005 0.43570005 0.43570001 0.43558481 0.4355848  0.4355848  0.43558475 0.43558465 0.43557025 0.4355702  0.4355558  0.43555576 0.43554136 0.43554131 0.43552691 0.43552686 0.43551246 0.43551241 0.43540841 0.43540836 0.43540835 0.43539395 0.4353939  0.4353795  0.43537945 0.43530425 0.4353042  0.43530418 0.43528978 0.43528973 0.43527533 0.43527528 0.43517128 0.43517121 0.43517111 0.43513367 0.43511207 0.43506351 0.43504191 0.435      0.43499335 0.43497175 0.43492319 0.43490159 0.43485303 0.43483143 0.43478287 0.43467007 0.43467002 0.43467    0.4345548  0.43455476 0.43443956 0.43443952 0.43432432 0.43432428 0.43420908 0.43420905 0.43380585 0.4338058  0.43380578 0.43369058 0.43369054 0.43357534 0.43357531 0.43346011 0.43346007 0.43319767 0.43319762 0.4331976  0.4330824  0.43308236 0.43296716 0.43296713 0.43285193 0.43285189 0.43238149 0.43238144 0.43238143 0.43226623 0.43226619 0.43215099 0.43215095 0.43179575 0.4317957  0.43179568 0.43179564 0.43178124 0.43178119 0.43167719 0.43167714 0.4316771  0.4315619  0.43156186 0.43144666 0.43144662 0.43100822 0.43100817 0.43100815 0.43089295 0.43089291 0.43077771 0.43077767 0.43029127 0.43029122 0.43029118 0.43027678 0.43027673 0.43026233 0.43026228 0.43015828 0.43015823 0.4301582  0.430043   0.43004297 0.43       0.42992777 0.42992773 0.42959173 0.42959168 0.42959165 0.42957725 0.42957721 0.42950201 0.4295019  0.42950188 0.42948748 0.42948743 0.42947303 0.42947298 0.42945858 0.42945854 0.42944414 0.42944409 0.42934009 0.42934008 0.42933999 0.42932559 0.42932554 0.42931114 0.42931109 0.42929669 0.42929665 0.42928225 0.4292822  0.4292678  0.42926775 0.42919255 0.42919253 0.42919249 0.42917809 0.42917804 0.42916364 0.42916359 0.42914919 0.42914915 0.42913475 0.4291347  0.4291203  0.42912025 0.42904505 0.42904505 0.42904495 0.42902335 0.42897479 0.42895319 0.42890463 0.42888303 0.42883447 0.42881287 0.42876431 0.42874271 0.42869415 0.42858135 0.4285813  0.42858125 0.42856685 0.4285668  0.4285524  0.42855235 0.42853795 0.42853791 0.42843391 0.42843386 0.42843385 0.42841945 0.4284194  0.428405   0.42840495 0.42830095 0.4283009  0.42830089 0.42828649 0.42828644 0.42827204 0.42827199 0.42819679 0.42819674 0.4281967  0.4280815  0.42808147 0.42796627 0.42796623 0.42761423 0.42761418 0.42761415 0.42749895 0.42749892 0.42738372 0.42738368 0.42707328 0.42707323 0.42707318 0.42705878 0.42705874 0.42695474 0.42695469 0.42695466 0.42694026 0.42694004 0.42694    0.4269256  0.42692538 0.42692534 0.42685014 0.42685009 0.42685007 0.42683567 0.42683562 0.42682122 0.42682117 0.42680677 0.42680672 0.42679232 0.42679227 0.42671707 0.426717   0.42671699 0.42660179 0.42660175 0.42621455 0.42621455 0.42621445 0.42619285 0.42614429 0.42612269 0.42607413 0.42605253 0.42600397 0.42598237 0.42593381 0.42591221 0.42586365 0.42575085 0.4257508  0.42575058 0.42575054 0.42563534 0.42563531 0.42552011 0.42552007 0.42540487 0.42540483 0.425      0.42490883 0.42490878 0.42490876 0.42479356 0.42479352 0.42467832 0.42467828 0.42456308 0.42456304 0.42417264 0.42417259 0.42417259 0.42405739 0.42405735 0.42394215 0.42394211 0.42361571 0.42361566 0.42361564 0.42350044 0.4235004  0.4233852  0.42338517 0.42292437 0.42292432 0.4229243  0.4228091  0.42280906 0.42269386 0.42269383 0.42220103 0.42220098 0.42220094 0.42218654 0.42218649 0.42217209 0.42217204 0.42206804 0.42206799 0.42206799 0.42205359 0.42205354 0.42203914 0.42203909 0.42196389 0.42196384 0.42196383 0.42184863 0.42184859 0.42173339 0.42173335 0.42126935 0.4212693  0.42126927 0.42125487 0.42125483 0.42124043 0.42124038 0.42116518 0.42116513 0.4211651  0.4211507  0.42115065 0.42113625 0.42113621 0.42106101 0.42106095 0.42106094 0.42104654 0.42104649 0.42103209 0.42103204 0.42092804 0.42092802 0.420928   0.4209136  0.42091355 0.42089915 0.4208991  0.4208847  0.42088465 0.42087025 0.4208702  0.4208558  0.42085575 0.42075175 0.42075174 0.42075165 0.42064685 0.42062525 0.42057669 0.42055509 0.42050653 0.42048493 0.42043637 0.42041477 0.42036621 0.42034461 0.42029605 0.42018325 0.4201832  0.42018319 0.42016879 0.42016875 0.42015435 0.4201543  0.4200503  0.42005025 0.42005021 0.42003581 0.42003577 0.42002137 0.42002132 0.42       0.41991732 0.41991727 0.41991726 0.41980206 0.41980202 0.41968682 0.41968678 0.41922598 0.41922593 0.41922591 0.41921151 0.41921147 0.41919707 0.41919702 0.41912182 0.41912177 0.41912176 0.41900656 0.41900653 0.41889133 0.41889129 0.41877609 0.41877605 0.41828965 0.4182896  0.41828959 0.41817439 0.41817435 0.41805915 0.41805911 0.41794391 0.41794387 0.41760467 0.41760462 0.4176046  0.41760457 0.41748937 0.41748933 0.41737413 0.41737409 0.41725889 0.41725885 0.41690685 0.4169068  0.41690679 0.41679159 0.41679155 0.41667635 0.41667631 0.41656111 0.41656107 0.41624107 0.41624102 0.41624101 0.41622661 0.4162266  0.4162122  0.41621201 0.41621197 0.41619757 0.41619757 0.41618317 0.41618297 0.41618294 0.41616854 0.41616853 0.41606453 0.41606444 0.41606439 0.41604999 0.41604994 0.41603554 0.41603549 0.41602109 0.41602105 0.41600665 0.4160066  0.4159922  0.41599215 0.41588815 0.41588814 0.41588809 0.41587369 0.41587365 0.41585925 0.4158592  0.4158448  0.41584475 0.41583035 0.4158303  0.4158159  0.41581585 0.41574065 0.41574064 0.41574058 0.41572618 0.41572613 0.41571173 0.41571168 0.41569728 0.41569723 0.41568283 0.41568278 0.41566838 0.41566834 0.41556434 0.41556432 0.41556425 0.41554985 0.4155498  0.4155354  0.41553536 0.41552096 0.41552091 0.41550651 0.41550646 0.41549206 0.41549201 0.41538801 0.41538799 0.41538798 0.41527278 0.41527274 0.41515754 0.4151575  0.4150423  0.41504227 0.415      0.41492707 0.41492703 0.41481183 0.41481179 0.41442459 0.41442458 0.41442448 0.41440288 0.41435432 0.41433272 0.41428416 0.41426256 0.414214   0.4141924  0.41414384 0.41412224 0.41407368 0.41396088 0.41396083 0.41396082 0.41394642 0.41394637 0.41393197 0.41393193 0.41385673 0.41385668 0.41385667 0.41374147 0.41374144 0.41362624 0.4136262  0.413511   0.41351096 0.41316536 0.41316531 0.4131653  0.4130501  0.41305006 0.41293486 0.41293482 0.41265642 0.41265637 0.41265634 0.41254114 0.4125411  0.4124259  0.41242586 0.41231066 0.41231062 0.41192342 0.41192337 0.41192336 0.41190896 0.41190891 0.41189451 0.41189447 0.41188007 0.41188002 0.41180482 0.41180477 0.41180473 0.41180469 0.41168949 0.41168945 0.41157425 0.41157421 0.41125421 0.4112542  0.4112541  0.4112325  0.41118394 0.41116234 0.41111378 0.41109218 0.41104362 0.41102202 0.41097346 0.41095186 0.4109033  0.4107905  0.41079045 0.41079044 0.41077604 0.41077599 0.41076159 0.41076154 0.41068634 0.41068629 0.41068627 0.41067187 0.41067183 0.41065743 0.41065738 0.41064298 0.41064293 0.41053893 0.41053888 0.41053885 0.41052445 0.4105244  0.41051    0.41050995 0.41040595 0.4104059  0.4104059  0.4103915  0.41039145 0.41037705 0.410377   0.410273   0.41027295 0.41027295 0.41015775 0.41015774 0.41014334 0.41014331 0.41002811 0.4100281  0.4100137  0.41001367 0.41       0.40962647 0.40962644 0.40961204 0.40961199 0.40959759 0.40959754 0.40952234 0.40952229 0.40952227 0.40950787 0.40950782 0.40949342 0.40949337 0.40938937 0.40938932 0.40938929 0.40927409 0.40927405 0.40915885 0.40915882 0.40875242 0.40875237 0.40875232 0.40875228 0.40863708 0.40863705 0.40852185 0.40852181 0.40840661 0.40840657 0.40796177 0.40796172 0.4079616  0.40796156 0.40784636 0.40784632 0.40773112 0.40773108 0.40724788 0.40724783 0.40724782 0.40723342 0.40723337 0.40715817 0.40715812 0.4071581  0.4071437  0.40714365 0.40712925 0.4071292  0.4070252  0.4070252  0.4070251  0.40702397 0.40700237 0.40695381 0.40693221 0.40688365 0.40686205 0.40681349 0.40679189 0.40674333 0.40672173 0.40667317 0.40656037 0.40656032 0.40656031 0.40654591 0.40654586 0.40653146 0.40653142 0.40642742 0.40642737 0.40642737 0.40641297 0.40641292 0.40639852 0.40639847 0.40632327 0.40632322 0.4063232  0.406208   0.40620796 0.40609276 0.40609273 0.40597753 0.40597749 0.40569909 0.40569904 0.405699   0.4055838  0.40558377 0.40546857 0.40546853 0.40511013 0.40511008 0.40511005 0.40509565 0.4050956  0.4050812  0.40508115 0.405      0.40497715 0.4049771  0.40497707 0.40496267 0.40496262 0.40494822 0.40494817 0.40484417 0.40484412 0.40484409 0.40472889 0.40472885 0.40461365 0.40461361 0.40427121 0.40427116 0.40427114 0.40425674 0.40425669 0.40424229 0.40424224 0.40416704 0.40416699 0.40416699 0.40405179 0.40405175 0.40393655 0.40393652 0.40382132 0.40382128 0.40351728 0.40351723 0.40351713 0.40351709 0.40340189 0.40340185 0.40328665 0.40328662 0.40295702 0.40295697 0.40295695 0.40294255 0.4029425  0.4029281  0.40292806 0.40285286 0.40285274 0.40285273 0.40273753 0.40273749 0.40262229 0.40262225 0.40250705 0.40250701 0.40239181 0.40239177 0.40207177 0.40207177 0.40207167 0.40205007 0.40200151 0.40197991 0.40193135 0.40190975 0.40186119 0.40183959 0.40179103 0.40176943 0.40172087 0.40160807 0.40160802 0.40160799 0.40160795 0.40159355 0.4015935  0.4015791  0.40157905 0.40156465 0.4015646  0.4014606  0.40146055 0.40146053 0.40144613 0.40144608 0.40143168 0.40143164 0.40141724 0.40141719 0.40131319 0.40131314 0.40131313 0.40129873 0.40129868 0.40128428 0.40128423 0.40126983 0.40126978 0.40116578 0.40116573 0.40116572 0.40115132 0.40115127 0.40113687 0.40113683 0.40106163 0.40106158 0.40106157 0.40094637 0.40094634 0.40083114 0.4008311  0.4005015  0.40050145 0.40050143 0.40038623 0.40038619 0.40027099 0.40027096 0.4        0.39995416 0.39995411 0.39995409 0.39983889 0.39983885 0.39972365 0.39972361 0.39933961 0.39933956 0.39933955 0.39922435 0.39922431 0.39910911 0.39910907 0.39865467 0.39865462 0.3986546  0.3986402  0.39864015 0.39862575 0.3986257  0.3985217  0.39852165 0.39852164 0.39850724 0.39850719 0.39849279 0.39849274 0.39847834 0.39847829 0.39840309 0.39840309 0.39840301 0.39828781 0.39828777 0.39817257 0.39817253 0.39805733 0.39805729 0.39794209 0.39794206 0.39782686 0.39782682 0.39754522 0.3975452  0.39754515 0.39742995 0.39742991 0.39731471 0.39731467 0.39719947 0.39719944 0.39708424 0.3970842  0.396969   0.39696896 0.39670976 0.39670975 0.39670969 0.39659449 0.39659445 0.39647925 0.39647921 0.39636401 0.39636398 0.39624878 0.39624874 0.39613354 0.3961335  0.3958103  0.39581029 0.39581023 0.39569503 0.39569499 0.39557979 0.39557975 0.39546455 0.39546451 0.39534931 0.39534927 0.39523407 0.39523403 0.395      0.39489803 0.39489803 0.39489793 0.39487633 0.39482777 0.39480617 0.39475761 0.39473601 0.39468745 0.39466585 0.39461729 0.39459569 0.39454713 0.39443433 0.39443428 0.39443428 0.39431908 0.39431904 0.39420384 0.3942038  0.3938454  0.39384535 0.39384533 0.39383093 0.39383088 0.39381648 0.39381644 0.39374124 0.39374119 0.39374116 0.39372676 0.39372671 0.39371231 0.39371226 0.39360826 0.39360821 0.39360821 0.39359381 0.39359376 0.39357936 0.39357931 0.39347531 0.39347526 0.39347525 0.39346085 0.3934608  0.3934464  0.39344635 0.39334235 0.3933423  0.3933423  0.3933279  0.39332785 0.39331345 0.3933134  0.3932094  0.39320935 0.39320934 0.39319494 0.39319489 0.39318049 0.39318044 0.39316604 0.39316599 0.39306199 0.39306194 0.39306191 0.39304751 0.39304747 0.39303307 0.39303302 0.39295782 0.39295781 0.39295774 0.39294334 0.39294329 0.39292889 0.39292884 0.39291444 0.39291439 0.39289999 0.39289994 0.39288554 0.3928855  0.3928103  0.39281029 0.39281019 0.39278859 0.39274003 0.39271843 0.39266987 0.39264827 0.39259971 0.39257811 0.39252955 0.39250795 0.39245939 0.39234659 0.39234654 0.39234653 0.39223133 0.3922313  0.3921161  0.39211606 0.39177366 0.39177361 0.39177359 0.39175919 0.39175914 0.39174474 0.3917447  0.3916407  0.39164065 0.39164065 0.39162625 0.3916262  0.3916118  0.39161175 0.39150775 0.3915077  0.39150766 0.39150762 0.39139242 0.39139238 0.39127718 0.39127714 0.39083874 0.39083869 0.39083867 0.39082427 0.39082422 0.39080982 0.39080977 0.39079537 0.39079533 0.39072013 0.39072008 0.39072006 0.39060486 0.39060482 0.39048962 0.39048958 0.39004478 0.39004473 0.39004469 0.39       0.38992949 0.38992946 0.38981426 0.38981422 0.38950382 0.38950377 0.38950376 0.38948936 0.38948931 0.38947491 0.38947486 0.38937086 0.38937081 0.38937079 0.38935639 0.38935634 0.38934194 0.38934189 0.38932749 0.38932744 0.38922344 0.38922339 0.38922339 0.38910819 0.38910815 0.38899295 0.38899291 0.38899286 0.38899285 0.38897845 0.3889784  0.388964   0.38896395 0.38894955 0.3889495  0.3889351  0.38893505 0.38892065 0.38892061 0.38881661 0.38881659 0.38881652 0.38880212 0.38880207 0.38878767 0.38878763 0.38877323 0.38877318 0.38875878 0.38875873 0.38874433 0.38874428 0.38864028 0.38864027 0.38864017 0.38861857 0.38857001 0.38854841 0.38849985 0.38847825 0.38842969 0.38840809 0.38835953 0.38833793 0.38828937 0.38817657 0.38817652 0.3881765  0.3881621  0.38816205 0.38814765 0.3881476  0.3880436  0.38804355 0.38804347 0.38804343 0.38792823 0.38792819 0.38781299 0.38781295 0.38732335 0.3873233  0.38732328 0.38720808 0.38720804 0.38709284 0.3870928  0.3869776  0.38697756 0.38663196 0.38663191 0.3866319  0.3865167  0.38651666 0.38640146 0.38640142 0.38608782 0.38608777 0.38608775 0.38607335 0.38607331 0.38605891 0.38605886 0.38598366 0.38598361 0.38598359 0.38596919 0.38596914 0.38595474 0.3859547  0.3859403  0.38594025 0.38583625 0.3858362  0.38583616 0.38582176 0.38582171 0.38580731 0.38580726 0.38570326 0.38570321 0.38570319 0.38558799 0.38558795 0.38547275 0.38547271 0.38521031 0.38521026 0.38521025 0.38519585 0.3851958  0.3851814  0.38518135 0.38510615 0.3851061  0.38510609 0.385      0.38499089 0.38499085 0.38487565 0.38487561 0.38453961 0.3845396  0.38453958 0.38442438 0.38442434 0.38430914 0.3843091  0.3841939  0.38419386 0.38407866 0.38407862 0.38396342 0.38396338 0.38357298 0.38357298 0.38357288 0.38355128 0.38350272 0.38348112 0.38343256 0.38341096 0.3833624  0.3833408  0.38329224 0.38327064 0.38322208 0.38310928 0.38310923 0.38310923 0.38309483 0.38309478 0.38308038 0.38308033 0.38306593 0.38306588 0.38296188 0.38296183 0.3829618  0.3829474  0.38294735 0.38293295 0.3829329  0.3828289  0.38282885 0.38282879 0.38282875 0.38271355 0.38271352 0.38259832 0.38259828 0.38226228 0.38226223 0.38226219 0.38224779 0.38224776 0.38223336 0.38223335 0.38211815 0.38211814 0.38211811 0.38210371 0.3821037  0.3819885  0.3819885  0.38198847 0.38197407 0.38197406 0.38154526 0.38154525 0.3815452  0.3814412  0.38144115 0.38144115 0.38142675 0.3814267  0.3814123  0.38141225 0.38130825 0.3813082  0.38130818 0.38119298 0.38119294 0.38107774 0.3810777  0.3808121  0.38081205 0.38081186 0.38081182 0.38069662 0.38069658 0.38058138 0.38058135 0.38046615 0.38046611 0.38000531 0.38000526 0.38000524 0.38       0.37989004 0.37989    0.3797748  0.37977477 0.37965957 0.37965953 0.37936833 0.37936828 0.37936828 0.37935388 0.37935383 0.37933943 0.37933938 0.37926418 0.37926413 0.37926411 0.37914891 0.37914887 0.37903367 0.37903363 0.37866883 0.37866881 0.37866877 0.37865437 0.37865432 0.37863992 0.37863987 0.37862547 0.37862542 0.37861102 0.37861098 0.37859658 0.37859653 0.37852133 0.37852132 0.37852122 0.37849962 0.37845106 0.37842946 0.3783809  0.3783593  0.37831074 0.37828914 0.37824058 0.37821898 0.37817042 0.37805762 0.37805757 0.37805755 0.37804315 0.3780431  0.3780287  0.37802865 0.37792465 0.3779246  0.3779246  0.3779102  0.37791015 0.37789575 0.3778957  0.3778813  0.37788125 0.37777725 0.3777772  0.37777719 0.37766199 0.37766195 0.37754675 0.37754671 0.37709871 0.37709866 0.37709862 0.37708422 0.37708418 0.37706978 0.37706973 0.37705533 0.37705528 0.37698008 0.37698003 0.37698001 0.37686481 0.37686477 0.37674957 0.37674955 0.3767495  0.3767495  0.3767351  0.37673505 0.37672065 0.3767206  0.3767062  0.37670615 0.37669175 0.37669171 0.37658771 0.37658766 0.37658764 0.37657324 0.37657319 0.37655879 0.37655874 0.37645474 0.37645469 0.37645466 0.37633946 0.37633942 0.37622422 0.37622419 0.37586579 0.37586574 0.37586573 0.37575053 0.37575049 0.37563529 0.37563526 0.37563521 0.37563519 0.37563515 0.37551995 0.37551992 0.37540472 0.37540468 0.37528948 0.37528944 0.375      0.37479664 0.37479654 0.3747965  0.3747821  0.37478208 0.37478203 0.37476763 0.37476762 0.37476757 0.37475317 0.37475315 0.3747531  0.3747387  0.37473869 0.37473864 0.37463464 0.37463463 0.37463455 0.37451935 0.37451931 0.37440411 0.37440407 0.37428887 0.37428883 0.37417363 0.3741736  0.3740584  0.37405836 0.37368716 0.37368715 0.37368705 0.37366545 0.37361689 0.37359529 0.37354673 0.37352513 0.37347657 0.37345497 0.37340641 0.37338481 0.37333625 0.37322345 0.3732234  0.37322325 0.37322322 0.37310802 0.37310798 0.37299278 0.37299274 0.37261514 0.37261509 0.37261502 0.37249982 0.37249978 0.37238458 0.37238454 0.37226934 0.37226931 0.37215411 0.37215407 0.37203887 0.37203883 0.37157803 0.37157798 0.37157796 0.37156356 0.37156351 0.37154911 0.37154906 0.37147386 0.37147381 0.37147379 0.37135859 0.37135855 0.37124335 0.37124331 0.37082731 0.37082726 0.37082723 0.37071203 0.37071199 0.37059679 0.37059675 0.37013915 0.3701391  0.3701391  0.3700239  0.37002386 0.37       0.36990866 0.36990862 0.36979342 0.36979338 0.36949258 0.36949253 0.36949252 0.36947812 0.36947808 0.36946368 0.36946363 0.36938843 0.36938838 0.36938837 0.36937397 0.36937392 0.36935952 0.36935947 0.36928427 0.3692842  0.36928419 0.36918019 0.36918018 0.36918008 0.36915848 0.36910992 0.36908832 0.36903976 0.36901816 0.3689696  0.368948   0.36889944 0.36887784 0.36882928 0.36871648 0.36871643 0.36871643 0.36870203 0.36870198 0.36868758 0.36868753 0.36858353 0.36858348 0.36858348 0.36846828 0.36846824 0.36835304 0.36835301 0.36835296 0.36835294 0.36833854 0.36833833 0.36833829 0.36832389 0.36832368 0.36832365 0.36830925 0.36830904 0.368309   0.368205   0.36820495 0.36820495 0.36819055 0.3681905  0.3681761  0.36817605 0.36807205 0.368072   0.36807199 0.36805759 0.36805754 0.36804314 0.36804309 0.36793909 0.36793904 0.36793904 0.36782384 0.3678238  0.3677086  0.36770856 0.36759336 0.36759332 0.36733732 0.36733727 0.3673371  0.36733706 0.36722186 0.36722182 0.36710662 0.36710658 0.36663938 0.36663933 0.36663928 0.36662488 0.36662484 0.36652084 0.36652079 0.36652075 0.36650635 0.3665063  0.3664919  0.36649185 0.36641665 0.3664166  0.3664166  0.3664022  0.36640215 0.36638775 0.3663877  0.3663125  0.36631245 0.36631241 0.36629801 0.36629797 0.36628357 0.36628352 0.36626912 0.36626907 0.36619387 0.36619387 0.36619377 0.36617217 0.36612361 0.36610201 0.36605345 0.36603185 0.36598329 0.36596169 0.36591313 0.36589153 0.36584297 0.36573017 0.36573012 0.36573001 0.36572997 0.36561477 0.36561473 0.36549953 0.3654995  0.3653843  0.36538426 0.365      0.36497786 0.36497781 0.36497779 0.36486259 0.36486256 0.36474736 0.36474732 0.36463212 0.36463208 0.36436968 0.36436963 0.36436963 0.36435523 0.36435518 0.36434078 0.36434073 0.36432633 0.36432628 0.36422228 0.36422223 0.36422205 0.36422201 0.36410681 0.36410677 0.36399157 0.36399153 0.36351793 0.36351788 0.36351787 0.36350347 0.36350342 0.36348902 0.36348897 0.36341377 0.36341372 0.3634137  0.3633993  0.36339925 0.36338485 0.3633848  0.3632808  0.36328075 0.36328054 0.3632805  0.3631653  0.36316526 0.36305006 0.36305002 0.36277482 0.36277477 0.36277475 0.36265955 0.36265951 0.36254431 0.36254427 0.36242907 0.36242903 0.36202583 0.36202578 0.36202576 0.36191056 0.36191052 0.36179532 0.36179529 0.36137929 0.36137924 0.3613792  0.3613648  0.36136475 0.36128955 0.3612895  0.36128947 0.36117427 0.36117423 0.36105903 0.36105902 0.36105896 0.36105894 0.36094374 0.3609437  0.3608285  0.36082846 0.36071326 0.36071322 0.36022362 0.36022361 0.36022351 0.36020191 0.36015335 0.36013175 0.36008319 0.36006159 0.36001303 0.36       0.35999143 0.35994287 0.35992127 0.35987271 0.35975991 0.35975986 0.35975983 0.35974543 0.35974538 0.35973098 0.35973093 0.35971653 0.35971648 0.35961248 0.35961243 0.3596124  0.3594972  0.35949716 0.35938196 0.35938192 0.35926672 0.35926668 0.35894668 0.35894663 0.35894643 0.35894639 0.35883119 0.35883115 0.35871595 0.35871591 0.35836711 0.35836706 0.35836705 0.35825185 0.35825181 0.35813661 0.35813657 0.35784537 0.35784532 0.35784531 0.35773011 0.35773007 0.35761487 0.35761483 0.35749963 0.35749959 0.35715399 0.35715394 0.35715392 0.35713952 0.35713947 0.35712507 0.35712502 0.35711062 0.35711058 0.35703538 0.35703533 0.35703532 0.35692012 0.35692008 0.35680488 0.35680484 0.35631524 0.35631519 0.35631519 0.35619999 0.35619995 0.35608475 0.35608471 0.35596951 0.35596947 0.35566547 0.35566542 0.35566541 0.35565101 0.35565096 0.35563656 0.35563651 0.35556131 0.35556126 0.35556125 0.35554685 0.3555468  0.3555324  0.35553235 0.35545715 0.35545714 0.35545708 0.35544268 0.35544264 0.35542824 0.35542819 0.35541379 0.35541374 0.35539934 0.35539929 0.35538489 0.35538484 0.35528084 0.35528084 0.35528074 0.35525914 0.35521058 0.35518898 0.35514042 0.35511882 0.35507026 0.35504866 0.3550001  0.355      0.3549785  0.35492994 0.35481714 0.35481709 0.35481708 0.35480268 0.35480263 0.35478823 0.35478819 0.35477379 0.35477374 0.35466974 0.35466969 0.35466969 0.35455449 0.35455445 0.35443925 0.35443921 0.35443916 0.35443914 0.35442474 0.35442469 0.35441029 0.35441024 0.35439584 0.35439579 0.35438139 0.35438134 0.35427734 0.35427729 0.35427729 0.35426289 0.35426284 0.35424844 0.35424839 0.35414439 0.35414434 0.35414433 0.35412993 0.35412988 0.35411548 0.35411543 0.35410103 0.35410098 0.35399698 0.35399693 0.35399693 0.35388173 0.35388169 0.35376649 0.35376645 0.35351365 0.3535136  0.35351358 0.35349918 0.35349913 0.35348473 0.35348468 0.35347028 0.35347023 0.35339503 0.35339498 0.35339497 0.35327977 0.35327973 0.35316453 0.35316449 0.35304929 0.35304925 0.35265245 0.3526524  0.35265237 0.35263797 0.35263793 0.35262353 0.35262348 0.35254828 0.35254823 0.3525482  0.3525338  0.35253375 0.35251935 0.3525193  0.3524153  0.35241522 0.35241514 0.35240074 0.35240069 0.35238629 0.35238624 0.35237184 0.3523718  0.3523574  0.35235735 0.35234295 0.3523429  0.3522389  0.35223888 0.35223879 0.35222439 0.35222434 0.35220994 0.35220989 0.35219549 0.35219544 0.35218104 0.35218099 0.35216659 0.35216655 0.35206255 0.35206254 0.35206245 0.35204805 0.352048   0.3520336  0.35203355 0.35201915 0.3520191  0.3520047  0.35200466 0.35199026 0.35199021 0.35188621 0.3518862  0.3518861  0.3518645  0.35181594 0.35179434 0.35174578 0.35172418 0.35167562 0.35165402 0.35160546 0.35158386 0.3515353  0.3514225  0.35142245 0.35142242 0.35140802 0.35140798 0.35139358 0.35139353 0.35128953 0.35128948 0.35128946 0.35117426 0.35117422 0.35105902 0.35105898 0.35063658 0.35063653 0.35063634 0.3506363  0.3505211  0.35052106 0.35040586 0.35040582 0.35001542 0.35001537 0.35001536 0.35000096 0.35000091 0.35       0.34998651 0.34998647 0.34997207 0.34997202 0.34989682 0.34989677 0.34989676 0.34978156 0.34978155 0.34978151 0.34966631 0.34966631 0.34966629 0.34966624 0.34966619 0.34965179 0.34965174 0.34963734 0.34963729 0.34962289 0.34962285 0.34951885 0.3495188  0.34951878 0.34950438 0.34950433 0.34948993 0.34948988 0.34941468 0.34941463 0.34941442 0.34941438 0.34939998 0.34939977 0.34939973 0.34938533 0.34938511 0.34938507 0.34930987 0.34930986 0.34930977 0.34929537 0.34929532 0.34928092 0.34928088 0.34926648 0.34926643 0.34925203 0.34925198 0.34923758 0.34923753 0.34913353 0.34913352 0.34913345 0.34911905 0.349119   0.3491046  0.34910455 0.34909015 0.3490901  0.3490757  0.34907565 0.34906125 0.3490612  0.3489572  0.3489572  0.3489571  0.3489355  0.34888694 0.34886534 0.34881678 0.34879518 0.34874662 0.34872502 0.34867646 0.34865486 0.3486063  0.3484935  0.34849345 0.34849335 0.3484933  0.3484932  0.34849315 0.34849305 0.348493   0.34849295 0.34847855 0.3484785  0.3484033  0.34840325 0.34840323 0.34828803 0.34828799 0.34817279 0.34817275 0.34805755 0.34805751 0.34773431 0.34773426 0.34773426 0.34771986 0.34771981 0.34770541 0.34770536 0.34760136 0.34760131 0.34760128 0.34748608 0.34748604 0.34737084 0.3473708  0.3470988  0.34709875 0.34709874 0.34698354 0.3469835  0.3468683  0.34686827 0.34657387 0.34657382 0.34657379 0.34645859 0.34645855 0.34634335 0.34634332 0.34586972 0.34586967 0.34586966 0.34575446 0.34575442 0.34563922 0.34563918 0.34514318 0.34514318 0.34514312 0.34512872 0.34512867 0.34511427 0.34511422 0.34509982 0.34509977 0.34508537 0.34508532 0.34507092 0.34507087 0.345      0.34496687 0.34496686 0.34496681 0.34485161 0.34485158 0.34473638 0.34473634 0.34462114 0.3446211  0.3445059  0.34450586 0.34439066 0.34439062 0.34413142 0.34413142 0.34413134 0.34411694 0.34411689 0.34410249 0.34410244 0.34408804 0.34408799 0.34407359 0.34407354 0.34405914 0.3440591  0.3439839  0.34398389 0.34398379 0.34396219 0.34391363 0.34389203 0.34384347 0.34382187 0.34377331 0.34375171 0.34370315 0.34368155 0.34363299 0.34352019 0.34352014 0.34352013 0.34350573 0.34350568 0.34349128 0.34349124 0.34341604 0.34341599 0.34341596 0.34340156 0.34340151 0.34338711 0.34338706 0.34328306 0.34328301 0.34328301 0.34316781 0.3431678  0.34316776 0.34305256 0.34305255 0.34305251 0.34305246 0.34305243 0.34293723 0.3429372  0.342822   0.34282198 0.34282193 0.34282189 0.34280749 0.34280744 0.34279304 0.34279299 0.34277859 0.34277855 0.34276415 0.3427641  0.3426601  0.34266005 0.34266004 0.34254484 0.3425448  0.3424296  0.34242956 0.34231436 0.34231432 0.34191112 0.34191107 0.34191101 0.34189661 0.34189656 0.34188216 0.34188211 0.34186771 0.34186766 0.34185326 0.34185321 0.34183881 0.34183876 0.34176356 0.34176351 0.3417635  0.34176346 0.34174906 0.34174901 0.34173461 0.34173456 0.34165936 0.34165932 0.3416593  0.3415441  0.34154406 0.34142886 0.34142882 0.34131362 0.34131359 0.34082399 0.34082397 0.34082396 0.34070876 0.34070872 0.34059352 0.34059348 0.34047828 0.34047824 0.34036304 0.340363   0.3402478  0.34024776 0.34       0.33982536 0.33982534 0.3398253  0.3397101  0.33971006 0.33959486 0.33959482 0.33947962 0.33947959 0.33936439 0.33936435 0.33924915 0.33924911 0.33884911 0.33884909 0.33884905 0.33873385 0.33873381 0.33861861 0.33861858 0.33850338 0.33850334 0.33838814 0.3383881  0.3382729  0.33827286 0.33780886 0.33780885 0.33780875 0.33779876 0.33777716 0.3377286  0.337707   0.33765844 0.33763684 0.33758828 0.33756668 0.33751812 0.33749652 0.33744796 0.33733516 0.33733511 0.33733508 0.33721988 0.33721984 0.33710464 0.33710461 0.33698941 0.33698937 0.33668857 0.33668852 0.33668852 0.33667412 0.33667391 0.33667387 0.33665947 0.33665927 0.33665923 0.33658403 0.33658398 0.33658394 0.33656954 0.33656949 0.33655509 0.33655504 0.33645104 0.33645099 0.33645096 0.33633576 0.33633572 0.33622052 0.33622049 0.33610529 0.33610525 0.33570205 0.335702   0.33570198 0.33558678 0.33558675 0.33547155 0.33547151 0.33501711 0.33501706 0.33501706 0.33500266 0.33500261 0.335      0.33498821 0.33498816 0.33491296 0.33491291 0.33491291 0.33489851 0.33489846 0.33488406 0.33488401 0.33480881 0.33480878 0.33480874 0.33469354 0.3346935  0.3345783  0.33457826 0.33446306 0.33446303 0.33434783 0.33434779 0.33402139 0.33402137 0.33402133 0.33390613 0.3339061  0.3337909  0.33379086 0.33367566 0.33367562 0.33356042 0.33356038 0.33344518 0.33344514 0.33319554 0.33319553 0.33319543 0.33317383 0.33312527 0.33310367 0.33305511 0.33303351 0.33298495 0.33296335 0.33291479 0.33289319 0.33284463 0.33273183 0.33273178 0.33273178 0.33261658 0.33261654 0.33250134 0.3325013  0.33250125 0.33250107 0.33250103 0.33238583 0.33238579 0.33227059 0.33227055 0.33178415 0.3317841  0.33178408 0.33166888 0.33166885 0.33155365 0.33155361 0.33119841 0.33119836 0.33119833 0.33118393 0.33118388 0.33116948 0.33116943 0.33109423 0.33109418 0.33109416 0.33097896 0.33097892 0.33086372 0.33086368 0.33039648 0.33039643 0.33039641 0.33038201 0.33038197 0.33036757 0.33036752 0.33035312 0.33035307 0.33024907 0.33024902 0.33024898 0.33013378 0.33013374 0.33001854 0.3300185  0.33       0.3299033  0.32990327 0.32961527 0.32961522 0.3296152  0.3295     0.32949996 0.32938476 0.32938472 0.32926952 0.32926948 0.32902308 0.32902303 0.32902303 0.32900863 0.32900859 0.32899419 0.32899414 0.32889014 0.32889    0.32888995 0.32881475 0.32881475 0.32881467 0.32869947 0.32869946 0.32867786 0.3286293  0.3286077  0.32855914 0.32853754 0.32848898 0.32846738 0.32841882 0.32839722 0.32834866 0.32823586 0.32823581 0.3282358  0.3281206  0.32812056 0.32800536 0.32800533 0.32800528 0.32800526 0.32799086 0.32799081 0.32797641 0.32797636 0.32796196 0.32796192 0.32785792 0.32785787 0.32785772 0.32785769 0.32774249 0.32774245 0.327698   0.32769795 0.32769792 0.32768352 0.32768347 0.32766907 0.32766902 0.32765462 0.32765457 0.32764017 0.32764013 0.32756493 0.32756488 0.32756485 0.32744965 0.32744961 0.32733441 0.3273344  0.32733435 0.32733432 0.32731992 0.32731987 0.32730547 0.32730542 0.32729102 0.32729097 0.32727657 0.32727652 0.32717252 0.32717247 0.32717246 0.32705726 0.32705725 0.32705721 0.32694201 0.32694201 0.32694199 0.32694194 0.32694192 0.32692752 0.32692748 0.32691308 0.32691303 0.32689863 0.32689858 0.32688418 0.32688413 0.32678013 0.32678008 0.32678004 0.32676564 0.32676559 0.32675119 0.32675114 0.32667594 0.32667589 0.32667587 0.32666147 0.32666142 0.32664702 0.32664698 0.32657178 0.32657177 0.32657167 0.32655007 0.32650151 0.32647991 0.32643135 0.32640975 0.32636119 0.32633959 0.32629103 0.32626943 0.32622087 0.32610807 0.32610802 0.32610798 0.32599278 0.32599275 0.32587755 0.32587751 0.32576231 0.32576227 0.32534627 0.32534622 0.32534621 0.32523101 0.32523097 0.32511577 0.32511573 0.325      0.32478933 0.32478928 0.32478927 0.32467407 0.32467403 0.32455883 0.3245588  0.3241652  0.32416515 0.32416494 0.3241649  0.3240497  0.32404966 0.32393446 0.32393442 0.32381922 0.32381919 0.32356319 0.32356314 0.32356311 0.32344791 0.32344787 0.32333267 0.32333263 0.32300303 0.32300298 0.32300295 0.32298855 0.32298851 0.32291331 0.32291326 0.32291321 0.32289881 0.32289877 0.32288437 0.32288432 0.32278032 0.32278027 0.32278025 0.32276585 0.3227658  0.3227514  0.32275135 0.32264735 0.3226473  0.32264729 0.32253209 0.32253205 0.32241685 0.32241681 0.32230161 0.32230157 0.32195597 0.32195592 0.3219559  0.3219415  0.32194145 0.32192705 0.321927   0.3218518  0.32185175 0.32185172 0.32183732 0.32183727 0.32182287 0.32182282 0.32174762 0.3217475  0.3217475  0.3217331  0.32173305 0.32171865 0.3217186  0.3217042  0.32170415 0.32160015 0.32160014 0.32160007 0.32158567 0.32158562 0.32157122 0.32157117 0.32155677 0.32155672 0.32154232 0.32154228 0.32152788 0.32152783 0.32142383 0.32142383 0.32142373 0.32140213 0.32135357 0.32133197 0.32128341 0.32126181 0.32121325 0.32119165 0.32114309 0.32112149 0.32107293 0.32096013 0.32096008 0.32096005 0.32094565 0.3209456  0.3209312  0.32093115 0.32082715 0.3208271  0.32082708 0.32081268 0.32081264 0.32079824 0.32079819 0.32078379 0.32078374 0.32067974 0.32067969 0.32067966 0.32066526 0.32066522 0.32065082 0.32065077 0.32054677 0.32054672 0.32054667 0.32053227 0.32053223 0.32051783 0.32051778 0.32050338 0.32050333 0.32042813 0.32042808 0.32042787 0.32042783 0.32031263 0.3203126  0.3201974  0.32019736 0.32008216 0.32008212 0.32       0.31968852 0.31968847 0.31968847 0.31967407 0.31967402 0.31965962 0.31965957 0.31964517 0.31964512 0.31954112 0.31954107 0.31954107 0.31942587 0.31942583 0.31931063 0.31931059 0.31884979 0.31884974 0.31884973 0.31873453 0.31873449 0.31861929 0.31861925 0.31837605 0.318376   0.318376   0.3183616  0.31836155 0.31834715 0.3183471  0.3182719  0.31827189 0.31827184 0.31825744 0.31825739 0.31824299 0.31824294 0.31822854 0.31822849 0.31821409 0.31821405 0.31819965 0.3181996  0.3180956  0.31809558 0.31809552 0.31798032 0.31798029 0.31786509 0.31786505 0.31774985 0.31774981 0.31763461 0.31763457 0.31751937 0.31751933 0.31723133 0.31723133 0.31723123 0.31720963 0.31716107 0.31713947 0.31709091 0.31706931 0.31702075 0.31699915 0.31695059 0.31692899 0.31688043 0.31676763 0.31676758 0.31676758 0.31676753 0.31675313 0.31675308 0.31673868 0.31673863 0.31663463 0.31663458 0.31663456 0.31662016 0.31662011 0.31660571 0.31660566 0.31659126 0.31659122 0.31651602 0.31651597 0.31651595 0.31640075 0.31640071 0.31628551 0.31628547 0.31617027 0.31617023 0.31583743 0.31583738 0.31583735 0.31572215 0.31572212 0.31560692 0.31560688 0.31521328 0.31521323 0.31521321 0.31509801 0.31509798 0.315      0.31498278 0.31498274 0.31448674 0.31448669 0.31448666 0.31447226 0.31447221 0.31445781 0.31445776 0.31444336 0.31444331 0.31436811 0.31436806 0.31436805 0.31435365 0.3143536  0.3143392  0.31433915 0.31423515 0.3142351  0.31423508 0.31422068 0.31422063 0.31420623 0.31420619 0.31413099 0.31413094 0.3141309  0.3141165  0.31411645 0.31410205 0.31410201 0.31399801 0.31399799 0.31399793 0.31388273 0.31388269 0.31376749 0.31376745 0.31365225 0.31365221 0.31353701 0.31353697 0.31342177 0.31342173 0.31298013 0.31298013 0.31298003 0.31295843 0.31290987 0.31288827 0.31283971 0.31281811 0.31276955 0.31274795 0.31269939 0.31267779 0.31262923 0.31251643 0.31251638 0.31251636 0.31250196 0.31250192 0.31248752 0.31248747 0.31238347 0.31238342 0.31238338 0.31236898 0.31236876 0.31236872 0.31235432 0.3123541  0.31235406 0.31227886 0.31227881 0.3122788  0.3122644  0.31226435 0.31224995 0.3122499  0.3121459  0.31214585 0.31214585 0.31213145 0.3121314  0.312117   0.31211695 0.31201295 0.3120129  0.3120129  0.3118977  0.31189766 0.31178246 0.31178242 0.31134722 0.31134717 0.31134717 0.31123197 0.31123193 0.31111673 0.3111167  0.31111665 0.31111663 0.31110223 0.31110219 0.31099819 0.31099814 0.31099813 0.3109981  0.3108829  0.31088286 0.31076766 0.31076762 0.31065242 0.31065238 0.31026838 0.31026833 0.31026831 0.31015311 0.31015308 0.31003788 0.31003784 0.31       0.30972744 0.30972739 0.30972739 0.30971299 0.30971294 0.30969854 0.30969849 0.30968409 0.30968404 0.30960884 0.30960879 0.30960879 0.30959439 0.30959434 0.30957994 0.30957989 0.30950469 0.30950459 0.30950453 0.30938933 0.30938929 0.30927409 0.30927406 0.30915886 0.30915882 0.30904362 0.30904358 0.30892838 0.30892834 0.30843874 0.30843873 0.30843865 0.30832345 0.30832341 0.30820821 0.30820818 0.30809298 0.30809294 0.30797774 0.3079777  0.3078625  0.30786246 0.30752966 0.30752964 0.30752957 0.30741437 0.30741433 0.30729913 0.30729909 0.30718389 0.30718385 0.30706865 0.30706861 0.30695341 0.30695337 0.30650857 0.30650857 0.30650847 0.30648687 0.30643831 0.30641671 0.30636815 0.30634655 0.30629799 0.30627639 0.30622783 0.30620623 0.30615767 0.30604487 0.30604482 0.30604482 0.30592962 0.30592958 0.30581438 0.30581434 0.30555834 0.30555829 0.30555825 0.30554385 0.30554381 0.30552941 0.30552936 0.30545416 0.30545411 0.3054541  0.3054397  0.30543965 0.30542525 0.3054252  0.3053212  0.30532115 0.30532114 0.30530674 0.30530669 0.30529229 0.30529224 0.30518824 0.30518819 0.30518817 0.30517377 0.30517373 0.30515933 0.30515928 0.30505528 0.30505523 0.30505519 0.305      0.30493999 0.30493996 0.30482476 0.30482472 0.30453032 0.30453027 0.30453024 0.30451584 0.3045158  0.3045014  0.30450135 0.30442615 0.3044261  0.30442609 0.30431089 0.30431085 0.30419565 0.30419561 0.30372521 0.30372519 0.30372514 0.30371074 0.30371069 0.30369629 0.30369624 0.30368184 0.30368179 0.30366739 0.30366734 0.30365294 0.30365289 0.30357769 0.30357768 0.30357758 0.30355598 0.30350742 0.30348582 0.30343726 0.30341566 0.3033671  0.3033455  0.30329694 0.30327534 0.30322678 0.30311398 0.30311393 0.30311393 0.30309953 0.30309948 0.30308508 0.30308503 0.30298103 0.30298098 0.30298092 0.30298088 0.30286568 0.30286564 0.30275044 0.3027504  0.3022768  0.30227675 0.3022767  0.30227666 0.30216146 0.30216143 0.30204623 0.30204619 0.30193099 0.30193095 0.30153735 0.3015373  0.30153727 0.30142207 0.30142203 0.30130683 0.3013068  0.3009644  0.30096435 0.30096433 0.30084913 0.30084909 0.30073389 0.30073385 0.30031465 0.3003146  0.3003146  0.3001994  0.30019936 0.30008416 0.30008412 0.30008407 0.30008405 0.30006965 0.3000696  0.3000552  0.30005515 0.30004075 0.3000407  0.3000263  0.30002625 0.3        0.29992225 0.2999222  0.29992211 0.29992207 0.29980687 0.29980683 0.29969163 0.2996916  0.2992084  0.29920835 0.2992083  0.2991939  0.29919385 0.29917945 0.2991794  0.2991042  0.29910416 0.29910414 0.29908974 0.29908974 0.29908969 0.29907529 0.29907528 0.29907524 0.29905364 0.29900508 0.29898348 0.29893492 0.29891332 0.29886476 0.29884316 0.2987946  0.298773   0.29872444 0.29861164 0.29861159 0.29861156 0.29859716 0.29859711 0.29858271 0.29858266 0.29847866 0.29847861 0.29847858 0.29846418 0.29846413 0.29844973 0.29844968 0.29834568 0.29834563 0.2983456  0.2982304  0.29823036 0.29811516 0.29811512 0.29771192 0.29771187 0.29771184 0.29759664 0.2975966  0.2974814  0.29748136 0.29736616 0.29736612 0.29697892 0.29697887 0.29697883 0.29686363 0.2968636  0.2967484  0.29674839 0.29674834 0.2967483  0.2967339  0.29673385 0.29662985 0.2966298  0.29662973 0.29662969 0.29651449 0.29651445 0.29643551 0.29643546 0.29643544 0.29642104 0.29642099 0.29640659 0.29640655 0.29639215 0.2963921  0.2963777  0.29637765 0.29627365 0.2962736  0.29627358 0.29615838 0.29615834 0.29604314 0.2960431  0.2959279  0.29592786 0.29559506 0.29559501 0.295595   0.2955806  0.29558055 0.29556615 0.2955661  0.2955517  0.29555165 0.29544765 0.2954476  0.29544758 0.29543318 0.29543313 0.29541873 0.29541868 0.29531468 0.29531458 0.29531454 0.29530014 0.29530009 0.29528569 0.29528564 0.29527124 0.29527119 0.29516719 0.29516719 0.29516709 0.29514549 0.29509693 0.29507533 0.29502677 0.29500517 0.295      0.29495661 0.29493501 0.29488645 0.29486485 0.29481629 0.29470349 0.29470344 0.29470342 0.29468902 0.29468897 0.29467457 0.29467453 0.29459933 0.29459928 0.29459926 0.29448406 0.29448402 0.29436882 0.29436878 0.29425358 0.29425354 0.29393354 0.29393349 0.29393339 0.29393334 0.29393331 0.29391891 0.29391886 0.29390446 0.29390441 0.29389001 0.29388996 0.29387556 0.29387551 0.29377151 0.29377146 0.29377143 0.29375703 0.29375698 0.29374258 0.29374253 0.29372813 0.29372809 0.29365289 0.29365284 0.29365274 0.29359746 0.29359741 0.29359656 0.2935965  0.29359645 0.29359643 0.29348123 0.29348119 0.29310359 0.29310354 0.29310354 0.29308914 0.29308911 0.29308909 0.29297389 0.29297388 0.29295948 0.29295946 0.29295943 0.29284423 0.29284422 0.29282982 0.2928298  0.29282978 0.29271458 0.29271456 0.29263936 0.29263931 0.29263931 0.29262491 0.29262486 0.29261046 0.29261041 0.29259601 0.29259596 0.29249196 0.29249192 0.2924919  0.2923767  0.29237666 0.29226146 0.29226142 0.29214622 0.29214618 0.29185178 0.29185178 0.29185168 0.29183008 0.29178152 0.29175992 0.29171136 0.29168976 0.2916412  0.2916196  0.29157104 0.29154944 0.29150088 0.29138808 0.29138803 0.29138802 0.29127282 0.29127279 0.29115759 0.29115755 0.29070955 0.2907095  0.29070948 0.29059428 0.29059424 0.29047904 0.290479   0.2903638  0.29036376 0.29005336 0.29005331 0.29005329 0.29003889 0.29003884 0.29002444 0.29002439 0.29       0.28992039 0.28992034 0.28992034 0.28980514 0.2898051  0.2896899  0.28968986 0.28957466 0.28957462 0.28912662 0.28912657 0.28912656 0.28901136 0.28901132 0.28889612 0.28889608 0.28849608 0.28849603 0.28849599 0.28848159 0.28848154 0.28846714 0.28846709 0.28839189 0.28839184 0.28839184 0.28837744 0.28837739 0.28836299 0.28836294 0.28825894 0.28825889 0.28825886 0.28814366 0.28814362 0.28802842 0.28802838 0.28771478 0.28771473 0.28771472 0.28770032 0.28770027 0.28768587 0.28768582 0.28767142 0.28767137 0.28759617 0.28759612 0.28759611 0.28758171 0.28758166 0.28756726 0.28756721 0.28755281 0.28755276 0.28744876 0.28744865 0.2874486  0.2874342  0.28743415 0.28741975 0.2874197  0.2874053  0.28740525 0.28739085 0.2873908  0.2873764  0.28737636 0.28727236 0.28727234 0.28727225 0.28718199 0.28716039 0.28711183 0.28709023 0.28704167 0.28702007 0.28697151 0.28694991 0.28690135 0.28687975 0.28683119 0.28671839 0.28671834 0.28671831 0.28660311 0.28660307 0.28648787 0.28648783 0.28637263 0.28637259 0.28610379 0.28610374 0.28610374 0.28598854 0.2859885  0.2858733  0.28587326 0.28575806 0.28575802 0.28533242 0.28533237 0.28533218 0.28533215 0.28521695 0.28521691 0.28510171 0.28510167 0.285      0.28462807 0.28462802 0.284628   0.2846136  0.28461355 0.28459915 0.28459911 0.28449511 0.28449506 0.28449496 0.28449492 0.28448052 0.28448032 0.28448028 0.28446588 0.28446568 0.28446564 0.28436164 0.28436159 0.28436159 0.28434719 0.28434714 0.28433274 0.28433269 0.28431829 0.28431824 0.28424304 0.28424299 0.28424297 0.28412777 0.28412774 0.28401254 0.2840125  0.2838973  0.28389726 0.28360926 0.28360921 0.28360921 0.28349401 0.28349397 0.28337877 0.28337873 0.28337868 0.28337867 0.28336427 0.28336422 0.28334982 0.28334977 0.28333537 0.28333532 0.28332092 0.28332087 0.28324567 0.28324558 0.28324548 0.28322388 0.28317532 0.28315372 0.28310516 0.28308356 0.283035   0.2830134  0.28296484 0.28294324 0.28289468 0.28278188 0.28278183 0.28278181 0.28266661 0.28266658 0.28255138 0.28255134 0.28229534 0.28229529 0.28229527 0.28218007 0.28218003 0.28206483 0.2820648  0.2819496  0.28194956 0.28155276 0.28155271 0.2815527  0.2815383  0.28153825 0.28152385 0.2815238  0.2814198  0.28141975 0.28141972 0.28140532 0.28140527 0.28139087 0.28139082 0.28137642 0.28137637 0.28127237 0.28127232 0.28127231 0.28125791 0.28125786 0.28124346 0.28124341 0.28116821 0.28116816 0.28116815 0.28115375 0.2811537  0.2811393  0.28113925 0.28112485 0.2811248  0.2810208  0.28102075 0.28102075 0.28100635 0.2810063  0.2809919  0.28099185 0.28088785 0.2808878  0.28088779 0.28087339 0.28087334 0.28085894 0.2808589  0.2807549  0.28075485 0.28075483 0.28063963 0.28063959 0.28052439 0.28052435 0.28015635 0.2801563  0.2801563  0.2801419  0.28014185 0.28012745 0.2801274  0.2800522  0.28005215 0.28005215 0.28003775 0.2800377  0.2800233  0.28002325 0.28       0.27994805 0.27994804 0.27994794 0.27992634 0.27987778 0.27985618 0.27980762 0.27978602 0.27973746 0.27971586 0.2796673  0.2796457  0.27959714 0.27948434 0.27948429 0.27948425 0.27948422 0.27936902 0.27936898 0.27925378 0.27925374 0.27897854 0.27897849 0.27897826 0.27897822 0.27886302 0.27886299 0.27874779 0.27874775 0.27863255 0.27863251 0.27829011 0.27829006 0.27829004 0.27817484 0.2781748  0.2780596  0.27805956 0.27794436 0.27794432 0.27749632 0.27749627 0.27749625 0.27749621 0.27738101 0.27738097 0.27726577 0.27726573 0.27691053 0.27691048 0.27691044 0.2769104  0.2767952  0.27679516 0.27667996 0.27667992 0.27640152 0.27640147 0.27640142 0.27638702 0.27638698 0.27637258 0.27637253 0.27629733 0.27629728 0.27629728 0.27618208 0.27618204 0.27606684 0.2760668  0.2759516  0.27595156 0.27566676 0.27566671 0.27566656 0.27566652 0.27555132 0.27555128 0.27543608 0.27543604 0.27518964 0.27518959 0.27518955 0.27517515 0.2751751  0.2751607  0.27516065 0.27505665 0.2750566  0.27505658 0.27504218 0.27504213 0.27502773 0.27502768 0.275      0.27492368 0.27492363 0.27492362 0.27490922 0.27490917 0.27489477 0.27489472 0.27479072 0.27479071 0.27479066 0.27477626 0.27477621 0.27476181 0.27476176 0.27474736 0.27474732 0.27473292 0.27473287 0.27471847 0.27471842 0.27461442 0.2746144  0.27461437 0.27459997 0.27459992 0.27458552 0.27458547 0.27457107 0.27457102 0.27455662 0.27455657 0.27454217 0.27454212 0.27446692 0.27446692 0.27446682 0.27444522 0.27439666 0.27437506 0.2743265  0.2743049  0.27425634 0.27423474 0.27418618 0.27416458 0.27411602 0.27400322 0.27400317 0.27400317 0.27398877 0.27398872 0.27397432 0.27397427 0.27389907 0.27389902 0.27389899 0.27378379 0.27378375 0.27366855 0.27366855 0.2736685  0.27366847 0.27365407 0.27365402 0.27363962 0.27363957 0.27362517 0.27362512 0.27361072 0.27361067 0.27359627 0.27359622 0.27349222 0.27349217 0.27349214 0.27347774 0.27347769 0.27346329 0.27346324 0.27338804 0.27338799 0.27338796 0.27327276 0.27327272 0.27315752 0.27315748 0.27278628 0.27278623 0.27278606 0.27278602 0.27267082 0.27267078 0.27264119 0.27264114 0.27264107 0.27252587 0.27252583 0.27241063 0.2724106  0.2722954  0.27229536 0.27218016 0.27218012 0.27206492 0.27206488 0.27162008 0.27162003 0.27162002 0.27160562 0.27160557 0.27159117 0.27159112 0.27148712 0.27148707 0.27148703 0.27147263 0.27147258 0.27145818 0.27145813 0.27138293 0.2713829  0.27138289 0.27138285 0.27126765 0.27126761 0.27115241 0.27115237 0.27103717 0.27103714 0.27073634 0.27073633 0.27073626 0.27072186 0.27072181 0.27070741 0.27070736 0.27069296 0.27069292 0.27067852 0.27067847 0.27066407 0.27066402 0.27058882 0.27058882 0.27058872 0.27056712 0.27051856 0.27049696 0.2704484  0.2704268  0.27037824 0.27035664 0.27030808 0.27028648 0.27023792 0.27012512 0.27012507 0.27012504 0.27000984 0.2700098  0.27       0.2698946  0.26989456 0.26977936 0.26977933 0.26966413 0.26966409 0.26938889 0.26938884 0.26938882 0.26927362 0.26927359 0.26915839 0.26915835 0.26904315 0.26904311 0.26879671 0.26879666 0.26879664 0.26868144 0.2686814  0.2685662  0.26856616 0.26845096 0.26845093 0.26807333 0.26807328 0.26807324 0.26805884 0.26805879 0.26804439 0.26804434 0.26794034 0.26794029 0.26794028 0.26782508 0.26782508 0.26781068 0.26781064 0.26769544 0.26769544 0.26768104 0.267681   0.267393   0.26739297 0.26728897 0.26728892 0.2672888  0.26728876 0.26717356 0.26717352 0.26705832 0.26705828 0.26681828 0.26681823 0.2668182  0.266703   0.26670296 0.26658776 0.26658772 0.26630932 0.26630927 0.26630926 0.26629486 0.26629481 0.26628041 0.26628036 0.26617636 0.26617631 0.26617631 0.26616191 0.26616186 0.26614746 0.26614741 0.26607221 0.26607212 0.26607202 0.26605042 0.26600186 0.26598026 0.2659317  0.2659101  0.26586154 0.26583994 0.26579138 0.26576978 0.26572122 0.26560842 0.26560837 0.26560835 0.26549315 0.26549311 0.26537791 0.26537787 0.26500347 0.26500342 0.26500336 0.26500332 0.265      0.26488812 0.26488808 0.26477288 0.26477285 0.26439205 0.264392   0.26439198 0.26427678 0.26427674 0.26416154 0.2641615  0.2640463  0.26404626 0.26365266 0.26365261 0.2636526  0.2635374  0.26353736 0.26342216 0.26342212 0.26294212 0.26294207 0.26294205 0.26292765 0.26292761 0.26291321 0.26291316 0.26283796 0.26283791 0.26283788 0.26282348 0.26282343 0.26280903 0.26280898 0.26279458 0.26279453 0.26269053 0.26269048 0.26269047 0.26267607 0.26267603 0.26266163 0.26266158 0.26255758 0.26255753 0.26255752 0.26244232 0.26244228 0.26232708 0.26232704 0.26196544 0.26196539 0.26196538 0.26195098 0.26195093 0.26193653 0.26193649 0.26192209 0.26192204 0.26184684 0.26184679 0.26184678 0.26173158 0.26173154 0.26161634 0.2616163  0.2613059  0.26130582 0.26130582 0.26120182 0.26120181 0.26120175 0.26118735 0.2611873  0.2611729  0.26117285 0.26115845 0.2611584  0.261144   0.26114396 0.26112956 0.26112951 0.26105431 0.2610543  0.2610542  0.2610326  0.26098404 0.26096244 0.26091388 0.26089228 0.26084372 0.26082212 0.26077356 0.26075196 0.2607034  0.2605906  0.26059055 0.26059055 0.26057615 0.2605761  0.2605617  0.26056165 0.26054725 0.26054721 0.26044321 0.26044316 0.26044314 0.26032794 0.2603279  0.2602127  0.26021266 0.26       0.25979026 0.25979021 0.25979018 0.25967498 0.25967494 0.25955974 0.25955971 0.25912451 0.25912446 0.25912443 0.25911003 0.25910998 0.25909558 0.25909553 0.25902033 0.25902028 0.25902023 0.25900583 0.25900579 0.25899139 0.25899134 0.25888734 0.25888729 0.25888728 0.25877208 0.25877204 0.25865684 0.2586568  0.2582856  0.25828555 0.25828552 0.25817032 0.25817028 0.25805508 0.25805504 0.25774144 0.25774139 0.25774138 0.25772698 0.25772693 0.25771253 0.25771249 0.25760849 0.25760844 0.25760841 0.25759401 0.25759396 0.25757956 0.25757951 0.25750431 0.25750426 0.25750425 0.25748985 0.2574898  0.2574754  0.25747535 0.25740015 0.25740014 0.25740011 0.25728491 0.25728487 0.25716967 0.25716963 0.25705443 0.25705439 0.25693919 0.25693915 0.25682395 0.25682391 0.25637591 0.2563759  0.2563758  0.2563542  0.25630564 0.25628404 0.25623548 0.25621388 0.25616532 0.25614372 0.25609516 0.25607356 0.256025   0.2559122  0.25591215 0.25591213 0.25589773 0.25589768 0.25588328 0.25588323 0.25577923 0.25577918 0.25577915 0.25566395 0.25566391 0.25554871 0.25554867 0.25518387 0.25518382 0.25518382 0.25506862 0.25506858 0.255      0.25495338 0.25495334 0.25454694 0.25454689 0.25454685 0.25443165 0.25443165 0.25441725 0.25441722 0.25430202 0.25430201 0.25428761 0.25428758 0.25401558 0.25401554 0.25400114 0.25400109 0.25398669 0.25398664 0.25391144 0.25391139 0.25391138 0.25379618 0.25379614 0.25368094 0.25368091 0.25356571 0.25356567 0.25312727 0.25312722 0.25312718 0.25301198 0.25301194 0.25289674 0.2528967  0.2525223  0.25252225 0.25252225 0.25240705 0.25240701 0.25229181 0.25229177 0.25182457 0.25182452 0.2518245  0.2518101  0.25181006 0.25179566 0.25179561 0.25169161 0.25169156 0.25169154 0.2516915  0.2515763  0.25157626 0.25146106 0.25146102 0.25104822 0.25104817 0.25104815 0.25103375 0.2510337  0.2510193  0.25101925 0.25100485 0.2510048  0.2509296  0.2509296  0.2509295  0.2509079  0.25085934 0.25083774 0.25078918 0.25076758 0.25071902 0.25069742 0.25064886 0.25062726 0.2505787  0.2504659  0.25046585 0.25046585 0.25035065 0.25035061 0.25023541 0.25023537 0.25       0.24991537 0.24991532 0.24991532 0.24990092 0.24990087 0.24988647 0.24988642 0.24981122 0.24981117 0.24981116 0.24969596 0.24969592 0.24958072 0.24958068 0.24946548 0.24946544 0.24913904 0.24913899 0.24913898 0.24902378 0.24902374 0.24890854 0.2489085  0.2486589  0.24865885 0.24865882 0.24864442 0.24864437 0.24854037 0.24854032 0.2485403  0.2484251  0.24842506 0.24830986 0.24830983 0.24790023 0.24790018 0.24790017 0.24788577 0.24788572 0.24787132 0.24787127 0.24779607 0.24779602 0.24779601 0.24778161 0.24778156 0.24776716 0.24776712 0.24766312 0.24766307 0.24766304 0.24764864 0.24764859 0.24763419 0.24763414 0.24753014 0.24753009 0.24753008 0.24751568 0.24751563 0.24750123 0.24750118 0.24748678 0.24748673 0.24741153 0.24741148 0.24741144 0.24739704 0.24739699 0.24738259 0.24738254 0.24736814 0.24736809 0.24726409 0.24726399 0.24726395 0.24724955 0.2472495  0.2472351  0.24723505 0.24722065 0.2472206  0.2472062  0.24720615 0.24719175 0.24719171 0.24708771 0.2470877  0.24708762 0.24707322 0.24707317 0.24705877 0.24705872 0.24704432 0.24704428 0.24702988 0.24702983 0.24701543 0.24701538 0.24691138 0.24691137 0.24691129 0.24679609 0.24679608 0.24677448 0.24672592 0.24670432 0.24665576 0.24663416 0.2465856  0.246564   0.24651544 0.24649384 0.24644528 0.24633248 0.24633243 0.2463324  0.2462172  0.24621716 0.24610196 0.24610192 0.24585552 0.24585547 0.24585545 0.24584105 0.245841   0.2458266  0.24582655 0.24572255 0.2457225  0.24572249 0.24560729 0.24560725 0.24549205 0.24549202 0.24549197 0.24549194 0.24537674 0.2453767  0.2452615  0.24526147 0.24514627 0.24514623 0.245      0.24481023 0.24481018 0.24481014 0.24469494 0.2446949  0.2445797  0.24457967 0.24433967 0.24433962 0.24433961 0.24422441 0.24422437 0.24410917 0.24410913 0.24399393 0.24399389 0.24361309 0.24361304 0.24361302 0.24349782 0.24349778 0.24338258 0.24338254 0.24326734 0.2432673  0.2428321  0.24283205 0.24283202 0.24281762 0.24281757 0.24271357 0.24271352 0.24271352 0.24269912 0.24269907 0.24268467 0.24268462 0.24260942 0.24260941 0.24260939 0.24249419 0.24249415 0.24237895 0.24237891 0.24226371 0.24226368 0.24214848 0.24214844 0.24203324 0.2420332  0.241774   0.24177399 0.24177395 0.24175955 0.2417595  0.2417451  0.24174505 0.24173065 0.2417306  0.2417162  0.24171615 0.24170175 0.2417017  0.2416265  0.24162649 0.24162641 0.24151121 0.2415112  0.2414896  0.24144104 0.24141944 0.24137088 0.24134928 0.24130072 0.24127912 0.24123056 0.24120896 0.2411604  0.2410476  0.24104755 0.24104751 0.24103311 0.24103306 0.24101866 0.24101862 0.24100422 0.24100417 0.24090017 0.24090012 0.24090012 0.24088572 0.24088567 0.24087127 0.24087122 0.24085682 0.24085677 0.24075277 0.24075272 0.24075271 0.24073831 0.24073826 0.24072386 0.24072381 0.24061981 0.24061976 0.24061975 0.24050455 0.24050452 0.24038932 0.24038928 0.24009168 0.24009163 0.2400916  0.2400772  0.24007715 0.24006275 0.24006271 0.24       0.23998751 0.23998746 0.23998744 0.23987224 0.2398722  0.239757   0.23975696 0.23964176 0.23964173 0.23930893 0.23930888 0.23930886 0.23929446 0.23929442 0.23928002 0.23927997 0.23917597 0.23917592 0.23917587 0.23916147 0.23916142 0.23914702 0.23914697 0.23907177 0.23907172 0.2390717  0.2390573  0.23905728 0.23905723 0.23904283 0.23904281 0.23904276 0.23893876 0.23893864 0.23893861 0.23892421 0.2389241  0.23892406 0.23880886 0.23880882 0.23869362 0.23869358 0.23857838 0.23857834 0.23830314 0.23830302 0.23830301 0.23830298 0.23818778 0.23818774 0.23807254 0.2380725  0.2379573  0.23795726 0.23784206 0.23784202 0.23744202 0.23744202 0.23744192 0.23742032 0.23737176 0.23735016 0.2373016  0.23728    0.23723144 0.23720984 0.23716128 0.23713968 0.23709112 0.23697832 0.23697827 0.23697822 0.23696382 0.23696377 0.23685977 0.23685972 0.2368597  0.2367445  0.23674447 0.23662927 0.23662923 0.23651403 0.23651399 0.23608199 0.23608194 0.23608193 0.23596673 0.23596669 0.23585149 0.23585145 0.23537145 0.2353714  0.23537139 0.23525619 0.23525615 0.23514095 0.23514091 0.23502571 0.23502568 0.235      0.23469288 0.23469283 0.2346928  0.2346784  0.23467835 0.23466395 0.2346639  0.2345887  0.23458865 0.23458862 0.23457422 0.23457417 0.23455977 0.23455972 0.23454532 0.23454528 0.23444128 0.23444123 0.2344412  0.2344268  0.23442675 0.23441235 0.23441231 0.23433711 0.23433706 0.23433704 0.23422184 0.2342218  0.2341066  0.23410657 0.23366497 0.2336649  0.23366487 0.23358967 0.23358965 0.23358959 0.23347439 0.23347435 0.23335915 0.23335911 0.23324391 0.23324387 0.23312867 0.23312863 0.23301343 0.23301339 0.23269019 0.23269019 0.23269009 0.23266849 0.23261993 0.23259833 0.23254977 0.23252817 0.23247961 0.23245801 0.23240945 0.23238785 0.23233929 0.23222649 0.23222644 0.23222643 0.23211123 0.23211119 0.23199599 0.23199595 0.23152235 0.2315223  0.23152227 0.23140707 0.23140703 0.23129183 0.2312918  0.2311766  0.23117656 0.23075736 0.23075731 0.2307573  0.2306421  0.23064206 0.23052686 0.23052682 0.23017482 0.23017477 0.2301747  0.23017466 0.23005946 0.23005942 0.23       0.22997965 0.2299796  0.22997957 0.22987557 0.22987552 0.22987552 0.22986112 0.22986107 0.22984667 0.22984662 0.22983222 0.22983217 0.22972817 0.22972812 0.22972812 0.22961292 0.22961288 0.22949768 0.22949764 0.22904324 0.22904319 0.22904319 0.22902879 0.22902874 0.22901434 0.22901429 0.22891029 0.22891024 0.2289102  0.2288958  0.22889575 0.22888135 0.2288813  0.2288061  0.22880605 0.22880602 0.22879162 0.22879157 0.22877717 0.22877712 0.22867312 0.22867304 0.22867294 0.22865134 0.22860278 0.22858118 0.22853262 0.22851102 0.22846246 0.22844086 0.2283923  0.2283707  0.22832214 0.22820934 0.22820929 0.22820927 0.22809407 0.22809403 0.22797883 0.22797879 0.22754039 0.22754034 0.22754031 0.22742511 0.22742507 0.22730987 0.22730983 0.22719463 0.22719459 0.22675619 0.22675614 0.22675614 0.22664094 0.2266409  0.2265257  0.22652566 0.22641046 0.22641042 0.22592402 0.22592397 0.22592397 0.22580877 0.22580873 0.22569353 0.22569349 0.22538629 0.22538624 0.22538622 0.22537182 0.2253718  0.22537175 0.22535735 0.22535733 0.22535728 0.22525328 0.22525323 0.22525322 0.22513802 0.22513798 0.22502278 0.22502274 0.225      0.22453314 0.22453309 0.22453306 0.22441786 0.22441782 0.22430262 0.22430258 0.22418738 0.22418734 0.22386414 0.22386409 0.22386391 0.22386387 0.22374867 0.22374863 0.22363343 0.2236334  0.2235182  0.22351816 0.22314696 0.22314691 0.2231469  0.2231325  0.22313245 0.22311805 0.22311801 0.22304281 0.22304276 0.22304275 0.22302835 0.2230283  0.2230139  0.22301385 0.22293865 0.22293856 0.2229385  0.2229241  0.22292405 0.22290965 0.2229096  0.2228952  0.22289515 0.22288075 0.22288071 0.22286631 0.22286626 0.22276226 0.22276225 0.22276215 0.22274055 0.22269199 0.22267039 0.22262183 0.22260023 0.22255167 0.22253007 0.22248151 0.22245991 0.22241135 0.22229855 0.2222985  0.2222985  0.2222841  0.22228405 0.22226965 0.2222696  0.2221656  0.22216555 0.22216555 0.22215115 0.2221511  0.2221367  0.22213666 0.22212226 0.22212221 0.22201821 0.22201816 0.22201812 0.22190292 0.22190288 0.22178768 0.22178764 0.22140364 0.22140359 0.22140358 0.22128838 0.22128834 0.22117314 0.2211731  0.2208787  0.22087865 0.2208786  0.2208642  0.22086416 0.22084976 0.22084971 0.22077451 0.22077446 0.22077444 0.22076004 0.22075999 0.22074559 0.22074554 0.22064154 0.22064149 0.22064149 0.22052629 0.22052625 0.22041105 0.22041101 0.22029581 0.22029577 0.22002697 0.22002692 0.22002691 0.22001251 0.22001246 0.22       0.21999806 0.21999801 0.21989401 0.21989396 0.21989393 0.21987953 0.21987949 0.21986509 0.21986504 0.21978984 0.21978979 0.21978978 0.21967458 0.21967455 0.21955935 0.21955931 0.21955927 0.21955925 0.21954485 0.2195448  0.2195304  0.21953035 0.21951595 0.2195159  0.2195015  0.21950145 0.21948705 0.21948701 0.21938301 0.219383   0.21938293 0.21936853 0.21936848 0.21935408 0.21935403 0.21933963 0.21933958 0.21932518 0.21932513 0.21931073 0.21931069 0.21920669 0.21920668 0.21920661 0.21909141 0.21909137 0.21897617 0.21897613 0.21886093 0.21886089 0.21874569 0.21874565 0.21863045 0.21863042 0.21816322 0.2181632  0.21816315 0.21814875 0.2181487  0.2181343  0.21813425 0.21811985 0.2181198  0.2181054  0.21810536 0.21809096 0.21809091 0.21801571 0.2180157  0.21801561 0.21800121 0.21800116 0.21798676 0.21798671 0.21797231 0.21797226 0.21795786 0.21795781 0.21794341 0.21794337 0.21783937 0.21783935 0.21783927 0.21772407 0.21772403 0.21760883 0.21760879 0.21749359 0.21749355 0.21737835 0.21737831 0.21726311 0.21726308 0.21692708 0.21692707 0.21692701 0.21681181 0.21681177 0.21669657 0.21669653 0.21658133 0.21658129 0.21646609 0.21646605 0.21635085 0.21635081 0.21599241 0.2159924  0.21599237 0.21597797 0.21597792 0.21596352 0.21596348 0.21594908 0.21594903 0.21593463 0.21593458 0.21592018 0.21592013 0.21581613 0.21581611 0.21581604 0.21570084 0.2157008  0.2155856  0.21558557 0.21547037 0.21547033 0.21535513 0.21535509 0.21523989 0.21523985 0.215      0.21474385 0.21474385 0.21474377 0.21462857 0.21462853 0.21451333 0.21451329 0.21439809 0.21439805 0.21428285 0.21428282 0.21416762 0.21416758 0.21382838 0.21382836 0.2138283  0.2137131  0.21371307 0.21369147 0.21364291 0.21362131 0.21357275 0.21355115 0.21350259 0.21348099 0.21343243 0.21341083 0.21336227 0.21324947 0.21324942 0.21324942 0.21313422 0.21313418 0.21301898 0.21301894 0.21272454 0.21272441 0.21272439 0.21260919 0.21260915 0.21249395 0.21249391 0.21237871 0.21237868 0.21226348 0.21226344 0.21199144 0.21199131 0.21187611 0.21187607 0.2117835  0.21178348 0.21178337 0.21178333 0.21166813 0.21166809 0.21140889 0.21140889 0.21140879 0.21138719 0.21133863 0.21131703 0.21126847 0.21124687 0.21119831 0.21117671 0.21112815 0.21110655 0.21105799 0.21094519 0.21094514 0.21094514 0.21093074 0.21093069 0.21091629 0.21091624 0.21090184 0.21090179 0.21079779 0.21079774 0.21079771 0.21068251 0.21068247 0.21056727 0.21056724 0.21011284 0.21011279 0.21011279 0.21       0.20999759 0.20999755 0.20988235 0.20988231 0.20976711 0.20976707 0.20941187 0.20941182 0.20941179 0.20939739 0.20939734 0.20938294 0.20938289 0.20930769 0.20930764 0.20930762 0.20929322 0.20929317 0.20927877 0.20927873 0.20917473 0.20917468 0.20917467 0.20905947 0.20905944 0.20894424 0.2089442  0.208829   0.20882896 0.20844816 0.20844811 0.2084479  0.20844786 0.20833266 0.20833262 0.20821742 0.20821738 0.20785578 0.20785573 0.20785572 0.20784132 0.20784127 0.20782687 0.20782682 0.20775162 0.20775148 0.20775146 0.20775142 0.20763622 0.20763618 0.20727778 0.20727778 0.2072777  0.2072633  0.20726325 0.20724885 0.2072488  0.2072344  0.20723435 0.20721995 0.2072199  0.2072055  0.20720545 0.20710145 0.20710145 0.20710135 0.20707975 0.20703119 0.20700959 0.20696103 0.20693943 0.20689087 0.20686927 0.20682071 0.20679911 0.20675055 0.20663775 0.2066377  0.20663769 0.20652249 0.20652246 0.20640726 0.20640722 0.20640717 0.20640715 0.20629195 0.20629191 0.20617671 0.20617667 0.20606147 0.20606143 0.20567103 0.20567098 0.20567084 0.2056708  0.2055556  0.20555557 0.20544037 0.20544033 0.20520033 0.20520028 0.20520025 0.20518585 0.2051858  0.2050818  0.20508175 0.20508174 0.205      0.20496654 0.2049665  0.2048513  0.20485126 0.20473606 0.20473603 0.20435523 0.20435518 0.20435514 0.20434074 0.20434069 0.20432629 0.20432624 0.20425104 0.20425099 0.20425091 0.20425087 0.20423647 0.20423624 0.20423621 0.20422181 0.20422158 0.20422154 0.20411754 0.20411749 0.20411747 0.20410307 0.20410302 0.20408862 0.20408857 0.20401337 0.20401332 0.20401331 0.20399891 0.20399869 0.20399865 0.20398425 0.20398403 0.203984   0.2039088  0.20390868 0.20390868 0.20379348 0.20379344 0.20367824 0.2036782  0.203563   0.20356296 0.20344776 0.20344772 0.20308612 0.20308611 0.20308601 0.20306441 0.20301585 0.20299425 0.20294569 0.20292409 0.20287553 0.20285393 0.20280537 0.20278377 0.20273521 0.20262241 0.20262236 0.20262233 0.20250713 0.20250709 0.20239189 0.20239185 0.20198225 0.2019822  0.2019822  0.201867   0.20186696 0.20175176 0.20175172 0.20163652 0.20163648 0.20133888 0.20133883 0.20133883 0.20122363 0.20122359 0.20110839 0.20110835 0.20078835 0.2007883  0.20078828 0.20077388 0.20077383 0.20075943 0.20075938 0.20068418 0.20068413 0.20068413 0.20056893 0.20056889 0.20045369 0.20045365 0.20001525 0.2000152  0.20001519 0.20001515 0.2        0.19989995 0.19989992 0.19978472 0.19978468 0.19966948 0.19966944 0.19928544 0.19928539 0.19928536 0.19917016 0.19917012 0.19905492 0.19905488 0.19893968 0.19893964 0.19863244 0.19863239 0.19863236 0.19861796 0.19861792 0.19860352 0.19860347 0.19852827 0.19852822 0.19852822 0.19851382 0.19851377 0.19849937 0.19849932 0.19839532 0.19839526 0.19839525 0.19828005 0.19828001 0.19816481 0.19816478 0.19814318 0.19809462 0.19807302 0.19802446 0.19800286 0.1979543  0.1979327  0.19788414 0.19786254 0.19781398 0.19770118 0.19770113 0.19770113 0.19758593 0.19758589 0.19747069 0.19747065 0.19699705 0.196997   0.19699698 0.19698258 0.19698253 0.19696813 0.19696808 0.19686408 0.19686403 0.19686399 0.19684959 0.19684954 0.19683514 0.19683509 0.19675989 0.19675984 0.19675984 0.19674544 0.19674539 0.19673099 0.19673094 0.19671654 0.19671649 0.19661249 0.19661244 0.1966124  0.196598   0.19659795 0.19658355 0.1965835  0.1964795  0.19647945 0.19647941 0.19646501 0.19646496 0.19638976 0.19638971 0.19638969 0.19627449 0.19627445 0.19615925 0.19615922 0.19579762 0.19579757 0.19579753 0.19568233 0.1956823  0.1955671  0.19556706 0.19520866 0.19520861 0.19520859 0.19509339 0.19509335 0.195      0.19497815 0.19497811 0.19472851 0.19472846 0.19472846 0.19471406 0.19471401 0.19469961 0.19469956 0.19468516 0.19468511 0.19458111 0.19458106 0.19458105 0.19446585 0.19446581 0.19435061 0.19435057 0.19387057 0.19387046 0.19387043 0.19385603 0.19385598 0.19384158 0.19384153 0.19382713 0.19382708 0.19375188 0.19375186 0.19375181 0.19363661 0.19363657 0.19352137 0.19352133 0.19340613 0.19340609 0.19329089 0.19329085 0.19317565 0.19317561 0.19268601 0.19268601 0.19268591 0.19266431 0.19261575 0.19259415 0.19254559 0.19252399 0.19247543 0.19245383 0.19240527 0.19238367 0.19233511 0.19222231 0.19222226 0.19222225 0.19210705 0.19210701 0.19199181 0.19199177 0.19166857 0.19166852 0.19166852 0.19155332 0.19155328 0.19143808 0.19143804 0.19132284 0.1913228  0.1908268  0.19082675 0.19082673 0.19081233 0.19081228 0.19079788 0.19079783 0.19072263 0.19072258 0.19072257 0.19060737 0.19060733 0.19049213 0.19049209 0.19006009 0.19006004 0.19006001 0.19004561 0.19004556 0.19003116 0.19003111 0.19001671 0.19001666 0.19       0.18994146 0.18994141 0.1899414  0.1898262  0.18982616 0.18971096 0.18971092 0.18930132 0.18930127 0.18930124 0.18918604 0.189186   0.1890708  0.18907076 0.18895556 0.18895552 0.18864192 0.18864187 0.18864186 0.18862746 0.18862742 0.18861302 0.18861297 0.18853777 0.18853772 0.18853772 0.18852332 0.18852327 0.18850887 0.18850882 0.18843362 0.1884336  0.18843359 0.18841919 0.18841914 0.18840474 0.18840469 0.18839029 0.18839024 0.18837584 0.18837579 0.18836139 0.18836134 0.18825734 0.18825733 0.18825729 0.18814209 0.18814205 0.18802685 0.18802682 0.18791162 0.18791158 0.18779638 0.18779634 0.18768114 0.1876811  0.1873707  0.18737068 0.1873706  0.1872554  0.18725536 0.18714016 0.18714012 0.18702492 0.18702488 0.18690968 0.18690964 0.18679444 0.18679441 0.18632081 0.18632079 0.18632071 0.18620551 0.18620547 0.18609027 0.18609023 0.18597503 0.18597499 0.18585979 0.18585975 0.18574455 0.18574452 0.18546292 0.18546291 0.18546282 0.18534762 0.18534758 0.18523238 0.18523235 0.18511715 0.18511711 0.18500191 0.18500187 0.185      0.18488667 0.18488663 0.18461783 0.18461783 0.18461773 0.18459613 0.18454757 0.18452597 0.18447741 0.18445581 0.18440725 0.18438565 0.18433709 0.18431549 0.18426693 0.18415413 0.18415408 0.18415406 0.18413966 0.18413961 0.18412521 0.18412516 0.18404996 0.18404991 0.1840499  0.1839347  0.18393466 0.18381946 0.18381942 0.18333942 0.18333937 0.18333937 0.18322417 0.18322413 0.18310893 0.18310889 0.18279209 0.18279204 0.18279203 0.18267683 0.18267679 0.18256159 0.18256156 0.18214876 0.18214871 0.18214869 0.18213429 0.18213424 0.18211984 0.18211979 0.18204459 0.18204454 0.18204454 0.18192934 0.1819293  0.1818141  0.18181407 0.18181403 0.18181402 0.18169882 0.18169878 0.18158358 0.18158354 0.18146834 0.18146831 0.18135311 0.18135307 0.18123787 0.18123783 0.18093703 0.18093701 0.18093697 0.18082177 0.18082173 0.18070653 0.18070649 0.18059129 0.18059125 0.18047605 0.18047601 0.18036081 0.18036077 0.18000877 0.18000877 0.18000868 0.18       0.1799181  0.1798965  0.17984794 0.17982634 0.17977778 0.17975618 0.17970762 0.17968602 0.17963746 0.17961586 0.1795673  0.1794545  0.17945445 0.17945444 0.17933924 0.1793392  0.179224   0.17922396 0.17875996 0.17875991 0.17875973 0.17875969 0.17864449 0.17864445 0.17852925 0.17852922 0.17815162 0.17815157 0.17815155 0.17813715 0.17813692 0.17813688 0.17812248 0.17812226 0.17812222 0.17801822 0.17801817 0.17801814 0.17800374 0.17800369 0.17798929 0.17798924 0.17791404 0.17791399 0.17791396 0.17789956 0.17789951 0.17788511 0.17788506 0.17787066 0.17787061 0.17776661 0.17776656 0.17776656 0.17775216 0.17775211 0.17773771 0.17773766 0.17763366 0.17763361 0.17763357 0.17761917 0.17761912 0.17760472 0.17760468 0.17750068 0.17750063 0.17750058 0.17748618 0.17748613 0.17747173 0.17747168 0.17736768 0.17736763 0.17736762 0.17735322 0.17735317 0.17733877 0.17733872 0.17723472 0.17723467 0.17723467 0.17722027 0.17722022 0.17720582 0.17720577 0.17710177 0.17710177 0.1771017  0.1770873  0.17708725 0.17707285 0.1770728  0.1770584  0.17705835 0.17704395 0.17704391 0.17702951 0.17702946 0.17692546 0.17692544 0.1769254  0.176911   0.17691097 0.17691092 0.17689652 0.1768965  0.17689645 0.17688205 0.17688202 0.17688198 0.17686758 0.17686755 0.1768675  0.1768531  0.17685308 0.17685303 0.17674903 0.17674901 0.17674899 0.17673459 0.17673454 0.17672014 0.17672009 0.17670569 0.17670565 0.17669125 0.1766912  0.1766768  0.17667675 0.17660155 0.17660154 0.17660144 0.17658704 0.176587   0.1765726  0.17657255 0.17655815 0.1765581  0.1765437  0.17654365 0.17652925 0.1765292  0.1764252  0.1764252  0.1764251  0.1764035  0.17635494 0.17633334 0.17628478 0.17626318 0.17621462 0.17619302 0.17614446 0.17612286 0.1760743  0.1759615  0.17596145 0.17596143 0.17584623 0.1758462  0.175731   0.17573096 0.17549096 0.17549091 0.1754909  0.1754765  0.17547645 0.17546205 0.175462   0.175358   0.17535795 0.17535772 0.17535769 0.17524249 0.17524245 0.17512725 0.17512721 0.175      0.17487761 0.17487756 0.17487754 0.1748775  0.1748631  0.1748629  0.17486286 0.17484846 0.17484826 0.17484822 0.17477302 0.17477297 0.17477293 0.17475853 0.17475848 0.17474408 0.17474403 0.17464003 0.17463998 0.17463997 0.17462557 0.17462552 0.17461112 0.17461107 0.17450707 0.17450702 0.17450702 0.17449262 0.17449257 0.17447817 0.17447812 0.17437412 0.17437407 0.17437406 0.17425886 0.17425882 0.17414362 0.17414358 0.17379478 0.17379465 0.17367945 0.17367941 0.17356421 0.17356418 0.17344898 0.17344894 0.17344893 0.17344882 0.17344878 0.17301038 0.17301036 0.17301033 0.17299593 0.17299588 0.17298148 0.17298144 0.17296704 0.17296699 0.17295259 0.17295254 0.17293814 0.17293809 0.17286289 0.17286288 0.17286281 0.17274761 0.17274757 0.17263237 0.17263234 0.17251714 0.1725171  0.1724019  0.17240186 0.17228666 0.17228662 0.17179062 0.17179061 0.17179054 0.17167534 0.1716753  0.1715601  0.17156006 0.17144486 0.17144482 0.17132962 0.17132959 0.17121439 0.17121435 0.17085595 0.17085593 0.17085583 0.17083423 0.17078567 0.17076407 0.17071551 0.17069391 0.17064535 0.17062375 0.17057519 0.17055359 0.17050503 0.17039223 0.17039218 0.17039216 0.17027696 0.17027692 0.17016172 0.17016169 0.17       0.16985129 0.16985124 0.16985123 0.16973603 0.16973602 0.16972162 0.16972159 0.16960639 0.16960638 0.16959198 0.16959196 0.16947676 0.16947675 0.16946235 0.16946232 0.16902392 0.16902389 0.16900949 0.16900944 0.16890544 0.16890539 0.16890534 0.1689053  0.1687901  0.16879006 0.16867486 0.16867482 0.16821402 0.16821397 0.16821391 0.16821387 0.16809867 0.16809864 0.16798344 0.1679834  0.167657   0.16765695 0.16765691 0.16754171 0.16754167 0.16742647 0.16742643 0.16706483 0.16706478 0.16706476 0.16705036 0.16705031 0.16697511 0.16697506 0.16697504 0.16696064 0.16696059 0.16694619 0.16694614 0.16687094 0.16687093 0.1668709  0.1667557  0.16675566 0.16664046 0.16664042 0.16652522 0.16652518 0.16640998 0.16640994 0.16629474 0.1662947  0.1658307  0.16583069 0.16583064 0.16571544 0.1657154  0.1656002  0.16560016 0.16548496 0.16548492 0.16536972 0.16536968 0.16525448 0.16525444 0.165      0.16488644 0.16488644 0.16488634 0.16486474 0.16481618 0.16479458 0.16474602 0.16472442 0.16467586 0.16465426 0.1646057  0.1645841  0.16453554 0.16442274 0.16442269 0.16442268 0.16430748 0.16430744 0.16419224 0.1641922  0.1639106  0.16391055 0.16391045 0.1639104  0.16391022 0.16391018 0.16341418 0.16341413 0.16341412 0.16329892 0.16329888 0.16318368 0.16318364 0.16291804 0.16291799 0.16291792 0.16291788 0.16280268 0.16280268 0.16278828 0.16278824 0.16267304 0.16267304 0.16265864 0.16265861 0.16254341 0.16254341 0.16252901 0.16252897 0.16217057 0.16217054 0.16215614 0.16215609 0.16205209 0.16205204 0.16205204 0.16203764 0.1620376  0.1620232  0.16202315 0.16191915 0.1619191  0.16191906 0.16190466 0.16190462 0.16189022 0.16189017 0.16178617 0.16178612 0.16178609 0.16167089 0.16167085 0.16155565 0.16155561 0.16120361 0.16120356 0.16120353 0.16118913 0.16118908 0.16117468 0.16117464 0.16109944 0.16109938 0.16109934 0.16108494 0.16108489 0.16107049 0.16107044 0.16096644 0.16096643 0.16096638 0.16095198 0.16095193 0.16093753 0.16093748 0.16092308 0.16092304 0.16090864 0.16090859 0.16089419 0.16089414 0.16081894 0.16081893 0.16081883 0.16079723 0.16074867 0.16072707 0.16067851 0.16065691 0.16060835 0.16058675 0.16053819 0.16051659 0.16046803 0.16035523 0.16035518 0.16035514 0.16034074 0.16034069 0.16032629 0.16032624 0.16022224 0.16022219 0.16022216 0.16010696 0.16010692 0.16       0.15999172 0.15999172 0.15999167 0.15999164 0.15987644 0.1598764  0.1597612  0.15976116 0.15964596 0.15964592 0.15953072 0.15953068 0.15910508 0.15910503 0.15910503 0.15898983 0.15898979 0.15887459 0.15887455 0.15856095 0.1585609  0.15856088 0.15854648 0.15854643 0.15853203 0.15853198 0.15845678 0.15845673 0.1584567  0.1584423  0.15844225 0.15842785 0.15842781 0.15832381 0.15832376 0.15832374 0.15820854 0.15820854 0.1582085  0.1580933  0.15809329 0.15809327 0.15809322 0.15809322 0.15807882 0.15807877 0.15806437 0.15806432 0.15804992 0.15804987 0.15794587 0.15794582 0.15794578 0.15793138 0.15793133 0.15791693 0.15791688 0.15781288 0.15781283 0.15781282 0.15779842 0.15779838 0.15778398 0.15778393 0.15770873 0.15770873 0.15770863 0.15768703 0.15763847 0.15761687 0.15756831 0.15754671 0.15749815 0.15747655 0.15742799 0.15740639 0.15735783 0.15724503 0.15724498 0.15724497 0.15723057 0.15723052 0.15721612 0.15721607 0.15720167 0.15720162 0.15709762 0.15709757 0.15709755 0.15698235 0.15698231 0.15686711 0.15686707 0.15656947 0.15656942 0.15656941 0.15655501 0.15655496 0.15654056 0.15654052 0.15643652 0.15643647 0.15643646 0.15642206 0.15642204 0.15630684 0.15630683 0.15630681 0.15629241 0.15629239 0.15617719 0.15617718 0.15617717 0.15616277 0.15616275 0.15571475 0.15571463 0.15559943 0.1555994  0.1554842  0.15548419 0.15548414 0.15548407 0.15536887 0.15536883 0.15525363 0.15525359 0.15513839 0.15513835 0.15502315 0.15502311 0.155      0.15490791 0.15490787 0.15446947 0.15446942 0.15446941 0.15435421 0.15435417 0.15423897 0.15423893 0.15412373 0.15412369 0.15363409 0.15363404 0.15363401 0.15361961 0.15361956 0.15360516 0.15360511 0.15352991 0.15352986 0.15352984 0.15351544 0.15351539 0.15350099 0.15350094 0.15339694 0.15339689 0.15339689 0.15328169 0.15328165 0.15316645 0.15316641 0.15305121 0.15305118 0.15279838 0.15279833 0.15279831 0.15278391 0.15278386 0.15276946 0.15276941 0.15266541 0.15266533 0.15266523 0.15264363 0.15259507 0.15257347 0.15252491 0.15250331 0.15245475 0.15243315 0.15238459 0.15236299 0.15231443 0.15220163 0.15220158 0.15220154 0.15218714 0.15218709 0.15217269 0.15217264 0.15209744 0.15209739 0.15209737 0.15208297 0.15208292 0.15206852 0.15206847 0.15196447 0.15196442 0.15196435 0.15196431 0.15184911 0.15184908 0.15173388 0.15173384 0.15136904 0.15136899 0.15136897 0.15125377 0.15125373 0.15113853 0.15113849 0.15102329 0.15102325 0.15074165 0.1507416  0.1507416  0.1507272  0.15072715 0.15071275 0.1507127  0.1506375  0.15063745 0.15063743 0.15062303 0.15062298 0.15060858 0.15060853 0.15050453 0.15050448 0.15050434 0.15050431 0.15038911 0.15038907 0.15027387 0.15027383 0.15       0.14978423 0.14978418 0.14978416 0.14966896 0.14966892 0.14955372 0.14955369 0.14943849 0.14943845 0.14919845 0.1491984  0.14919838 0.14918398 0.14918393 0.14916953 0.14916948 0.14906548 0.14906543 0.14906543 0.14895023 0.14895021 0.14895017 0.14883497 0.14883495 0.14883491 0.14836131 0.14836126 0.14836122 0.14824602 0.14824599 0.14813079 0.14813075 0.14782035 0.14782034 0.14782027 0.14780587 0.14780583 0.14779143 0.14779138 0.14777698 0.14777693 0.14776253 0.14776248 0.14774808 0.14774803 0.14764403 0.14764402 0.14764395 0.14762955 0.1476295  0.1476151  0.14761505 0.14760065 0.1476006  0.1475862  0.14758615 0.14757175 0.1475717  0.1474965  0.14749649 0.14749641 0.14738121 0.14738117 0.14726597 0.14726594 0.14715074 0.1471507  0.1470355  0.14703546 0.14692026 0.14692022 0.14659062 0.14659061 0.14659052 0.14657612 0.14657607 0.14656167 0.14656162 0.14654722 0.14654718 0.14653278 0.14653273 0.14651833 0.14651828 0.14641428 0.14641426 0.14641425 0.14639985 0.14639981 0.14638541 0.14638536 0.14637096 0.14637091 0.14635651 0.14635646 0.14634206 0.14634201 0.14623801 0.146238   0.14623791 0.14622351 0.14622346 0.14620906 0.14620901 0.14619461 0.14619457 0.14618017 0.14618012 0.14616572 0.14616567 0.14606167 0.14606166 0.14606156 0.14603996 0.1459914  0.1459698  0.14592124 0.14589964 0.14585108 0.14582948 0.14578092 0.14575932 0.14571076 0.14559796 0.14559791 0.14559789 0.14558349 0.14558344 0.14556904 0.14556899 0.14549379 0.14549374 0.14549371 0.14547931 0.14547926 0.14546486 0.14546481 0.14536081 0.14536076 0.14536072 0.14534632 0.14534627 0.14533187 0.14533182 0.14522782 0.14522777 0.14522777 0.14521337 0.14521332 0.14519892 0.14519887 0.14518447 0.14518442 0.14508042 0.14508037 0.14508033 0.14506593 0.14506589 0.14505149 0.14505144 0.145      0.14494744 0.14494731 0.14494728 0.14493288 0.14493283 0.14491843 0.14491838 0.14481438 0.14481436 0.1448143  0.1447999  0.14479985 0.14478545 0.1447854  0.144771   0.14477095 0.14475655 0.14475651 0.14474211 0.14474206 0.14463806 0.14463804 0.144638   0.1445228  0.14452276 0.14440756 0.14440753 0.14429233 0.14429229 0.14417709 0.14417705 0.14406185 0.14406181 0.14370981 0.1437098  0.14370973 0.14369533 0.14369528 0.14368088 0.14368083 0.14366643 0.14366638 0.14365198 0.14365193 0.14363753 0.14363748 0.14356228 0.14356228 0.14356218 0.14354058 0.14349202 0.14347042 0.14342186 0.14340026 0.1433517  0.1433301  0.14328154 0.14325994 0.14321138 0.14309858 0.14309853 0.14309853 0.14308413 0.14308408 0.14306968 0.14306963 0.14305523 0.14305518 0.14297998 0.14297993 0.14297993 0.14296553 0.14296548 0.14295108 0.14295104 0.14284704 0.14284699 0.14284696 0.14283256 0.14283256 0.14271736 0.14271733 0.14270293 0.14270292 0.14258772 0.14258769 0.14257329 0.14257329 0.14215409 0.14215408 0.14207888 0.14207883 0.14207883 0.14206443 0.14206438 0.14204998 0.14204993 0.14194593 0.14194588 0.14194587 0.14183067 0.14183063 0.14171543 0.14171539 0.14130579 0.14130574 0.14130571 0.14119051 0.14119047 0.14107527 0.14107523 0.14075203 0.14075198 0.14075197 0.14063677 0.14063674 0.14052154 0.1405215  0.1404063  0.14040626 0.14004146 0.14004139 0.14004135 0.14       0.13965095 0.13965093 0.13965093 0.13963653 0.13963648 0.13962208 0.13962203 0.13960763 0.13960758 0.13959318 0.13959313 0.13957873 0.13957869 0.13950349 0.13950348 0.13950338 0.13948178 0.13943322 0.13941162 0.13936306 0.13934146 0.1392929  0.1392713  0.13922274 0.13920114 0.13915258 0.13903978 0.13903973 0.13903973 0.13892453 0.13892449 0.13880929 0.13880925 0.13869405 0.13869401 0.13839001 0.13838996 0.13838994 0.13827474 0.1382747  0.1381595  0.13815946 0.13774666 0.13774661 0.1377466  0.1376314  0.13763136 0.13751616 0.13751612 0.13712252 0.13712247 0.13712246 0.13700726 0.13700722 0.13689202 0.13689199 0.13662959 0.13662954 0.13662951 0.13661511 0.13661506 0.13660066 0.13660061 0.13652541 0.13652536 0.13652534 0.13651094 0.13651089 0.13649649 0.13649644 0.13639244 0.13639239 0.13639237 0.13637797 0.13637792 0.13636352 0.13636347 0.13625947 0.13625942 0.13625941 0.13614421 0.13614418 0.13602898 0.13602894 0.13570254 0.13570249 0.13570248 0.13558728 0.13558724 0.13547204 0.135472   0.1350944  0.13509435 0.13509432 0.13507992 0.13507987 0.13506547 0.13506542 0.135      0.13499022 0.13499021 0.13499011 0.13498748 0.13496588 0.13491732 0.13489572 0.13484716 0.13482556 0.134777   0.1347554  0.13470684 0.13468524 0.13463668 0.13452388 0.13452383 0.13452379 0.13450939 0.13450934 0.13449494 0.13449489 0.13448049 0.13448044 0.13437644 0.13437639 0.13437637 0.13436197 0.13436192 0.13434752 0.13434747 0.13424347 0.13424342 0.13424338 0.13422898 0.13422893 0.13421453 0.13421448 0.13411048 0.13411043 0.1341104  0.134096   0.13409595 0.13408155 0.13408151 0.13397751 0.13397746 0.13397742 0.13396302 0.13396298 0.13394858 0.13394853 0.13387333 0.13387328 0.13387327 0.13375807 0.13375803 0.13364283 0.13364279 0.13334519 0.13334514 0.13334496 0.13334492 0.13322972 0.13322968 0.13311448 0.13311444 0.13299924 0.13299921 0.13252881 0.13252876 0.13252866 0.13252861 0.13252857 0.13251417 0.13251412 0.13249972 0.13249967 0.13239567 0.13239562 0.13239558 0.13238118 0.13238114 0.13236674 0.13236669 0.13229149 0.13229144 0.13229141 0.13217621 0.13217618 0.13206098 0.13206094 0.13177934 0.13177933 0.13177925 0.13176485 0.1317648  0.1317504  0.13175035 0.13173595 0.1317359  0.1317215  0.13172145 0.13170705 0.131707   0.131603   0.13160299 0.13160297 0.13158857 0.13158852 0.13157412 0.13157407 0.13155967 0.13155962 0.13154522 0.13154517 0.13153077 0.13153073 0.13145553 0.13145551 0.13145547 0.13134027 0.13134023 0.13128747 0.13126587 0.13121731 0.13119571 0.13114715 0.13112555 0.13107699 0.13105539 0.13100683 0.13098523 0.13093667 0.13082387 0.13082382 0.1308238  0.1307086  0.13070856 0.13059336 0.13059332 0.13023812 0.13023807 0.13023805 0.13012285 0.13012282 0.13000762 0.13000758 0.13       0.12989238 0.12989234 0.12954034 0.12954029 0.12954025 0.12942505 0.12942501 0.12930981 0.12930978 0.12904418 0.12904413 0.12904412 0.12892892 0.12892888 0.12881368 0.12881364 0.12869844 0.1286984  0.1284392  0.12843915 0.12843913 0.12842473 0.12842468 0.12841028 0.12841023 0.12833503 0.12833498 0.12833494 0.12821974 0.12821971 0.12810451 0.12810447 0.12784207 0.12784202 0.12784199 0.12772679 0.12772675 0.12761155 0.12761152 0.12749632 0.12749628 0.12720188 0.12720183 0.12720181 0.12708661 0.12708657 0.12697137 0.12697133 0.12672173 0.12672168 0.12672166 0.12670726 0.12670722 0.12669282 0.12669277 0.12661757 0.1266175  0.12661746 0.12618226 0.12618226 0.12618217 0.12606697 0.12606697 0.12604537 0.12599681 0.12597521 0.12592665 0.12590505 0.12585649 0.12583489 0.12578633 0.12576473 0.12571617 0.12560337 0.12560332 0.1256033  0.1254881  0.12548806 0.12537286 0.12537282 0.12501442 0.12501437 0.12501436 0.125      0.12489916 0.12489912 0.12478392 0.12478389 0.12432949 0.12432944 0.12432942 0.12431502 0.12431497 0.12430057 0.12430052 0.12419652 0.12419647 0.12419645 0.12408125 0.12408121 0.12396601 0.12396597 0.12352437 0.12352432 0.12352429 0.12340909 0.12340905 0.12329385 0.12329382 0.12317862 0.12317858 0.12273058 0.12273053 0.12273037 0.12273033 0.12261513 0.12261509 0.12249989 0.12249986 0.12206466 0.12206461 0.12206459 0.12205019 0.12205014 0.12203574 0.12203569 0.12193169 0.12193164 0.12193161 0.12181641 0.12181637 0.12170117 0.12170114 0.12158594 0.1215859  0.1212179  0.12121785 0.12121782 0.12120342 0.12120337 0.12118897 0.12118892 0.12111372 0.12111367 0.12111366 0.12109926 0.12109921 0.12108481 0.12108476 0.12100956 0.1210095  0.12100949 0.12090549 0.12090547 0.12090538 0.12089098 0.12089093 0.12087653 0.12087649 0.12086209 0.12086204 0.12084764 0.12084759 0.12083319 0.12083314 0.12072914 0.12072912 0.12072909 0.12071469 0.12071464 0.12070024 0.12070019 0.12068579 0.12068574 0.12067134 0.12067129 0.12065689 0.12065684 0.12055284 0.12055283 0.12055275 0.12053835 0.1205383  0.1205239  0.12052385 0.12050945 0.12050941 0.12049501 0.12049496 0.12048056 0.12048051 0.12040531 0.1204053  0.12040525 0.12029005 0.12029001 0.12017481 0.12017477 0.12005957 0.12005953 0.12       0.11994433 0.11994429 0.11982909 0.11982906 0.11941946 0.11941945 0.11941935 0.11939775 0.11934919 0.11932759 0.11927903 0.11925743 0.11920887 0.11918727 0.11913871 0.11911711 0.11906855 0.11895575 0.1189557  0.11895567 0.11884047 0.11884043 0.11872523 0.11872519 0.11826439 0.11826434 0.11826433 0.11814913 0.1181491  0.1180339  0.11803386 0.11803381 0.11803372 0.11791852 0.11791852 0.11791847 0.1179178  0.11791773 0.11791768 0.11791764 0.11790324 0.1179032  0.1177992  0.11779915 0.11779913 0.11778473 0.11778468 0.11777028 0.11777023 0.11769503 0.11769498 0.11769498 0.11757978 0.11757974 0.11746454 0.1174645  0.1171957  0.11719556 0.11719552 0.11718112 0.11718107 0.11707707 0.11707707 0.11707697 0.11707363 0.11705203 0.11700347 0.11698187 0.11693331 0.11691171 0.11686315 0.11684155 0.11679299 0.11677139 0.11672283 0.11661003 0.11660998 0.11660996 0.11649476 0.11649472 0.11637952 0.11637949 0.11610429 0.11610424 0.11610423 0.11598903 0.115989   0.1158738  0.11587376 0.11547056 0.11547051 0.11547051 0.11535531 0.11535527 0.11524007 0.11524003 0.11512483 0.11512479 0.115      0.11487199 0.11487194 0.11487191 0.11485751 0.11485746 0.11484306 0.11484301 0.11473901 0.11473896 0.11473895 0.11472455 0.1147245  0.1147101  0.11471005 0.11460605 0.114606   0.11460598 0.11459158 0.11459153 0.11457713 0.11457708 0.11456268 0.11456263 0.11445863 0.11445858 0.11445857 0.11444417 0.11444415 0.11432895 0.11432894 0.11431454 0.11431451 0.11419931 0.1141993  0.1141849  0.11418488 0.11375288 0.11375275 0.11363755 0.11363751 0.11361588 0.11361583 0.11361573 0.11360563 0.11360558 0.11360461 0.11360456 0.11360451 0.11360451 0.11359011 0.11359006 0.11351486 0.11351479 0.11351478 0.11309558 0.11309557 0.11309549 0.11298029 0.11298025 0.11286505 0.11286501 0.11274981 0.11274977 0.11263457 0.11263453 0.11251933 0.11251929 0.11226969 0.11226968 0.1122696  0.1122552  0.11225515 0.11224075 0.1122407  0.1122263  0.11222625 0.11221185 0.1122118  0.1121974  0.11219735 0.11212215 0.11212215 0.11212205 0.11210045 0.11205189 0.11203029 0.11198173 0.11196013 0.11191157 0.11188997 0.11184141 0.11181981 0.11177125 0.11165845 0.1116584  0.11165838 0.11154318 0.11154314 0.11142794 0.1114279  0.1111239  0.11112385 0.1111238  0.1111094  0.11110935 0.11109495 0.1110949  0.1110805  0.11108046 0.11106606 0.11106601 0.11105161 0.11105156 0.11097636 0.11097631 0.11097628 0.11086108 0.11086105 0.11074585 0.11074581 0.11045461 0.11045456 0.11045453 0.11033933 0.11033929 0.11022409 0.11022405 0.11       0.10989765 0.1098976  0.10989743 0.10989739 0.10978219 0.10978215 0.10966695 0.10966692 0.10941412 0.10941407 0.10941406 0.10939966 0.10939962 0.10938522 0.10938517 0.10937077 0.10937072 0.10926672 0.10926667 0.10926665 0.10915145 0.10915141 0.10903621 0.10903617 0.10874817 0.10874812 0.1087481  0.1086329  0.10863286 0.10851766 0.10851762 0.10803442 0.10803441 0.10803436 0.10801996 0.10801992 0.10800552 0.10800547 0.10799107 0.10799102 0.10797662 0.10797657 0.10796217 0.10796212 0.10788692 0.10788691 0.10788683 0.10787243 0.10787238 0.10785798 0.10785793 0.10784353 0.10784348 0.10782908 0.10782903 0.10781463 0.10781459 0.10773939 0.10773937 0.10773932 0.10762412 0.10762408 0.10750888 0.10750885 0.10739365 0.10739361 0.10727841 0.10727837 0.10716317 0.10716313 0.10674393 0.10674391 0.10674381 0.10672221 0.10667365 0.10665205 0.10660349 0.10658189 0.10653333 0.10651173 0.10646317 0.10644157 0.10639301 0.10628021 0.10628016 0.10628011 0.10626571 0.10626567 0.10625127 0.10625122 0.10614722 0.10614717 0.10614715 0.10603195 0.10603192 0.10591672 0.10591668 0.10580148 0.10580144 0.10535984 0.10535979 0.10535979 0.10535974 0.10534534 0.10534529 0.10533089 0.10533084 0.10525564 0.10525559 0.10525557 0.10524117 0.10524113 0.10522673 0.10522668 0.10512268 0.10512263 0.10512262 0.10500742 0.10500738 0.105      0.10489218 0.10489214 0.10477694 0.1047769  0.1044057  0.10440565 0.10440565 0.10439125 0.1043912  0.1043768  0.10437675 0.10436235 0.1043623  0.1043479  0.10434785 0.10433345 0.10433341 0.10422941 0.10422936 0.10422932 0.10421492 0.10421488 0.10420048 0.10420043 0.10412523 0.10412518 0.10412514 0.10411074 0.10411069 0.10409629 0.10409624 0.10402104 0.10402103 0.10402097 0.10400657 0.10400652 0.10399212 0.10399207 0.10397767 0.10397762 0.10396322 0.10396317 0.10394877 0.10394873 0.10384473 0.10384472 0.10384464 0.10383024 0.10383019 0.10381579 0.10381574 0.10380134 0.10380129 0.10378689 0.10378684 0.10377244 0.10377239 0.10366839 0.10366839 0.10366829 0.10364669 0.10359813 0.10357653 0.10352797 0.10350637 0.10345781 0.10343621 0.10339706 0.10338765 0.10336605 0.10331749 0.10320469 0.10320464 0.10320462 0.10308942 0.10308938 0.10297418 0.10297414 0.10271494 0.10271489 0.10271488 0.10259968 0.10259965 0.10248445 0.10248441 0.10214841 0.10214836 0.10214818 0.10214814 0.10203294 0.1020329  0.1019177  0.10191766 0.10143766 0.10143761 0.10143759 0.10142319 0.10142314 0.10140874 0.10140869 0.10133349 0.10133344 0.10133342 0.10121822 0.10121818 0.10110298 0.10110294 0.10076054 0.10076049 0.10076047 0.10074607 0.10074603 0.10073163 0.10073158 0.10071718 0.10071713 0.10061313 0.10061308 0.10061303 0.10059863 0.10059858 0.10058418 0.10058413 0.10048013 0.10048008 0.10048008 0.10046568 0.10046563 0.10045123 0.10045118 0.10034718 0.10034713 0.10034709 0.10033269 0.10033264 0.10031824 0.10031819 0.10024299 0.10024292 0.10024282 0.10022122 0.10017266 0.10015106 0.1001025  0.1000809  0.10003234 0.10001074 0.1        0.09996218 0.09994058 0.09989202 0.09977922 0.09977917 0.09977913 0.09976473 0.09976468 0.09975028 0.09975023 0.09964623 0.09964618 0.09964615 0.09963175 0.0996317  0.0996173  0.09961725 0.09954205 0.099542   0.09954196 0.09952756 0.09952751 0.09951311 0.09951307 0.09940907 0.09940902 0.099409   0.0993946  0.09939455 0.09938015 0.0993801  0.0993657  0.09936565 0.09926165 0.0992616  0.0992616  0.0992472  0.09924715 0.09923275 0.0992327  0.0991287  0.09912865 0.09912864 0.09911424 0.09911419 0.09909979 0.09909974 0.09899574 0.09899569 0.09899568 0.09898128 0.09898123 0.09896683 0.09896678 0.09889158 0.09889153 0.09889152 0.09877632 0.09877628 0.09866108 0.09866104 0.09854584 0.0985458  0.0982994  0.09829935 0.09829934 0.09818414 0.09818411 0.09806891 0.09806887 0.09777127 0.09777122 0.09777118 0.09765598 0.09765594 0.09754074 0.09754074 0.09754069 0.09754068 0.09742548 0.09742545 0.09731025 0.09731021 0.09719501 0.09719497 0.09707977 0.09707973 0.09696453 0.09696449 0.09651649 0.09651648 0.09651638 0.09649478 0.09644622 0.09642462 0.09637606 0.09635446 0.0963059  0.0962843  0.09623574 0.09621414 0.09616558 0.09605278 0.09605273 0.09605272 0.09603832 0.09603828 0.09602388 0.09602383 0.09591983 0.09591978 0.09591973 0.09590533 0.09590528 0.09589088 0.09589083 0.09578683 0.09578678 0.09578678 0.09567158 0.09567154 0.09555634 0.09555631 0.09507951 0.09507946 0.09507945 0.09506505 0.095065   0.0950506  0.09505055 0.095      0.09494655 0.0949465  0.0949465  0.0949321  0.09493205 0.09491765 0.0949176  0.0948136  0.09481355 0.09481355 0.09479915 0.0947991  0.0947847  0.09478465 0.09477025 0.0947702  0.0946662  0.09466615 0.09466614 0.09465174 0.09465169 0.09463729 0.09463724 0.09453324 0.09453319 0.09453318 0.09451878 0.09451874 0.09450434 0.09450429 0.09442909 0.09442904 0.09442881 0.09442877 0.09431357 0.09431353 0.09419833 0.09419829 0.09380789 0.09380784 0.09380781 0.09379341 0.09379337 0.09377897 0.09377892 0.09367492 0.09367487 0.09367482 0.09366042 0.09366038 0.09364598 0.09364593 0.09354193 0.09354188 0.09354187 0.09352747 0.09352742 0.09351302 0.09351297 0.09343777 0.09343775 0.09343769 0.09332249 0.09332247 0.09332244 0.09320724 0.09320722 0.09320718 0.09309198 0.09309196 0.09309192 0.09297672 0.09297671 0.09297667 0.09286147 0.09286145 0.09286141 0.09242941 0.09242935 0.09242933 0.09242926 0.09231406 0.09231402 0.09219882 0.09219878 0.09208358 0.09208354 0.09196834 0.0919683  0.0918531  0.09185307 0.09149787 0.09149786 0.09149777 0.09148337 0.09148332 0.09146892 0.09146887 0.09145447 0.09145442 0.09144002 0.09143997 0.09142557 0.09142553 0.09132153 0.09132151 0.0913215  0.0913071  0.09130705 0.09129265 0.0912926  0.0912782  0.09127815 0.09126375 0.0912637  0.0912493  0.09124926 0.09114526 0.09114525 0.09114517 0.09113077 0.09113072 0.09111632 0.09111627 0.09110187 0.09110182 0.09108742 0.09108738 0.09107298 0.09107293 0.09096893 0.09096892 0.09096884 0.09095444 0.0909544  0.09094    0.09093995 0.09092555 0.0909255  0.0909111  0.09091105 0.09089665 0.0908966  0.0908214  0.09082139 0.09082133 0.09080693 0.09080688 0.09079248 0.09079243 0.09077803 0.09077798 0.09076358 0.09076353 0.09074913 0.09074909 0.09064509 0.09064508 0.09064498 0.09062338 0.09057482 0.09055322 0.09050466 0.09048306 0.0904345  0.0904129  0.09036434 0.09034274 0.09029418 0.09018138 0.09018133 0.0901813  0.0900661  0.09006606 0.09       0.08995086 0.08995085 0.0899508  0.08995077 0.08993637 0.08993632 0.08992192 0.08992187 0.08990747 0.08990743 0.08980343 0.08980338 0.08980336 0.08968816 0.08968812 0.08957292 0.0895729  0.08957285 0.08957283 0.08955843 0.08955838 0.08954398 0.08954393 0.08952953 0.08952948 0.08945428 0.08945418 0.0894541  0.0893389  0.08933887 0.08922367 0.08922363 0.08910843 0.08910839 0.08899319 0.08899315 0.08887795 0.08887791 0.08844591 0.08844589 0.08844579 0.08842419 0.08837563 0.08835403 0.08830547 0.08828387 0.08823531 0.08821371 0.08816515 0.08814355 0.08809499 0.08798219 0.08798214 0.08798213 0.08786693 0.08786689 0.08775169 0.08775167 0.08775162 0.08775158 0.08773718 0.08773714 0.08772274 0.08772269 0.08770829 0.08770824 0.08769384 0.08769379 0.08758979 0.08758974 0.08758973 0.08757533 0.08757528 0.08756088 0.08756083 0.08745683 0.08745678 0.08745678 0.08734158 0.08734154 0.08722634 0.0872263  0.0868327  0.08683265 0.08683255 0.08683251 0.08671731 0.08671728 0.08660208 0.08660204 0.08615084 0.08615079 0.08615077 0.08613637 0.08613617 0.08613613 0.08612173 0.08612153 0.08612149 0.08601749 0.08601744 0.0860174  0.086003   0.08600295 0.08598855 0.08598851 0.08591331 0.08591326 0.08591325 0.08589885 0.0858988  0.0858844  0.08588435 0.08580915 0.0858091  0.08580907 0.08579467 0.08579462 0.08578022 0.08578017 0.08567617 0.08567603 0.08567601 0.08566161 0.08566156 0.08564716 0.08564712 0.08554312 0.08554311 0.08554301 0.08552141 0.08547285 0.08545125 0.08540269 0.08538109 0.08533253 0.08531093 0.08526237 0.08524077 0.08519221 0.08507941 0.08507936 0.08507934 0.08506494 0.0850649  0.0850505  0.08505045 0.08503605 0.085036   0.085      0.084932   0.08493195 0.08493194 0.08491754 0.08491749 0.08490309 0.08490304 0.08488864 0.08488859 0.08478459 0.08478454 0.08478453 0.08477013 0.08477008 0.08475568 0.08475564 0.08474124 0.08474119 0.08463719 0.08463714 0.08463714 0.08452194 0.0845219  0.0844067  0.08440666 0.08429146 0.08429142 0.08388502 0.08388497 0.08388497 0.08387057 0.08387056 0.08375536 0.08375533 0.08374093 0.08374092 0.08362572 0.0836257  0.0836113  0.08361129 0.08319209 0.08319194 0.08319182 0.08307662 0.08307658 0.08296138 0.08296137 0.08296132 0.08296122 0.08296117 0.08296112 0.08296108 0.08284588 0.08284584 0.08242024 0.08242019 0.08242014 0.08240574 0.0824057  0.0823913  0.08239125 0.08231605 0.082316   0.08231599 0.08230159 0.08230154 0.08228714 0.08228709 0.08218309 0.08218299 0.08218298 0.08216858 0.08216853 0.08215413 0.08215408 0.08213968 0.08213963 0.08212523 0.08212518 0.08211078 0.08211073 0.08203553 0.08203553 0.08203543 0.08201383 0.08196527 0.08194367 0.08189511 0.08187351 0.08182495 0.08180335 0.08175479 0.08173319 0.08168463 0.08157183 0.08157178 0.08157174 0.08155734 0.08155729 0.08154289 0.08154284 0.08143884 0.08143879 0.08143877 0.08142437 0.08142432 0.08140992 0.08140988 0.08139548 0.08139543 0.08129143 0.08129138 0.08129137 0.08127697 0.08127692 0.08126252 0.08126247 0.08115847 0.08115842 0.08115841 0.08114401 0.08114396 0.08112956 0.08112951 0.08102551 0.08102546 0.08102545 0.08101105 0.081011   0.0809966  0.08099655 0.08092135 0.0809213  0.08092129 0.08080609 0.08080605 0.08069085 0.08069081 0.08042201 0.08042196 0.08042194 0.08030674 0.0803067  0.0801915  0.08019146 0.08       0.07975626 0.07975621 0.07975618 0.07964098 0.07964095 0.07952575 0.07952571 0.07926331 0.07926326 0.07926324 0.07924884 0.07924879 0.07923439 0.07923435 0.07921995 0.0792199  0.0791447  0.07914465 0.07914455 0.07914451 0.07902931 0.07902927 0.07896362 0.07896358 0.07896353 0.07894913 0.07894909 0.07893469 0.07893464 0.07892024 0.07892019 0.07890579 0.07890574 0.07889134 0.07889129 0.07878729 0.07878728 0.07878721 0.07877281 0.07877261 0.07877257 0.07875817 0.07875796 0.07875792 0.07874352 0.07874332 0.07874328 0.07872888 0.07872868 0.07872864 0.07871424 0.07871403 0.07871399 0.07860999 0.07860998 0.07860994 0.07859554 0.07859549 0.07858109 0.07858104 0.07856664 0.07856659 0.07855219 0.07855214 0.07853774 0.07853769 0.07843369 0.07843368 0.07843361 0.07831841 0.07831837 0.07820317 0.07820313 0.07808793 0.07808789 0.07797269 0.07797265 0.07785745 0.07785741 0.07758221 0.07758221 0.07758211 0.07756051 0.07751195 0.07749035 0.07744179 0.07742019 0.07737163 0.07735003 0.07730147 0.07727987 0.07723131 0.07711851 0.07711846 0.07711844 0.07710404 0.077104   0.0770896  0.07708955 0.07701435 0.0770143  0.07701427 0.07699987 0.07699982 0.07698542 0.07698538 0.07691018 0.07691013 0.07691012 0.07679492 0.07679488 0.07667968 0.07667964 0.07627004 0.07626999 0.07626998 0.07615478 0.07615475 0.07603955 0.07603951 0.07592431 0.07592427 0.07557867 0.07557862 0.07557841 0.07557837 0.07546317 0.07546313 0.07534793 0.07534789 0.07523269 0.07523266 0.075      0.07483906 0.07483901 0.074839   0.0747238  0.07472378 0.07472375 0.07460855 0.07460853 0.07460849 0.07460844 0.0746084  0.074594   0.07459396 0.07457956 0.07457951 0.07456511 0.07456506 0.07446106 0.07446097 0.07446089 0.07444649 0.07444644 0.07443204 0.07443199 0.07441759 0.07441754 0.07440314 0.0744031  0.0743887  0.07438865 0.07428465 0.07428465 0.07428455 0.07426295 0.07421439 0.07419279 0.07414423 0.07412263 0.07407407 0.07405247 0.07400391 0.07398231 0.07393375 0.07382095 0.0738209  0.07382089 0.07370569 0.07370565 0.07359045 0.07359041 0.07319041 0.07319036 0.07319035 0.07307515 0.07307511 0.07295991 0.07295987 0.07284467 0.07284463 0.07248303 0.07248298 0.07248297 0.07246857 0.07246852 0.07245412 0.07245407 0.07235007 0.07235002 0.07235001 0.07233561 0.07233556 0.07232116 0.07232111 0.07230671 0.07230666 0.07223146 0.07223141 0.07223132 0.07221692 0.0722169  0.07221687 0.07210167 0.07210163 0.07198643 0.07198639 0.07167919 0.07167906 0.07166466 0.07166461 0.07166456 0.07166447 0.07165007 0.07165002 0.07163562 0.07163557 0.07162117 0.07162112 0.07160672 0.07160667 0.07159227 0.07159223 0.07148823 0.07148818 0.07148815 0.07137295 0.07137291 0.07125771 0.07125767 0.07090567 0.07090562 0.07090559 0.07089119 0.07089114 0.07087674 0.0708767  0.0708015  0.07080145 0.07080144 0.07078704 0.07078699 0.07077259 0.07077254 0.07075814 0.07075809 0.07065409 0.07065408 0.07065398 0.07063238 0.07058382 0.07056222 0.07051366 0.07049206 0.0704435  0.0704219  0.07037334 0.07035174 0.07030318 0.07019038 0.07019033 0.07019029 0.07017589 0.07017584 0.07016144 0.07016139 0.07008619 0.07008614 0.07008607 0.07008603 0.07       0.06997083 0.06997079 0.06985559 0.06985555 0.06974035 0.06974031 0.06947791 0.06947786 0.06947783 0.06936263 0.06936259 0.06924739 0.06924736 0.06913216 0.06913212 0.06886332 0.06886327 0.06886304 0.068863   0.0687478  0.06874777 0.06863257 0.06863253 0.06817493 0.06817488 0.06817487 0.06805967 0.06805963 0.06794443 0.06794439 0.06782919 0.06782915 0.06748355 0.0674835  0.06748347 0.06736827 0.06736823 0.06725303 0.06725299 0.06676659 0.06676654 0.06676654 0.06675214 0.06675209 0.06673769 0.06673764 0.06666244 0.06666239 0.06666236 0.06664796 0.06664792 0.06663352 0.06663347 0.06661907 0.06661902 0.06651502 0.06651497 0.06651493 0.06650053 0.06650048 0.06648608 0.06648604 0.06638204 0.06638199 0.06638197 0.06636757 0.06636752 0.06635312 0.06635307 0.06624907 0.06624902 0.06624901 0.06623461 0.06623457 0.06622017 0.06622012 0.06614492 0.06614491 0.06614481 0.06612321 0.06607465 0.06605305 0.06600449 0.06598289 0.06593433 0.06591273 0.06586417 0.06584257 0.06579401 0.06568121 0.06568116 0.06568115 0.06556595 0.06556591 0.06545071 0.06545067 0.06517867 0.06517862 0.06517847 0.06517843 0.06506323 0.0650632  0.065      0.064948   0.06494796 0.06456716 0.06456711 0.06456708 0.06455268 0.06455264 0.06453824 0.06453819 0.06446299 0.06446294 0.06446289 0.06444849 0.06444844 0.06443404 0.06443399 0.06432999 0.06432994 0.0643299  0.0643155  0.06431545 0.06430105 0.064301   0.064197   0.06419695 0.06419695 0.06408175 0.06408171 0.06396651 0.06396647 0.06372327 0.06372322 0.06372318 0.06370878 0.06370873 0.06369433 0.06369428 0.06361908 0.06361903 0.06361901 0.06350381 0.06350377 0.06338857 0.06338853 0.06327333 0.06327329 0.06295009 0.06295004 0.06295004 0.06283484 0.0628348  0.0627196  0.06271956 0.06234516 0.06234511 0.06234508 0.06222988 0.06222984 0.06211464 0.06211464 0.06211459 0.06211455 0.06210015 0.06209994 0.0620999  0.0620855  0.06208528 0.06208524 0.06207084 0.06207063 0.06207059 0.06199539 0.06199472 0.06199463 0.06198023 0.06198018 0.06196578 0.06196576 0.06196576 0.06196575 0.06195135 0.06195131 0.06193691 0.06193686 0.06192246 0.06192241 0.06181841 0.0618184  0.06181831 0.06170311 0.06170307 0.06158787 0.06158784 0.06147264 0.0614726  0.0613574  0.06135736 0.06124216 0.06124212 0.06090932 0.06090931 0.06090922 0.06083581 0.06081421 0.06076565 0.06074405 0.06069549 0.06067389 0.06062533 0.06060373 0.06055517 0.06053357 0.06048501 0.06037221 0.06037216 0.06037212 0.06025692 0.06025688 0.06014168 0.06014165 0.06       0.05987605 0.059876   0.05987598 0.05976078 0.05976074 0.05964554 0.05964551 0.05922311 0.05922306 0.05922302 0.05920862 0.05920857 0.05910457 0.05910452 0.05910451 0.05909011 0.05909006 0.05907566 0.05907561 0.05897161 0.05897156 0.05897155 0.05885635 0.05885631 0.05874111 0.05874108 0.05826748 0.05826743 0.05826726 0.05826722 0.05815202 0.05815198 0.05812219 0.05812214 0.05812213 0.05810773 0.05810768 0.05809328 0.05809323 0.05807883 0.05807878 0.05806438 0.05806433 0.05796033 0.05796028 0.05796025 0.05784505 0.05784502 0.05783062 0.05783061 0.05771541 0.05771538 0.05770098 0.05770097 0.05733937 0.05733937 0.05732497 0.05732492 0.05731052 0.05731047 0.05729607 0.05729602 0.05722082 0.05722077 0.05722076 0.05720636 0.05720631 0.05719191 0.05719186 0.05717746 0.05717741 0.05710221 0.05710215 0.05710211 0.05699811 0.05699811 0.05699801 0.05697641 0.05692785 0.05690625 0.05685769 0.05683609 0.05678753 0.05676593 0.05671737 0.05669577 0.05664721 0.05653441 0.05653436 0.05653436 0.05641916 0.05641912 0.05630392 0.05630388 0.05581428 0.05581423 0.05581422 0.05569902 0.05569898 0.05558378 0.05558374 0.05525414 0.05525409 0.05525408 0.05513888 0.05513884 0.05502364 0.05502362 0.05502357 0.05502354 0.055      0.05490834 0.0549083  0.0547931  0.05479309 0.05479304 0.05479299 0.05477859 0.05477854 0.05476414 0.05476409 0.05474969 0.05474965 0.05473525 0.0547352  0.0547208  0.05472075 0.05461675 0.0546167  0.05461669 0.05460229 0.05460224 0.05458784 0.05458779 0.05451259 0.05451254 0.05451254 0.05439734 0.05439734 0.0543973  0.0542821  0.05428209 0.05428206 0.05428201 0.054282   0.0542676  0.05426755 0.05425315 0.0542531  0.0542387  0.05423865 0.05413465 0.0541346  0.05413458 0.05401938 0.05401934 0.05390414 0.0539041  0.0534081  0.05340805 0.05340803 0.05339363 0.05339358 0.05337918 0.05337913 0.05330393 0.05330388 0.05330386 0.05318866 0.05318865 0.05317425 0.05317423 0.05305903 0.05305901 0.05304461 0.05304459 0.05259979 0.05259962 0.05248442 0.05248439 0.05236919 0.05236918 0.05236917 0.05236916 0.05225396 0.05225392 0.05213872 0.05213868 0.05202348 0.05202345 0.05158185 0.05158185 0.05158175 0.05156015 0.05151159 0.05148999 0.05144143 0.05141983 0.05137127 0.05134967 0.05130111 0.05127951 0.05123095 0.05111815 0.0511181  0.05111807 0.05100287 0.05100283 0.05088763 0.05088759 0.05057079 0.05057074 0.0505707  0.0504555  0.05045546 0.05034026 0.05034023 0.05022503 0.05022499 0.05       0.04978659 0.04978654 0.04978651 0.04967131 0.04967127 0.04955607 0.04955603 0.04929043 0.04929038 0.04929033 0.04927593 0.04927588 0.04926148 0.04926144 0.04915744 0.04915739 0.04915735 0.04914295 0.04914291 0.04912851 0.04912846 0.04911406 0.04911401 0.04901001 0.04900996 0.04900992 0.04889472 0.04889469 0.04877949 0.04877945 0.04837625 0.0483762  0.04837619 0.04826099 0.04826095 0.04814575 0.04814571 0.04773291 0.04773286 0.04773285 0.04771845 0.0477184  0.047704   0.04770395 0.04768955 0.0476895  0.0476143  0.04761425 0.04761425 0.04759985 0.0475998  0.0475854  0.04758535 0.04751015 0.04751011],linear,vector,residualEnergyCapacityChanged,Residual energy capacity,J,Attacco_Burst,20251005-12:01:08,20251005-120108,Attacco_Burst,omnetppB-MAC.ini,,,,,NetworkA,4774,0,#0,results,0,0,NetworkA.sensor3.energyStorage
0,Attacco_Burst-0-20251005-12:01:08-4774,NetworkA.sensor4.energyStorage,residualEnergyCapacity:vector,[0.00000000e+00 2.39988586e-02 4.39988586e-02 9.39988586e-02 9.62798750e-02 9.65678750e-02 1.06279875e-01 1.06567875e-01 1.16279875e-01 1.17783875e-01 1.67783875e-01 1.87783875e-01 2.37783875e-01 2.57783875e-01 3.07783875e-01 3.27783875e-01 3.77783875e-01 3.97783875e-01 4.47783875e-01 4.67783875e-01 5.17783875e-01 5.37783875e-01 5.87783875e-01 5.90595463e-01 5.92899463e-01 6.00595463e-01 6.02899463e-01 6.10595463e-01 6.12899463e-01 6.20595463e-01 6.22899463e-01 6.30595463e-01 6.35971463e-01 6.85971463e-01 6.88336977e-01 6.88624977e-01 6.98336977e-01 6.98624977e-01 7.08336977e-01 7.09840977e-01 7.59840977e-01 7.62708097e-01 7.65012097e-01 7.72708097e-01 7.75012097e-01 7.82708097e-01 7.92628097e-01 8.42628097e-01 8.43825475e-01 8.51521475e-01 8.53825475e-01 8.61521475e-01 8.63825475e-01 8.71521475e-01 8.73825475e-01 8.81521475e-01 8.90737475e-01 9.40737475e-01 9.42855627e-01 9.45159627e-01 9.52855627e-01 9.55159627e-01 9.62855627e-01 9.72711627e-01 1.02271163e+00 1.02800274e+00 1.03030674e+00 1.03800274e+00 1.04030674e+00 1.04800274e+00 1.05689874e+00 1.10689874e+00 1.11013501e+00 1.11042301e+00 1.12013501e+00 1.12221501e+00 1.17221501e+00 1.17259088e+00 1.17489488e+00 1.18259088e+00 1.18489488e+00 1.19259088e+00 1.20052688e+00 1.25052688e+00 1.25700970e+00 1.25931370e+00 1.26700970e+00 1.26931370e+00 1.27700970e+00 1.28005933e+00 1.28366570e+00 1.33366570e+00 1.33811213e+00 1.34041613e+00 1.34811213e+00 1.35041613e+00 1.35811213e+00 1.36412813e+00 1.41412813e+00 1.42131833e+00 1.42160633e+00 1.43131833e+00 1.43160633e+00 1.44131833e+00 1.44282233e+00 1.49282233e+00 1.49386706e+00 1.50156306e+00 1.50386706e+00 1.51156306e+00 1.51386706e+00 1.52156306e+00 1.52841106e+00 1.57841106e+00 1.58039667e+00 1.58270067e+00 1.59039667e+00 1.59270067e+00 1.60039667e+00 1.60884467e+00 1.65884467e+00 1.66218003e+00 1.66246803e+00 1.67218003e+00 1.67246803e+00 1.68218003e+00 1.68246803e+00 1.69218003e+00 1.69368403e+00 1.74368403e+00 1.74674683e+00 1.74703483e+00 1.75674683e+00 1.75703483e+00 1.76674683e+00 1.76703483e+00 1.77674683e+00 1.77882683e+00 1.82882683e+00 1.83303448e+00 1.83332248e+00 1.84303448e+00 1.84332248e+00 1.85303448e+00 1.85511448e+00 1.89210894e+00 1.90142305e+00 1.90171105e+00 1.91142305e+00 1.91171105e+00 1.92142305e+00 1.92171105e+00 1.93142305e+00 1.93350305e+00 1.94655886e+00 1.95554395e+00 1.95583195e+00 1.96554395e+00 1.96583195e+00 1.97554395e+00 1.97583195e+00 1.98554395e+00 1.98583195e+00 1.99554395e+00 1.99583195e+00 2.00554395e+00 2.00762395e+00 2.02068611e+00 2.03268984e+00 2.03297784e+00 2.04268984e+00 2.04297784e+00 2.05268984e+00 2.05297784e+00 2.06268984e+00 2.06297784e+00 2.07268984e+00 2.07297784e+00 2.08268984e+00 2.08419384e+00 2.08640135e+00 2.10640135e+00 2.10668935e+00 2.11640135e+00 2.11668935e+00 2.12640135e+00 2.12668935e+00 2.13640135e+00 2.13668935e+00 2.14640135e+00 2.14668935e+00 2.15640135e+00 2.15790535e+00 2.20790535e+00 2.21066907e+00 2.21095707e+00 2.22066907e+00 2.22095707e+00 2.23066907e+00 2.23274907e+00 2.28274907e+00 2.28302058e+00 2.28532458e+00 2.29302058e+00 2.29532458e+00 2.30302058e+00 2.30852458e+00 2.35852458e+00 2.36046660e+00 2.36277060e+00 2.37046660e+00 2.37277060e+00 2.38046660e+00 2.38526660e+00 2.43526660e+00 2.43718857e+00 2.43949257e+00 2.44718857e+00 2.44949257e+00 2.45718857e+00 2.46287738e+00 2.46467657e+00 2.51467657e+00 2.51486910e+00 2.51515710e+00 2.52486910e+00 2.52515710e+00 2.53486910e+00 2.53515710e+00 2.54486910e+00 2.54637310e+00 2.59637310e+00 2.60539633e+00 2.60568433e+00 2.61539633e+00 2.61568433e+00 2.62539633e+00 2.62690033e+00 2.67690033e+00 2.67730008e+00 2.67758808e+00 2.68730008e+00 2.68758808e+00 2.69730008e+00 2.69938008e+00 2.74938008e+00 2.75503630e+00 2.75734030e+00 2.76503630e+00 2.76734030e+00 2.77503630e+00 2.78022030e+00 2.83022030e+00 2.83211603e+00 2.83981203e+00 2.84211603e+00 2.84981203e+00 2.85211603e+00 2.85981203e+00 2.86211603e+00 2.86981203e+00 2.87480403e+00 2.88116370e+00 2.90116370e+00 2.90145170e+00 2.91116370e+00 2.91145170e+00 2.92116370e+00 2.92145170e+00 2.93116370e+00 2.93145170e+00 2.94116370e+00 2.94145170e+00 2.95116370e+00 2.95266770e+00 3.00266770e+00 3.00395075e+00 3.00423875e+00 3.01395075e+00 3.01423875e+00 3.02395075e+00 3.02545475e+00 3.07545475e+00 3.07675855e+00 3.07704655e+00 3.08675855e+00 3.08704655e+00 3.09675855e+00 3.09704655e+00 3.10675855e+00 3.10883855e+00 3.15883855e+00 3.16414634e+00 3.16443434e+00 3.17414634e+00 3.17443434e+00 3.18414634e+00 3.18622634e+00 3.23622634e+00 3.23810523e+00 3.24040923e+00 3.24810523e+00 3.25040923e+00 3.25810523e+00 3.26789723e+00 3.31789723e+00 3.32345165e+00 3.32373965e+00 3.33345165e+00 3.33373965e+00 3.34345165e+00 3.34495565e+00 3.39495565e+00 3.39514287e+00 3.39744687e+00 3.40514287e+00 3.40744687e+00 3.41514287e+00 3.42365487e+00 3.47365487e+00 3.47629083e+00 3.47859483e+00 3.48629083e+00 3.48859483e+00 3.49629083e+00 3.50416283e+00 3.55416283e+00 3.55782668e+00 3.55811468e+00 3.56782668e+00 3.56811468e+00 3.57782668e+00 3.57933068e+00 3.62933068e+00 3.63672690e+00 3.63903090e+00 3.64672690e+00 3.64903090e+00 3.65672690e+00 3.66035509e+00 3.66376690e+00 3.71376690e+00 3.73376690e+00 3.78376690e+00 3.79072875e+00 3.79280875e+00 3.84280875e+00 3.84778381e+00 3.84807181e+00 3.85778381e+00 3.85807181e+00 3.86778381e+00 3.86986381e+00 3.88170465e+00 3.89778578e+00 3.89807378e+00 3.90778578e+00 3.90807378e+00 3.91778578e+00 3.91807378e+00 3.92778578e+00 3.92807378e+00 3.93778578e+00 3.93807378e+00 3.94778578e+00 3.94986578e+00 3.96769687e+00 3.97432741e+00 3.97461541e+00 3.98432741e+00 3.98461541e+00 3.99432741e+00 3.99461541e+00 4.00432741e+00 4.00461541e+00 4.01432741e+00 4.01461541e+00 4.02432741e+00 4.02640741e+00 4.03539136e+00 4.05534992e+00 4.05539136e+00 4.05567936e+00 4.06539136e+00 4.06567936e+00 4.07539136e+00 4.07567936e+00 4.08539136e+00 4.08567936e+00 4.09539136e+00 4.09567936e+00 4.10539136e+00 4.10689536e+00 4.15689536e+00 4.16128063e+00 4.16358463e+00 4.17128063e+00 4.17358463e+00 4.18128063e+00 4.18358463e+00 4.19128063e+00 4.20017663e+00 4.25017663e+00 4.25620812e+00 4.25851212e+00 4.26620812e+00 4.26851212e+00 4.27620812e+00 4.28472012e+00 4.33472012e+00 4.33742965e+00 4.33771765e+00 4.34742965e+00 4.34771765e+00 4.35742965e+00 4.35893365e+00 4.40893365e+00 4.41099101e+00 4.41329501e+00 4.42099101e+00 4.42329501e+00 4.43099101e+00 4.43854301e+00 4.48854301e+00 4.49450866e+00 4.49681266e+00 4.50450866e+00 4.50681266e+00 4.51450866e+00 4.52001266e+00 4.57001266e+00 4.57337518e+00 4.57366318e+00 4.58337518e+00 4.58366318e+00 4.59337518e+00 4.59545518e+00 4.64545518e+00 4.64849732e+00 4.65080132e+00 4.65483445e+00 4.65512245e+00 4.65849732e+00 4.66080132e+00 4.66483445e+00 4.66512245e+00 4.66849732e+00 4.67080132e+00 4.67483445e+00 4.67512245e+00 4.67849732e+00 4.68342532e+00 4.68483445e+00 4.68633845e+00 4.73633845e+00 4.73701914e+00 4.73730714e+00 4.74701914e+00 4.74730714e+00 4.75701914e+00 4.75909914e+00 4.80909914e+00 4.81352439e+00 4.81381239e+00 4.82352439e+00 4.82381239e+00 4.83352439e+00 4.83559492e+00 4.83560439e+00 4.88563831e+00 4.89432169e+00 4.89460969e+00 4.90432169e+00 4.90460969e+00 4.91432169e+00 4.91640169e+00 4.91839307e+00 4.93839307e+00 4.93868107e+00 4.94839307e+00 4.94868107e+00 4.95839307e+00 4.95868107e+00 4.96839307e+00 4.96868107e+00 4.97839307e+00 4.97868107e+00 4.98839307e+00 4.98989707e+00 5.03989707e+00 5.04323412e+00 5.04352212e+00 5.05323412e+00 5.05352212e+00 5.06323412e+00 5.06473812e+00 5.11473812e+00 5.11527011e+00 5.12296611e+00 5.12527011e+00 5.13296611e+00 5.13527011e+00 5.14296611e+00 5.15122211e+00 5.20122211e+00 5.20260549e+00 5.20289349e+00 5.21260549e+00 5.21289349e+00 5.22260549e+00 5.22410949e+00 5.27410949e+00 5.28157533e+00 5.28186333e+00 5.29157533e+00 5.29186333e+00 5.30157533e+00 5.30365533e+00 5.35365533e+00 5.35436091e+00 5.36205691e+00 5.36436091e+00 5.37205691e+00 5.37436091e+00 5.38205691e+00 5.39044091e+00 5.44044091e+00 5.44549973e+00 5.44578773e+00 5.45549973e+00 5.45578773e+00 5.46549973e+00 5.46757973e+00 5.51757973e+00 5.52490745e+00 5.52721145e+00 5.53490745e+00 5.53721145e+00 5.54490745e+00 5.54721145e+00 5.55490745e+00 5.56354745e+00 5.61354745e+00 5.61388001e+00 5.61618401e+00 5.62388001e+00 5.62618401e+00 5.63388001e+00 5.64060001e+00 5.69060001e+00 5.69083432e+00 5.69112232e+00 5.70083432e+00 5.70112232e+00 5.71083432e+00 5.71233832e+00 5.76233832e+00 5.76953794e+00 5.77184194e+00 5.77953794e+00 5.78184194e+00 5.78953794e+00 5.79452994e+00 5.84452994e+00 5.84571641e+00 5.85341241e+00 5.85571641e+00 5.86341241e+00 5.86571641e+00 5.87341241e+00 5.87571641e+00 5.88341241e+00 5.88904441e+00 5.89304434e+00 5.91304434e+00 5.91333234e+00 5.92304434e+00 5.92316268e+00 5.92333234e+00 5.93304434e+00 5.93333234e+00 5.94304434e+00 5.94333234e+00 5.95304434e+00 5.95333234e+00 5.96304434e+00 5.96454834e+00 6.01454834e+00 6.01491887e+00 6.01520687e+00 6.02491887e+00 6.02520687e+00 6.03491887e+00 6.03642287e+00 6.08642287e+00 6.09569192e+00 6.09597992e+00 6.10569192e+00 6.10597992e+00 6.11569192e+00 6.11777192e+00 6.16777192e+00 6.17467895e+00 6.17496695e+00 6.18467895e+00 6.18496695e+00 6.19467895e+00 6.19675895e+00 6.24675895e+00 6.24892405e+00 6.24921205e+00 6.25892405e+00 6.25921205e+00 6.26892405e+00 6.26921205e+00 6.27892405e+00 6.28042805e+00 6.33042805e+00 6.33106485e+00 6.33135285e+00 6.34106485e+00 6.34135285e+00 6.35106485e+00 6.35314485e+00 6.40314485e+00 6.42314485e+00 6.47314485e+00 6.49314485e+00 6.54314485e+00 6.54314489e+00 6.54464889e+00 6.59464889e+00 6.60193457e+00 6.60423857e+00 6.61193457e+00 6.61423857e+00 6.62193457e+00 6.62423857e+00 6.63193457e+00 6.63692657e+00 6.68692657e+00 6.69152901e+00 6.69383301e+00 6.70152901e+00 6.70383301e+00 6.71152901e+00 6.71383301e+00 6.72152901e+00 6.73119301e+00 6.78119301e+00 6.78337556e+00 6.78366356e+00 6.79337556e+00 6.79366356e+00 6.80337556e+00 6.80545556e+00 6.85545556e+00 6.85970345e+00 6.86200745e+00 6.86970345e+00 6.87200745e+00 6.87970345e+00 6.88840745e+00 6.89979892e+00 6.91213131e+00 6.91443531e+00 6.92213131e+00 6.92443531e+00 6.93213131e+00 6.93443531e+00 6.94213131e+00 6.94443531e+00 6.95213131e+00 6.95443531e+00 6.96213131e+00 6.96968331e+00 6.98443531e+00 6.99312364e+00 6.99369322e+00 7.00138922e+00 7.00369322e+00 7.01138922e+00 7.01369322e+00 7.02138922e+00 7.02369322e+00 7.03138922e+00 7.03369322e+00 7.04138922e+00 7.04699144e+00 7.04855722e+00 7.06248409e+00 7.07831397e+00 7.08061797e+00 7.08831397e+00 7.09061797e+00 7.09831397e+00 7.10061797e+00 7.10831397e+00 7.11061797e+00 7.11831397e+00 7.12061797e+00 7.12831397e+00 7.13650597e+00 7.14009805e+00 7.15665768e+00 7.15694568e+00 7.16665768e+00 7.16694568e+00 7.17665768e+00 7.17694568e+00 7.18665768e+00 7.18694568e+00 7.19665768e+00 7.19694568e+00 7.20665768e+00 7.20873768e+00 7.22582996e+00 7.22923126e+00 7.22951926e+00 7.23923126e+00 7.23951926e+00 7.24923126e+00 7.24951926e+00 7.25923126e+00 7.25951926e+00 7.26923126e+00 7.26951926e+00 7.27923126e+00 7.28131126e+00 7.29489911e+00 7.31038527e+00 7.31268927e+00 7.32038527e+00 7.32268927e+00 7.33038527e+00 7.33268927e+00 7.34038527e+00 7.34268927e+00 7.35038527e+00 7.35268927e+00 7.36038527e+00 7.36646527e+00 7.38268927e+00 7.38310229e+00 7.39972684e+00 7.40203084e+00 7.40972684e+00 7.41203084e+00 7.41972684e+00 7.42203084e+00 7.42972684e+00 7.43203084e+00 7.43972684e+00 7.44203084e+00 7.44972684e+00 7.45881484e+00 7.47398241e+00 7.48339922e+00 7.48570322e+00 7.49339922e+00 7.49570322e+00 7.50339922e+00 7.50570322e+00 7.51339922e+00 7.51570322e+00 7.52339922e+00 7.52570322e+00 7.53339922e+00 7.54287122e+00 7.55463756e+00 7.57054053e+00 7.57082853e+00 7.58054053e+00 7.58082853e+00 7.59054053e+00 7.59082853e+00 7.60054053e+00 7.60082853e+00 7.61054053e+00 7.61082853e+00 7.62054053e+00 7.62204453e+00 7.63243875e+00 7.64853819e+00 7.64882619e+00 7.65853819e+00 7.65882619e+00 7.66853819e+00 7.66882619e+00 7.67853819e+00 7.67882619e+00 7.68853819e+00 7.68882619e+00 7.69853819e+00 7.70061819e+00 7.71319782e+00 7.72061937e+00 7.72292337e+00 7.73061937e+00 7.73292337e+00 7.74061937e+00 7.74197797e+00 7.74292337e+00 7.75061937e+00 7.75292337e+00 7.76061937e+00 7.76292337e+00 7.77061937e+00 7.77804337e+00 7.78655240e+00 7.80428057e+00 7.80655240e+00 7.80684040e+00 7.81655240e+00 7.81684040e+00 7.82655240e+00 7.82684040e+00 7.83655240e+00 7.83684040e+00 7.84655240e+00 7.84684040e+00 7.85655240e+00 7.85805640e+00 7.93847816e+00 7.94191929e+00 7.94220729e+00 7.95191929e+00 7.95399929e+00 7.95451255e+00 7.97451255e+00 7.97480055e+00 7.98451255e+00 7.98480055e+00 7.99451255e+00 7.99480055e+00 8.00451255e+00 8.00480055e+00 8.01451255e+00 8.01480055e+00 8.02451255e+00 8.02601655e+00 8.07601655e+00 8.08350008e+00 8.08580408e+00 8.09350008e+00 8.09580408e+00 8.10350008e+00 8.11054008e+00 8.16054008e+00 8.16474226e+00 8.16503026e+00 8.17474226e+00 8.17624626e+00 8.22624626e+00 8.22850471e+00 8.23620071e+00 8.23850471e+00 8.24620071e+00 8.25356071e+00 8.30356071e+00 8.30620207e+00 8.30850607e+00 8.31620207e+00 8.31850607e+00 8.32620207e+00 8.33330607e+00 8.38330607e+00 8.38697167e+00 8.38927567e+00 8.39697167e+00 8.39927567e+00 8.40697167e+00 8.41337167e+00 8.46337167e+00 8.47048393e+00 8.47278793e+00 8.48048393e+00 8.48278793e+00 8.49048393e+00 8.49752393e+00 8.54752393e+00 8.54770288e+00 8.55741488e+00 8.55770288e+00 8.56741488e+00 8.56770288e+00 8.57741488e+00 8.57949488e+00 8.62949488e+00 8.63134684e+00 8.63163484e+00 8.64134684e+00 8.64163484e+00 8.65134684e+00 8.65285084e+00 8.70285084e+00 8.70451934e+00 8.70611067e+00 8.70682334e+00 8.71451934e+00 8.71682334e+00 8.72451934e+00 8.73123934e+00 8.78123934e+00 8.78622443e+00 8.78852843e+00 8.79622443e+00 8.79852843e+00 8.80622443e+00 8.80852843e+00 8.81622443e+00 8.82288043e+00 8.88881897e+00 8.89456995e+00 8.89687395e+00 8.90456995e+00 8.91052195e+00 8.91252783e+00 8.93252783e+00 8.93281583e+00 8.94252783e+00 8.94281583e+00 8.95252783e+00 8.95281583e+00 8.96252783e+00 8.96281583e+00 8.97252783e+00 8.97281583e+00 8.98252783e+00 8.98403183e+00 9.03403183e+00 9.03436052e+00 9.03464852e+00 9.04436052e+00 9.04464852e+00 9.05436052e+00 9.05586452e+00 9.10586452e+00 9.10604935e+00 9.10633735e+00 9.11604935e+00 9.11633735e+00 9.12604935e+00 9.12812935e+00 9.17812935e+00 9.18168852e+00 9.18197652e+00 9.19168852e+00 9.19197652e+00 9.20168852e+00 9.20197652e+00 9.21168852e+00 9.21319252e+00 9.26319252e+00 9.26882714e+00 9.26911514e+00 9.27882714e+00 9.27911514e+00 9.28882714e+00 9.29090714e+00 9.34090714e+00 9.34218633e+00 9.34449033e+00 9.35218633e+00 9.35449033e+00 9.36218633e+00 9.36807433e+00 9.41807433e+00 9.42382517e+00 9.42612917e+00 9.43382517e+00 9.43612917e+00 9.44382517e+00 9.44612917e+00 9.45382517e+00 9.45984117e+00 9.50984117e+00 9.51301134e+00 9.51329934e+00 9.52301134e+00 9.52329934e+00 9.53301134e+00 9.53329934e+00 9.54301134e+00 9.54329934e+00 9.55301134e+00 9.55509134e+00 9.60509134e+00 9.60533647e+00 9.61504847e+00 9.61533647e+00 9.62504847e+00 9.62533647e+00 9.63504847e+00 9.63655247e+00 9.68655247e+00 9.69043937e+00 9.69274337e+00 9.70043937e+00 9.70274337e+00 9.71043937e+00 9.71895137e+00 9.76895137e+00 9.76921611e+00 9.77152011e+00 9.77921611e+00 9.78152011e+00 9.78921611e+00 9.79211403e+00 9.79670411e+00 9.84670411e+00 9.85395031e+00 9.85625431e+00 9.86395031e+00 9.86625431e+00 9.87395031e+00 9.87625431e+00 9.88395031e+00 9.89310231e+00 9.90589176e+00 9.91350712e+00 9.91379512e+00 9.92350712e+00 9.92379512e+00 9.93350712e+00 9.93379512e+00 9.94350712e+00 9.94379512e+00 9.95350712e+00 9.95379512e+00 9.96350712e+00 9.96558712e+00 9.97295882e+00 9.98832520e+00 9.98861320e+00 9.99832520e+00 9.99861320e+00 1.00083252e+01 1.00086132e+01 1.00183252e+01 1.00186132e+01 1.00283252e+01 1.00286132e+01 1.00383252e+01 1.00398292e+01 1.00457860e+01 1.00657860e+01 1.00660740e+01 1.00757860e+01 1.00760740e+01 1.00857860e+01 1.00860740e+01 1.00957860e+01 1.00960740e+01 1.01057860e+01 1.01060740e+01 1.01157860e+01 1.01172900e+01 1.01672900e+01 1.01697033e+01 1.01699913e+01 1.01797033e+01 1.01799913e+01 1.01897033e+01 1.01912073e+01 1.02412073e+01 1.02431642e+01 1.02454682e+01 1.02531642e+01 1.02554682e+01 1.02631642e+01 1.02684122e+01 1.03184122e+01 1.03188386e+01 1.03265346e+01 1.03288386e+01 1.03365346e+01 1.03388386e+01 1.03465346e+01 1.03559426e+01 1.04059426e+01 1.04077050e+01 1.04154010e+01 1.04177050e+01 1.04254010e+01 1.04277050e+01 1.04354010e+01 1.04377050e+01 1.04454010e+01 1.04507130e+01 1.05007130e+01 1.05020261e+01 1.05023141e+01 1.05120261e+01 1.05123141e+01 1.05220261e+01 1.05241061e+01 1.05741061e+01 1.05762655e+01 1.05765535e+01 1.05862655e+01 1.05865535e+01 1.05962655e+01 1.05977695e+01 1.06477695e+01 1.06544324e+01 1.06547204e+01 1.06644324e+01 1.06647204e+01 1.06744324e+01 1.06765124e+01 1.07265124e+01 1.07281344e+01 1.07284224e+01 1.07381344e+01 1.07384224e+01 1.07481344e+01 1.07502144e+01 1.08002144e+01 1.08083592e+01 1.08086472e+01 1.08183592e+01 1.08186472e+01 1.08283592e+01 1.08304392e+01 1.08607470e+01 1.08649512e+01 1.08672552e+01 1.08749512e+01 1.08772552e+01 1.08849512e+01 1.08872552e+01 1.08949512e+01 1.08972552e+01 1.09049512e+01 1.09072552e+01 1.09149512e+01 1.09161033e+01 1.09204552e+01 1.09366637e+01 1.09422473e+01 1.09425353e+01 1.09522473e+01 1.09525353e+01 1.09622473e+01 1.09625353e+01 1.09722473e+01 1.09725353e+01 1.09822473e+01 1.09825353e+01 1.09922473e+01 1.09937513e+01 1.10087939e+01 1.10221621e+01 1.10224501e+01 1.10246983e+01 1.10321621e+01 1.10324501e+01 1.10346983e+01 1.10421621e+01 1.10424501e+01 1.10446983e+01 1.10521621e+01 1.10524501e+01 1.10546983e+01 1.10621621e+01 1.10624501e+01 1.10646983e+01 1.10721621e+01 1.10742421e+01 1.10796486e+01 1.10796903e+01 1.10961731e+01 1.10964611e+01 1.11061731e+01 1.11064611e+01 1.11161731e+01 1.11164611e+01 1.11261731e+01 1.11264611e+01 1.11361731e+01 1.11364611e+01 1.11461731e+01 1.11482531e+01 1.11574234e+01 1.11734954e+01 1.11737834e+01 1.11834954e+01 1.11837834e+01 1.11934954e+01 1.11937834e+01 1.12034954e+01 1.12037834e+01 1.12134954e+01 1.12137834e+01 1.12234954e+01 1.12255754e+01 1.12342442e+01 1.12512458e+01 1.12515338e+01 1.12612458e+01 1.12615338e+01 1.12712458e+01 1.12715338e+01 1.12812458e+01 1.12815338e+01 1.12912458e+01 1.12915338e+01 1.13012458e+01 1.13033258e+01 1.13135126e+01 1.13250534e+01 1.13273574e+01 1.13335126e+01 1.13338006e+01 1.13435126e+01 1.13438006e+01 1.13535126e+01 1.13538006e+01 1.13635126e+01 1.13638006e+01 1.13735126e+01 1.13738006e+01 1.13835126e+01 1.13850166e+01 1.14350166e+01 1.14357264e+01 1.14380304e+01 1.14457264e+01 1.14480304e+01 1.14557264e+01 1.14619344e+01 1.15119344e+01 1.15138008e+01 1.15140888e+01 1.15238008e+01 1.15240888e+01 1.15338008e+01 1.15340888e+01 1.15438008e+01 1.15453048e+01 1.15953048e+01 1.16004933e+01 1.16027973e+01 1.16104933e+01 1.16127973e+01 1.16204933e+01 1.16258053e+01 1.16758053e+01 1.16793726e+01 1.16816766e+01 1.16893726e+01 1.16916766e+01 1.16993726e+01 1.17045566e+01 1.17545566e+01 1.17547504e+01 1.17570544e+01 1.17647504e+01 1.17670544e+01 1.17747504e+01 1.17837744e+01 1.18337744e+01 1.18364437e+01 1.18387477e+01 1.18464437e+01 1.18487477e+01 1.18564437e+01 1.18627157e+01 1.18661979e+01 1.18861979e+01 1.18864859e+01 1.18961979e+01 1.18964859e+01 1.19061979e+01 1.19064859e+01 1.19161979e+01 1.19164859e+01 1.19261979e+01 1.19264859e+01 1.19361979e+01 1.19377019e+01 1.19877019e+01 1.19884092e+01 1.19886972e+01 1.19984092e+01 1.19984115e+01 1.19986972e+01 1.20084092e+01 1.20104892e+01 1.20604892e+01 1.20636866e+01 1.20639746e+01 1.20736866e+01 1.20739746e+01 1.20836866e+01 1.20851906e+01 1.21351906e+01 1.21407426e+01 1.21410306e+01 1.21507426e+01 1.21510306e+01 1.21607426e+01 1.21622466e+01 1.22122466e+01 1.22148239e+01 1.22171279e+01 1.22248239e+01 1.22271279e+01 1.22348239e+01 1.22427599e+01 1.22927599e+01 1.22992736e+01 1.23015776e+01 1.23092736e+01 1.23115776e+01 1.23192736e+01 1.23275296e+01 1.23775296e+01 1.23779133e+01 1.23856093e+01 1.23879133e+01 1.23956093e+01 1.23979133e+01 1.24056093e+01 1.24079133e+01 1.24156093e+01 1.24216893e+01 1.24716893e+01 1.24799865e+01 1.24802745e+01 1.24899865e+01 1.24902745e+01 1.24999865e+01 1.25020665e+01 1.25520665e+01 1.25523511e+01 1.25600471e+01 1.25623511e+01 1.25700471e+01 1.25723511e+01 1.25800471e+01 1.25884951e+01 1.26384951e+01 1.26479595e+01 1.26482475e+01 1.26579595e+01 1.26582475e+01 1.26679595e+01 1.26694635e+01 1.27194635e+01 1.27200049e+01 1.27202929e+01 1.27300049e+01 1.27302929e+01 1.27400049e+01 1.27420849e+01 1.27920849e+01 1.27968853e+01 1.27971733e+01 1.28068853e+01 1.28071733e+01 1.28168853e+01 1.28189653e+01 1.28904328e+01 1.28954327e+01 1.29104328e+01 1.29107208e+01 1.29204328e+01 1.29207208e+01 1.29304328e+01 1.29307208e+01 1.29404328e+01 1.29407208e+01 1.29504328e+01 1.29507208e+01 1.29604328e+01 1.29619368e+01 1.30119368e+01 1.30130932e+01 1.30153972e+01 1.30230932e+01 1.30253972e+01 1.30330932e+01 1.30353972e+01 1.30430932e+01 1.30501332e+01 1.31001332e+01 1.31020826e+01 1.31023706e+01 1.31120826e+01 1.31123706e+01 1.31220826e+01 1.31235866e+01 1.31735866e+01 1.31767393e+01 1.31770273e+01 1.31867393e+01 1.31870273e+01 1.31967393e+01 1.31988193e+01 1.32488193e+01 1.32489559e+01 1.32551298e+01 1.32574338e+01 1.32586679e+01 1.32589559e+01 1.32651298e+01 1.32664862e+01 1.32674338e+01 1.32686679e+01 1.32689559e+01 1.32751298e+01 1.32774338e+01 1.32786679e+01 1.32789559e+01 1.32851298e+01 1.32947938e+01 1.33107761e+01 1.33110641e+01 1.33207761e+01 1.33210641e+01 1.33289559e+01 1.33789559e+01 1.33954341e+01 1.33957221e+01 1.33978324e+01 1.34054341e+01 1.34057221e+01 1.34078324e+01 1.34154341e+01 1.34157221e+01 1.34178324e+01 1.34254341e+01 1.34257221e+01 1.34278324e+01 1.34354341e+01 1.34357221e+01 1.34378324e+01 1.34454341e+01 1.34475141e+01 1.34975141e+01 1.35020279e+01 1.35043319e+01 1.35120279e+01 1.35143319e+01 1.35220279e+01 1.35243319e+01 1.35320279e+01 1.35405399e+01 1.35905399e+01 1.35938704e+01 1.35941584e+01 1.36038704e+01 1.36041584e+01 1.36138704e+01 1.36159504e+01 1.36659504e+01 1.36683459e+01 1.36706499e+01 1.36783459e+01 1.36806499e+01 1.36883459e+01 1.36968579e+01 1.37468579e+01 1.37539653e+01 1.37562693e+01 1.37563234e+01 1.37639653e+01 1.37662693e+01 1.37663234e+01 1.37668579e+01 1.38168579e+01 1.38361406e+01 1.38364286e+01 1.38461406e+01 1.38464286e+01 1.38561406e+01 1.38564286e+01 1.38661406e+01 1.38664286e+01 1.38761406e+01 1.38764286e+01 1.38861406e+01 1.38882206e+01 1.38900611e+01 1.39100611e+01 1.39103491e+01 1.39200611e+01 1.39203491e+01 1.39300611e+01 1.39303491e+01 1.39400611e+01 1.39403491e+01 1.39500611e+01 1.39503491e+01 1.39600611e+01 1.39615651e+01 1.40115651e+01 1.40163086e+01 1.40165966e+01 1.40263086e+01 1.40265966e+01 1.40363086e+01 1.40383886e+01 1.40883886e+01 1.40890380e+01 1.40893260e+01 1.40990380e+01 1.40993260e+01 1.41090380e+01 1.41105420e+01 1.41605420e+01 1.41656511e+01 1.41679551e+01 1.41756511e+01 1.41779551e+01 1.41856511e+01 1.41930111e+01 1.42328180e+01 1.42351220e+01 1.42379551e+01 1.42879551e+01 1.42908820e+01 1.43079551e+01 1.43579551e+01 1.43636573e+01 1.43659613e+01 1.43736573e+01 1.43789053e+01 1.44289053e+01 1.44317058e+01 1.44340098e+01 1.44417058e+01 1.44440098e+01 1.44517058e+01 1.44540098e+01 1.44617058e+01 1.44619632e+01 1.44711138e+01 1.45211138e+01 1.45224199e+01 1.45247239e+01 1.45324199e+01 1.45347239e+01 1.45424199e+01 1.45495239e+01 1.45995239e+01 1.45997252e+01 1.46094372e+01 1.46097252e+01 1.46194372e+01 1.46215172e+01 1.46715172e+01 1.46791319e+01 1.46814359e+01 1.46891319e+01 1.46914359e+01 1.46991319e+01 1.47078999e+01 1.47578999e+01 1.47628211e+01 1.47651251e+01 1.47728211e+01 1.47751251e+01 1.47828211e+01 1.47925491e+01 1.48425491e+01 1.48505878e+01 1.48508758e+01 1.48605878e+01 1.48608758e+01 1.48705878e+01 1.48726678e+01 1.48812245e+01 1.48984089e+01 1.49007129e+01 1.49084089e+01 1.49107129e+01 1.49184089e+01 1.49207129e+01 1.49284089e+01 1.49307129e+01 1.49384089e+01 1.49407129e+01 1.49484089e+01 1.49551289e+01 1.49745070e+01 1.49796216e+01 1.49799096e+01 1.49896216e+01 1.49899096e+01 1.49996216e+01 1.49999096e+01 1.50096216e+01 1.50099096e+01 1.50196216e+01 1.50211256e+01 1.50396249e+01 1.50483888e+01 1.50486768e+01 1.50583888e+01 1.50586768e+01 1.50683888e+01 1.50686768e+01 1.50783888e+01 1.50786768e+01 1.50883888e+01 1.50886768e+01 1.50983888e+01 1.51004688e+01 1.51074392e+01 1.51251214e+01 1.51254094e+01 1.51351214e+01 1.51354094e+01 1.51451214e+01 1.51454094e+01 1.51551214e+01 1.51554094e+01 1.51651214e+01 1.51654094e+01 1.51751214e+01 1.51772014e+01 1.51969112e+01 1.52023461e+01 1.52026341e+01 1.52123461e+01 1.52126341e+01 1.52223461e+01 1.52226341e+01 1.52323461e+01 1.52326341e+01 1.52423461e+01 1.52426341e+01 1.52523461e+01 1.52538501e+01 1.52597812e+01 1.52797812e+01 1.52800692e+01 1.52897812e+01 1.52900692e+01 1.52997812e+01 1.53000692e+01 1.53097812e+01 1.53100692e+01 1.53197812e+01 1.53200692e+01 1.53297812e+01 1.53312852e+01 1.53812852e+01 1.53834034e+01 1.53836914e+01 1.53934034e+01 1.53936914e+01 1.54034034e+01 1.54049074e+01 1.54549074e+01 1.54639265e+01 1.54642145e+01 1.54739265e+01 1.54742145e+01 1.54839265e+01 1.54842145e+01 1.54939265e+01 1.54960065e+01 1.55460065e+01 1.55471736e+01 1.55474616e+01 1.55571736e+01 1.55574616e+01 1.55671736e+01 1.55677646e+01 1.55692536e+01 1.56192536e+01 1.56219100e+01 1.56221980e+01 1.56319100e+01 1.56321980e+01 1.56419100e+01 1.56434140e+01 1.56934140e+01 1.57008999e+01 1.57032039e+01 1.57108999e+01 1.57132039e+01 1.57208999e+01 1.57279399e+01 1.57779399e+01 1.57826961e+01 1.57850001e+01 1.57926961e+01 1.57950001e+01 1.58026961e+01 1.58089041e+01 1.58589041e+01 1.58674934e+01 1.58677814e+01 1.58774934e+01 1.58795734e+01 1.58854983e+01 1.59054983e+01 1.59057863e+01 1.59154983e+01 1.59157863e+01 1.59254983e+01 1.59257863e+01 1.59354983e+01 1.59357863e+01 1.59454983e+01 1.59457863e+01 1.59554983e+01 1.59570023e+01 1.60070023e+01 1.60127620e+01 1.60130500e+01 1.60227620e+01 1.60230500e+01 1.60327620e+01 1.60330500e+01 1.60427620e+01 1.60430500e+01 1.60527620e+01 1.60542660e+01 1.61042660e+01 1.61092814e+01 1.61115854e+01 1.61192814e+01 1.61215854e+01 1.61292814e+01 1.61315854e+01 1.61392814e+01 1.61470254e+01 1.61970254e+01 1.61996625e+01 1.61999505e+01 1.62096625e+01 1.62099505e+01 1.62196625e+01 1.62211665e+01 1.62711665e+01 1.62733586e+01 1.62810546e+01 1.62833586e+01 1.62910546e+01 1.62933586e+01 1.63010546e+01 1.63033586e+01 1.63110546e+01 1.63209746e+01 1.63709746e+01 1.63751329e+01 1.63774369e+01 1.63851329e+01 1.63874369e+01 1.63951329e+01 1.63974369e+01 1.64051329e+01 1.64129409e+01 1.64629409e+01 1.64643583e+01 1.64666623e+01 1.64743583e+01 1.64766623e+01 1.64843583e+01 1.64908863e+01 1.65408863e+01 1.65439334e+01 1.65441373e+01 1.65462374e+01 1.65539334e+01 1.65562374e+01 1.65639334e+01 1.65731494e+01 1.66231494e+01 1.66257752e+01 1.66280792e+01 1.66357752e+01 1.66380792e+01 1.66457752e+01 1.66556312e+01 1.67056312e+01 1.67128746e+01 1.67131626e+01 1.67228746e+01 1.67231626e+01 1.67328746e+01 1.67349546e+01 1.67849546e+01 1.67853407e+01 1.67856287e+01 1.67953407e+01 1.67956287e+01 1.68053407e+01 1.68068447e+01 1.68568447e+01 1.68598143e+01 1.68621183e+01 1.68698143e+01 1.68721183e+01 1.68798143e+01 1.68890943e+01 1.68945274e+01 1.69145274e+01 1.69148154e+01 1.69245274e+01 1.69248154e+01 1.69345274e+01 1.69348154e+01 1.69445274e+01 1.69448154e+01 1.69545274e+01 1.69548154e+01 1.69645274e+01 1.69660314e+01 1.70160314e+01 1.70209997e+01 1.70212877e+01 1.70309997e+01 1.70312877e+01 1.70409997e+01 1.70425037e+01 1.70925037e+01 1.70987114e+01 1.70989994e+01 1.71087114e+01 1.71089994e+01 1.71187114e+01 1.71207914e+01 1.71707914e+01 1.71713218e+01 1.71716098e+01 1.71813218e+01 1.71816098e+01 1.71913218e+01 1.71934018e+01 1.72434018e+01 1.72506483e+01 1.72529523e+01 1.72530323e+01 1.72606483e+01 1.72629523e+01 1.72630323e+01 1.72634018e+01 1.73134018e+01 1.73149388e+01 1.73152268e+01 1.73249388e+01 1.73252268e+01 1.73349388e+01 1.73352268e+01 1.73449388e+01 1.73452268e+01 1.73549388e+01 1.73570188e+01 1.74070188e+01 1.74136175e+01 1.74139055e+01 1.74236175e+01 1.74239055e+01 1.74336175e+01 1.74356975e+01 1.74856975e+01 1.74877902e+01 1.74900942e+01 1.74977902e+01 1.75000942e+01 1.75077902e+01 1.75170062e+01 1.75670062e+01 1.75699758e+01 1.75702638e+01 1.75799758e+01 1.75802638e+01 1.75899758e+01 1.75914798e+01 1.76414798e+01 1.76420816e+01 1.76443856e+01 1.76520816e+01 1.76543856e+01 1.76620816e+01 1.76643856e+01 1.76720816e+01 1.76753508e+01 1.76818096e+01 1.77318096e+01 1.77342573e+01 1.77365613e+01 1.77442573e+01 1.77465613e+01 1.77542573e+01 1.77565613e+01 1.77642573e+01 1.77710413e+01 1.78210413e+01 1.78212026e+01 1.78288986e+01 1.78312026e+01 1.78388986e+01 1.78412026e+01 1.78488986e+01 1.78512026e+01 1.78588986e+01 1.78659386e+01 1.78835233e+01 1.78987191e+01 1.79010231e+01 1.79087191e+01 1.79110231e+01 1.79187191e+01 1.79210231e+01 1.79287191e+01 1.79310231e+01 1.79387191e+01 1.79410231e+01 1.79487191e+01 1.79551191e+01 1.79678203e+01 1.79780845e+01 1.79803885e+01 1.79878203e+01 1.79881083e+01 1.79978203e+01 1.79981083e+01 1.80078203e+01 1.80081083e+01 1.80178203e+01 1.80181083e+01 1.80278203e+01 1.80281083e+01 1.80378203e+01 1.80393243e+01 1.80893243e+01 1.80983415e+01 1.80986295e+01 1.81083415e+01 1.81104215e+01 1.81604215e+01 1.81605917e+01 1.81608797e+01 1.81705917e+01 1.81708797e+01 1.81805917e+01 1.81826717e+01 1.82326717e+01 1.82346601e+01 1.82349481e+01 1.82446601e+01 1.82449481e+01 1.82546601e+01 1.82561641e+01 1.83061641e+01 1.83119597e+01 1.83122477e+01 1.83219597e+01 1.83222477e+01 1.83319597e+01 1.83340397e+01 1.83840397e+01 1.83860475e+01 1.83863355e+01 1.83960475e+01 1.83963355e+01 1.84060475e+01 1.84063355e+01 1.84160475e+01 1.84181275e+01 1.84681275e+01 1.84684650e+01 1.84707690e+01 1.84784650e+01 1.84807690e+01 1.84884650e+01 1.84962090e+01 1.85462090e+01 1.85528884e+01 1.85531764e+01 1.85628884e+01 1.85631764e+01 1.85728884e+01 1.85743924e+01 1.86243924e+01 1.86263373e+01 1.86266253e+01 1.86363373e+01 1.86366253e+01 1.86463373e+01 1.86478413e+01 1.86978413e+01 1.86982404e+01 1.87005444e+01 1.87082404e+01 1.87105444e+01 1.87182404e+01 1.87205444e+01 1.87282404e+01 1.87284645e+01 1.87351524e+01 1.87851524e+01 1.87869701e+01 1.87892741e+01 1.87969701e+01 1.87992741e+01 1.88069701e+01 1.88125381e+01 1.89483307e+01 1.89491951e+01 1.89494831e+01 1.89591951e+01 1.89594831e+01 1.89691951e+01 1.89694831e+01 1.89791951e+01 1.89794831e+01 1.89891951e+01 1.89906991e+01 1.90015921e+01 1.90187877e+01 1.90210917e+01 1.90287877e+01 1.90310917e+01 1.90387877e+01 1.90410917e+01 1.90487877e+01 1.90510917e+01 1.90587877e+01 1.90610917e+01 1.90687877e+01 1.90751877e+01 1.90936346e+01 1.91060303e+01 1.91063183e+01 1.91160303e+01 1.91163183e+01 1.91260303e+01 1.91263183e+01 1.91360303e+01 1.91363183e+01 1.91460303e+01 1.91463183e+01 1.91560303e+01 1.91575343e+01 1.91599527e+01 1.91799527e+01 1.91802407e+01 1.91899527e+01 1.91902407e+01 1.91999527e+01 1.92002407e+01 1.92099527e+01 1.92102407e+01 1.92199527e+01 1.92202407e+01 1.92299527e+01 1.92314567e+01 1.92814567e+01 1.92850707e+01 1.92853587e+01 1.92950707e+01 1.92953587e+01 1.93050707e+01 1.93053587e+01 1.93150707e+01 1.93171507e+01 1.93671507e+01 1.93728931e+01 1.93731811e+01 1.93828931e+01 1.93831811e+01 1.93928931e+01 1.93949731e+01 1.94449731e+01 1.94458326e+01 1.94461206e+01 1.94558326e+01 1.94561206e+01 1.94658326e+01 1.94679126e+01 1.95179126e+01 1.95186334e+01 1.95209374e+01 1.95226054e+01 1.95228934e+01 1.95286334e+01 1.95309374e+01 1.95326054e+01 1.95328934e+01 1.95386334e+01 1.95463774e+01 1.95526054e+01 1.95528934e+01 1.95626054e+01 1.95628934e+01 1.95726054e+01 1.95741094e+01 1.96241094e+01 1.96290401e+01 1.96293281e+01 1.96390401e+01 1.96393281e+01 1.96490401e+01 1.96511201e+01 1.97011201e+01 1.97071208e+01 1.97094248e+01 1.97171208e+01 1.97194248e+01 1.97271208e+01 1.97352488e+01 1.97852488e+01 1.97856799e+01 1.97933759e+01 1.97956799e+01 1.98033759e+01 1.98056799e+01 1.98133759e+01 1.98156799e+01 1.98233759e+01 1.98281008e+01 1.98322719e+01 1.98756273e+01 1.98811997e+01 1.98835037e+01 1.98911997e+01 1.98935037e+01 1.99011997e+01 1.99035037e+01 1.99111997e+01 1.99208637e+01 1.99223935e+01 1.99325272e+01 1.99328152e+01 1.99425272e+01 1.99428152e+01 1.99525272e+01 1.99528152e+01 1.99625272e+01 1.99628152e+01 1.99725272e+01 1.99728152e+01 1.99825272e+01 1.99840312e+01 2.00016011e+01 2.00089792e+01 2.00092672e+01 2.00189792e+01 2.00192672e+01 2.00289792e+01 2.00292672e+01 2.00389792e+01 2.00392672e+01 2.00489792e+01 2.00492672e+01 2.00589792e+01 2.00610592e+01 2.00714114e+01 2.00822581e+01 2.00825461e+01 2.00825688e+01 2.00922581e+01 2.00925461e+01 2.00925688e+01 2.01022581e+01 2.01025461e+01 2.01025688e+01 2.01122581e+01 2.01125461e+01 2.01125688e+01 2.01222581e+01 2.01225461e+01 2.01225688e+01 2.01322581e+01 2.01343381e+01 2.01437511e+01 2.01544001e+01 2.01546881e+01 2.01644001e+01 2.01646881e+01 2.01744001e+01 2.01746881e+01 2.01844001e+01 2.01846881e+01 2.01944001e+01 2.01946881e+01 2.02044001e+01 2.02064801e+01 2.02065839e+01 2.02265839e+01 2.02268719e+01 2.02365839e+01 2.02368719e+01 2.02465839e+01 2.02468719e+01 2.02565839e+01 2.02568719e+01 2.02665839e+01 2.02668719e+01 2.02765839e+01 2.02780879e+01 2.03280879e+01 2.03313653e+01 2.03336693e+01 2.03413653e+01 2.03436693e+01 2.03513653e+01 2.03536693e+01 2.03613653e+01 2.03669333e+01 2.04169333e+01 2.04234931e+01 2.04257971e+01 2.04334931e+01 2.04357971e+01 2.04434931e+01 2.04506611e+01 2.05006611e+01 2.05069819e+01 2.05072699e+01 2.05169819e+01 2.05172699e+01 2.05269819e+01 2.05290619e+01 2.05790619e+01 2.05852469e+01 2.05855349e+01 2.05952469e+01 2.05955349e+01 2.06052469e+01 2.06073269e+01 2.06573269e+01 2.06630070e+01 2.06653110e+01 2.06730070e+01 2.06753110e+01 2.06830070e+01 2.06898550e+01 2.07398550e+01 2.07446232e+01 2.07449112e+01 2.07546232e+01 2.07549112e+01 2.07646232e+01 2.07661272e+01 2.08161272e+01 2.08164176e+01 2.08187216e+01 2.08264176e+01 2.08287216e+01 2.08364176e+01 2.08387216e+01 2.08464176e+01 2.08524976e+01 2.09188123e+01 2.09211497e+01 2.09214752e+01 2.09234537e+01 2.09311497e+01 2.09377417e+01 2.09404105e+01 2.09604105e+01 2.09606985e+01 2.09704105e+01 2.09706985e+01 2.09804105e+01 2.09806985e+01 2.09904105e+01 2.09906985e+01 2.10004105e+01 2.10006985e+01 2.10104105e+01 2.10119145e+01 2.10619145e+01 2.10638507e+01 2.10641387e+01 2.10738507e+01 2.10741387e+01 2.10838507e+01 2.10853547e+01 2.11353547e+01 2.11371752e+01 2.11394792e+01 2.11471752e+01 2.11494792e+01 2.11571752e+01 2.11594792e+01 2.11671752e+01 2.11735752e+01 2.12235752e+01 2.12243266e+01 2.12246146e+01 2.12343266e+01 2.12346146e+01 2.12443266e+01 2.12458306e+01 2.12958306e+01 2.12961042e+01 2.13058162e+01 2.13061042e+01 2.13158162e+01 2.13161042e+01 2.13258162e+01 2.13261042e+01 2.13358162e+01 2.13378962e+01 2.13878962e+01 2.13913370e+01 2.13916250e+01 2.14013370e+01 2.14016250e+01 2.14113370e+01 2.14116250e+01 2.14213370e+01 2.14234170e+01 2.14734170e+01 2.14746983e+01 2.14749863e+01 2.14846983e+01 2.14849863e+01 2.14946983e+01 2.14949863e+01 2.15046983e+01 2.15067783e+01 2.15567783e+01 2.15590480e+01 2.15593360e+01 2.15690480e+01 2.15693360e+01 2.15790480e+01 2.15805520e+01 2.16305520e+01 2.16309859e+01 2.16332899e+01 2.16409859e+01 2.16432899e+01 2.16509859e+01 2.16575779e+01 2.17075779e+01 2.17103229e+01 2.17126269e+01 2.17203229e+01 2.17226269e+01 2.17303229e+01 2.17366589e+01 2.17866589e+01 2.17902471e+01 2.17925511e+01 2.18002471e+01 2.18025511e+01 2.18102471e+01 2.18179271e+01 2.19185737e+01 2.19246123e+01 2.19249003e+01 2.19346123e+01 2.19349003e+01 2.19446123e+01 2.19449003e+01 2.19546123e+01 2.19549003e+01 2.19646123e+01 2.19649003e+01 2.19746123e+01 2.19766923e+01 2.19886165e+01 2.20086165e+01 2.20089045e+01 2.20186165e+01 2.20189045e+01 2.20286165e+01 2.20289045e+01 2.20386165e+01 2.20389045e+01 2.20486165e+01 2.20489045e+01 2.20586165e+01 2.20601205e+01 2.21101205e+01 2.21130769e+01 2.21153809e+01 2.21230769e+01 2.21253809e+01 2.21330769e+01 2.21349682e+01 2.21387089e+01 2.21887089e+01 2.21963577e+01 2.21986617e+01 2.22063577e+01 2.22086617e+01 2.22163577e+01 2.22215417e+01 2.22715417e+01 2.22727124e+01 2.22750164e+01 2.22827124e+01 2.22850164e+01 2.22927124e+01 2.22991764e+01 2.23491764e+01 2.23514930e+01 2.23537970e+01 2.23614930e+01 2.23637970e+01 2.23714930e+01 2.23782130e+01 2.24282130e+01 2.24302123e+01 2.24305003e+01 2.24402123e+01 2.24405003e+01 2.24502123e+01 2.24517163e+01 2.25017163e+01 2.25025094e+01 2.25048134e+01 2.25125094e+01 2.25148134e+01 2.25225094e+01 2.25296774e+01 2.25796774e+01 2.25834989e+01 2.25837869e+01 2.25934989e+01 2.25937869e+01 2.26034989e+01 2.26050029e+01 2.26550029e+01 2.26597081e+01 2.26599961e+01 2.26697081e+01 2.26699961e+01 2.26797081e+01 2.26817881e+01 2.27317881e+01 2.27329655e+01 2.27332535e+01 2.27429655e+01 2.27432535e+01 2.27529655e+01 2.27550455e+01 2.28050455e+01 2.28075224e+01 2.28078104e+01 2.28175224e+01 2.28178104e+01 2.28275224e+01 2.28296024e+01 2.29210570e+01 2.29351903e+01 2.29354783e+01 2.29451903e+01 2.29454783e+01 2.29551903e+01 2.29554783e+01 2.29651903e+01 2.29654783e+01 2.29751903e+01 2.29754783e+01 2.29851903e+01 2.29872703e+01 2.29928934e+01 2.30128934e+01 2.30131814e+01 2.30228934e+01 2.30231814e+01 2.30328934e+01 2.30331814e+01 2.30428934e+01 2.30431814e+01 2.30528934e+01 2.30531814e+01 2.30628934e+01 2.30643974e+01 2.31143974e+01 2.31165932e+01 2.31168812e+01 2.31265932e+01 2.31268812e+01 2.31365932e+01 2.31380972e+01 2.31880972e+01 2.31886899e+01 2.31889779e+01 2.31986899e+01 2.31989779e+01 2.32086899e+01 2.32101939e+01 2.32601939e+01 2.32622600e+01 2.32645640e+01 2.32722600e+01 2.32745640e+01 2.32822600e+01 2.32891080e+01 2.33391080e+01 2.33420270e+01 2.33423150e+01 2.33520270e+01 2.33523150e+01 2.33620270e+01 2.33641070e+01 2.34141070e+01 2.34141312e+01 2.34144192e+01 2.34241312e+01 2.34244192e+01 2.34341312e+01 2.34362112e+01 2.34862112e+01 2.34866001e+01 2.34942961e+01 2.34966001e+01 2.35042961e+01 2.35066001e+01 2.35142961e+01 2.35160746e+01 2.35230641e+01 2.35730641e+01 2.35775466e+01 2.35778346e+01 2.35875466e+01 2.35878346e+01 2.35975466e+01 2.35978346e+01 2.36075466e+01 2.36090506e+01 2.36590506e+01 2.36628620e+01 2.36651660e+01 2.36728620e+01 2.36751660e+01 2.36828620e+01 2.36917580e+01 2.37417580e+01 2.37488625e+01 2.37511665e+01 2.37588625e+01 2.37611665e+01 2.37688625e+01 2.37750705e+01 2.38250705e+01 2.38265920e+01 2.38268800e+01 2.38365920e+01 2.38368800e+01 2.38465920e+01 2.38486720e+01 2.38969258e+01 2.39040855e+01 2.39043735e+01 2.39140855e+01 2.39143735e+01 2.39240855e+01 2.39243735e+01 2.39340855e+01 2.39361655e+01 2.39377761e+01 2.39577761e+01 2.39580641e+01 2.39677761e+01 2.39680641e+01 2.39777761e+01 2.39780641e+01 2.39877761e+01 2.39880641e+01 2.39977761e+01 2.39980641e+01 2.40077761e+01 2.40092801e+01 2.40592801e+01 2.40594272e+01 2.40691392e+01 2.40694272e+01 2.40791392e+01 2.40794272e+01 2.40891392e+01 2.40894272e+01 2.40991392e+01 2.40994272e+01 2.41091392e+01 2.41112192e+01 2.41612192e+01 2.41624128e+01 2.41627008e+01 2.41724128e+01 2.41727008e+01 2.41824128e+01 2.41827008e+01 2.41924128e+01 2.41944928e+01 2.42444928e+01 2.42536211e+01 2.42539091e+01 2.42636211e+01 2.42639091e+01 2.42736211e+01 2.42751251e+01 2.43251251e+01 2.43291170e+01 2.43294050e+01 2.43391170e+01 2.43394050e+01 2.43491170e+01 2.43511970e+01 2.44011970e+01 2.44020400e+01 2.44097360e+01 2.44120400e+01 2.44197360e+01 2.44220400e+01 2.44297360e+01 2.44395280e+01 2.44895280e+01 2.44951576e+01 2.44974616e+01 2.45051576e+01 2.45074616e+01 2.45151576e+01 2.45174616e+01 2.45251576e+01 2.45320696e+01 2.45820696e+01 2.45839820e+01 2.45862860e+01 2.45939820e+01 2.45962860e+01 2.46039820e+01 2.46102540e+01 2.46602540e+01 2.46641083e+01 2.46643963e+01 2.46741083e+01 2.46743963e+01 2.46841083e+01 2.46849142e+01 2.46856123e+01 2.47356123e+01 2.47384594e+01 2.47387474e+01 2.47484594e+01 2.47487474e+01 2.47584594e+01 2.47587474e+01 2.47684594e+01 2.47705394e+01 2.48205394e+01 2.48278376e+01 2.48281256e+01 2.48378376e+01 2.48381256e+01 2.48478376e+01 2.48499176e+01 2.49092012e+01 2.49151358e+01 2.49174398e+01 2.49251358e+01 2.49303838e+01 2.49323337e+01 2.49523337e+01 2.49526217e+01 2.49623337e+01 2.49626217e+01 2.49723337e+01 2.49726217e+01 2.49823337e+01 2.49826217e+01 2.49923337e+01 2.49926217e+01 2.50023337e+01 2.50038377e+01 2.50538377e+01 2.50561854e+01 2.50584894e+01 2.50661854e+01 2.50684894e+01 2.50761854e+01 2.50829054e+01 2.51329054e+01 2.51361023e+01 2.51384063e+01 2.51461023e+01 2.51484063e+01 2.51561023e+01 2.51639103e+01 2.52139103e+01 2.52204779e+01 2.52207659e+01 2.52304779e+01 2.52307659e+01 2.52404779e+01 2.52419819e+01 2.52919819e+01 2.52921346e+01 2.52924226e+01 2.53021346e+01 2.53024226e+01 2.53121346e+01 2.53124226e+01 2.53221346e+01 2.53242146e+01 2.53742146e+01 2.53802227e+01 2.53805107e+01 2.53902227e+01 2.53905107e+01 2.54002227e+01 2.54023027e+01 2.54523027e+01 2.54529124e+01 2.54606084e+01 2.54629124e+01 2.54706084e+01 2.54729124e+01 2.54806084e+01 2.54873284e+01 2.55373284e+01 2.55377437e+01 2.55380317e+01 2.55440491e+01 2.55443371e+01 2.55456406e+01 2.55479446e+01 2.55480317e+01 2.55540491e+01 2.55543371e+01 2.55556406e+01 2.55579446e+01 2.55580317e+01 2.55640491e+01 2.55643371e+01 2.55656406e+01 2.55742166e+01 2.55743371e+01 2.55840491e+01 2.55861291e+01 2.56361291e+01 2.56361568e+01 2.56364448e+01 2.56461568e+01 2.56464448e+01 2.56561568e+01 2.56582368e+01 2.57082368e+01 2.57131906e+01 2.57154946e+01 2.57231906e+01 2.57254946e+01 2.57331906e+01 2.57385026e+01 2.57885026e+01 2.57903775e+01 2.57980735e+01 2.58003775e+01 2.58080735e+01 2.58103775e+01 2.58180735e+01 2.58185471e+01 2.58203775e+01 2.58280735e+01 2.58372895e+01 2.59263757e+01 2.59463757e+01 2.59466637e+01 2.59563757e+01 2.59566637e+01 2.59663757e+01 2.59666637e+01 2.59763757e+01 2.59766637e+01 2.59863757e+01 2.59866637e+01 2.59963757e+01 2.59978797e+01 2.60478797e+01 2.60525012e+01 2.60548052e+01 2.60625012e+01 2.60648052e+01 2.60725012e+01 2.60797972e+01 2.61297972e+01 2.61331182e+01 2.61334062e+01 2.61431182e+01 2.61434062e+01 2.61531182e+01 2.61546222e+01 2.62046222e+01 2.62136842e+01 2.62139722e+01 2.62236842e+01 2.62239722e+01 2.62336842e+01 2.62351882e+01 2.62851882e+01 2.62892995e+01 2.62895875e+01 2.62992995e+01 2.62995875e+01 2.63092995e+01 2.63113795e+01 2.63613795e+01 2.63620889e+01 2.63623769e+01 2.63720889e+01 2.63723769e+01 2.63820889e+01 2.63823769e+01 2.63920889e+01 2.63941689e+01 2.64441689e+01 2.64469504e+01 2.64492544e+01 2.64569504e+01 2.64592544e+01 2.64669504e+01 2.64759104e+01 2.65259104e+01 2.65330252e+01 2.65333132e+01 2.65430252e+01 2.65433132e+01 2.65530252e+01 2.65533132e+01 2.65630252e+01 2.65645292e+01 2.66145292e+01 2.66190668e+01 2.66213708e+01 2.66290668e+01 2.66313708e+01 2.66345292e+01 2.66845292e+01 2.66850181e+01 2.66853061e+01 2.66950181e+01 2.66953061e+01 2.67050181e+01 2.67053061e+01 2.67150181e+01 2.67153061e+01 2.67250181e+01 2.67270981e+01 2.67770981e+01 2.67802258e+01 2.67805138e+01 2.67902258e+01 2.67905138e+01 2.68002258e+01 2.68023058e+01 2.68523058e+01 2.68583899e+01 2.68606939e+01 2.68683899e+01 2.68706939e+01 2.68783899e+01 2.68855579e+01 2.68877102e+01 2.69062891e+01 2.69077102e+01 2.69079982e+01 2.69177102e+01 2.69179982e+01 2.69277102e+01 2.69279982e+01 2.69377102e+01 2.69379982e+01 2.69477102e+01 2.69479982e+01 2.69577102e+01 2.69592142e+01 2.70092142e+01 2.70134017e+01 2.70157057e+01 2.70234017e+01 2.70257057e+01 2.70334017e+01 2.70357057e+01 2.70434017e+01 2.70455572e+01 2.70532577e+01 2.71032577e+01 2.71035255e+01 2.71038135e+01 2.71135255e+01 2.71138135e+01 2.71235255e+01 2.71256055e+01 2.71756055e+01 2.71804490e+01 2.71807370e+01 2.71809015e+01 2.71904490e+01 2.71907370e+01 2.71909015e+01 2.72004490e+01 2.72025290e+01 2.72525290e+01 2.72529992e+01 2.72606952e+01 2.72629992e+01 2.72706952e+01 2.72729992e+01 2.72806952e+01 2.72881192e+01 2.73381192e+01 2.73400405e+01 2.73403285e+01 2.73500405e+01 2.73503285e+01 2.73600405e+01 2.73603285e+01 2.73700405e+01 2.73715445e+01 2.74215445e+01 2.74229602e+01 2.74306562e+01 2.74329602e+01 2.74406562e+01 2.74429602e+01 2.74506562e+01 2.74582082e+01 2.75082082e+01 2.75217515e+01 2.75240555e+01 2.75317515e+01 2.75340555e+01 2.75417515e+01 2.75440555e+01 2.75517515e+01 2.75540555e+01 2.75617515e+01 2.75640555e+01 2.75717515e+01 2.75809675e+01 2.76309675e+01 2.76356310e+01 2.76359190e+01 2.76456310e+01 2.76459190e+01 2.76556310e+01 2.76571350e+01 2.77071350e+01 2.77107957e+01 2.77130997e+01 2.77207957e+01 2.77230997e+01 2.77307957e+01 2.77391157e+01 2.77891157e+01 2.77964682e+01 2.77987722e+01 2.78064682e+01 2.78087722e+01 2.78164682e+01 2.78256202e+01 2.78596588e+01 2.78661584e+01 2.78684624e+01 2.78761584e+01 2.78784624e+01 2.78861584e+01 2.78884624e+01 2.78961584e+01 2.78984624e+01 2.79061584e+01 2.79078242e+01 2.79121744e+01 2.79163395e+01 2.79334631e+01 2.79337511e+01 2.79434631e+01 2.79437511e+01 2.79534631e+01 2.79537511e+01 2.79634631e+01 2.79637511e+01 2.79734631e+01 2.79737511e+01 2.79834631e+01 2.79849671e+01 2.79867321e+01 2.80067321e+01 2.80070201e+01 2.80167321e+01 2.80170201e+01 2.80267321e+01 2.80270201e+01 2.80367321e+01 2.80370201e+01 2.80467321e+01 2.80470201e+01 2.80567321e+01 2.80582361e+01 2.81082361e+01 2.81125441e+01 2.81128321e+01 2.81225441e+01 2.81228321e+01 2.81325441e+01 2.81346241e+01 2.81846241e+01 2.81877686e+01 2.81880566e+01 2.81901111e+01 2.81977686e+01 2.81980566e+01 2.82001111e+01 2.82077686e+01 2.82092726e+01 2.82592726e+01 2.82597877e+01 2.82600757e+01 2.82697877e+01 2.82700757e+01 2.82797877e+01 2.82818677e+01 2.83318677e+01 2.83328548e+01 2.83351588e+01 2.83428548e+01 2.83451588e+01 2.83518677e+01 2.84018677e+01 2.84058917e+01 2.84061797e+01 2.84082486e+01 2.84158917e+01 2.84161797e+01 2.84182486e+01 2.84258917e+01 2.84261797e+01 2.84282486e+01 2.84358917e+01 2.84379717e+01 2.84879717e+01 2.84886172e+01 2.84889052e+01 2.84986172e+01 2.84989052e+01 2.85086172e+01 2.85106972e+01 2.85606972e+01 2.85628414e+01 2.85631294e+01 2.85728414e+01 2.85731294e+01 2.85828414e+01 2.85849214e+01 2.86349214e+01 2.86358398e+01 2.86381438e+01 2.86458398e+01 2.86481438e+01 2.86558398e+01 2.86581438e+01 2.86658398e+01 2.86709598e+01 2.87209598e+01 2.87227267e+01 2.87304227e+01 2.87327267e+01 2.87404227e+01 2.87427267e+01 2.87504227e+01 2.87597667e+01 2.88097667e+01 2.88191882e+01 2.88194762e+01 2.88291882e+01 2.88312682e+01 2.88953250e+01 2.88987385e+01 2.88990265e+01 2.89087385e+01 2.89102425e+01 2.89103455e+01 2.89303455e+01 2.89306335e+01 2.89403455e+01 2.89406335e+01 2.89503455e+01 2.89506335e+01 2.89603455e+01 2.89606335e+01 2.89703455e+01 2.89706335e+01 2.89803455e+01 2.89818495e+01 2.90318495e+01 2.90395538e+01 2.90398418e+01 2.90495538e+01 2.90498418e+01 2.90595538e+01 2.90598418e+01 2.90695538e+01 2.90710578e+01 2.91210578e+01 2.91236116e+01 2.91238996e+01 2.91336116e+01 2.91338996e+01 2.91436116e+01 2.91451156e+01 2.91951156e+01 2.91961620e+01 2.92038580e+01 2.92061620e+01 2.92138580e+01 2.92161620e+01 2.92238580e+01 2.92261620e+01 2.92338580e+01 2.92419860e+01 2.92919860e+01 2.92946035e+01 2.92969075e+01 2.93046035e+01 2.93064885e+01 2.93069075e+01 2.93146035e+01 2.93169075e+01 2.93246035e+01 2.93298515e+01 2.93798515e+01 2.93804770e+01 2.93807650e+01 2.93904770e+01 2.93907650e+01 2.94004770e+01 2.94007650e+01 2.94104770e+01 2.94125570e+01 2.94625570e+01 2.94644000e+01 2.94720960e+01 2.94744000e+01 2.94820960e+01 2.94844000e+01 2.94920960e+01 2.95015680e+01 2.95515680e+01 2.95545240e+01 2.95548120e+01 2.95645240e+01 2.95648120e+01 2.95745240e+01 2.95760280e+01 2.96260280e+01 2.96300482e+01 2.96303362e+01 2.96400482e+01 2.96403362e+01 2.96500482e+01 2.96521282e+01 2.97021282e+01 2.97042701e+01 2.97119661e+01 2.97142701e+01 2.97219661e+01 2.97242701e+01 2.97319661e+01 2.97374701e+01 2.97874701e+01 2.97926850e+01 2.97949890e+01 2.98026850e+01 2.98049890e+01 2.98126850e+01 2.98149890e+01 2.98226850e+01 2.98307490e+01 2.98922312e+01 2.98944594e+01 2.98967634e+01 2.99044594e+01 2.99127794e+01 2.99214409e+01 2.99306184e+01 2.99309064e+01 2.99406184e+01 2.99409064e+01 2.99506184e+01 2.99509064e+01 2.99606184e+01 2.99609064e+01 2.99706184e+01 2.99709064e+01 2.99806184e+01 2.99821224e+01 2.99892693e+01 3.00074506e+01 3.00092693e+01 3.00095573e+01 3.00192693e+01 3.00195573e+01 3.00292693e+01 3.00295573e+01 3.00392693e+01 3.00395573e+01 3.00492693e+01 3.00495573e+01 3.00592693e+01 3.00607733e+01 3.01107733e+01 3.01155968e+01 3.01179008e+01 3.01255968e+01 3.01279008e+01 3.01355968e+01 3.01379008e+01 3.01455968e+01 3.01553888e+01 3.02053888e+01 3.02087735e+01 3.02090615e+01 3.02187735e+01 3.02190615e+01 3.02287735e+01 3.02290615e+01 3.02387735e+01 3.02402775e+01 3.02902775e+01 3.02956950e+01 3.02959830e+01 3.03056950e+01 3.03059830e+01 3.03156950e+01 3.03159830e+01 3.03256950e+01 3.03262282e+01 3.03277750e+01 3.03777750e+01 3.03850940e+01 3.03873980e+01 3.03950940e+01 3.03973980e+01 3.04050940e+01 3.04073980e+01 3.04150940e+01 3.04214940e+01 3.04714940e+01 3.04735262e+01 3.04812222e+01 3.04835262e+01 3.04912222e+01 3.04935262e+01 3.05012222e+01 3.05081982e+01 3.05581982e+01 3.05616421e+01 3.05639461e+01 3.05716421e+01 3.05739461e+01 3.05816421e+01 3.05874661e+01 3.06374661e+01 3.06400208e+01 3.06423248e+01 3.06500208e+01 3.06523248e+01 3.06600208e+01 3.06623248e+01 3.06700208e+01 3.06769328e+01 3.07269328e+01 3.07308783e+01 3.07311663e+01 3.07408783e+01 3.07411663e+01 3.07508783e+01 3.07511663e+01 3.07608783e+01 3.07623823e+01 3.08123823e+01 3.08135701e+01 3.08158741e+01 3.08235701e+01 3.08258741e+01 3.08335701e+01 3.08433621e+01 3.09337274e+01 3.09537274e+01 3.09540154e+01 3.09637274e+01 3.09640154e+01 3.09737274e+01 3.09740154e+01 3.09837274e+01 3.09840154e+01 3.09937274e+01 3.09940154e+01 3.10037274e+01 3.10052314e+01 3.10552314e+01 3.10575494e+01 3.10578374e+01 3.10675494e+01 3.10678374e+01 3.10775494e+01 3.10790534e+01 3.11290534e+01 3.11301910e+01 3.11304790e+01 3.11401910e+01 3.11404790e+01 3.11501910e+01 3.11522710e+01 3.12022710e+01 3.12040187e+01 3.12043067e+01 3.12065041e+01 3.12140187e+01 3.12143067e+01 3.12165041e+01 3.12240187e+01 3.12255227e+01 3.12755227e+01 3.12770034e+01 3.12772914e+01 3.12870034e+01 3.12872914e+01 3.12970034e+01 3.12972914e+01 3.13070034e+01 3.13090834e+01 3.13590834e+01 3.13594300e+01 3.13617340e+01 3.13694300e+01 3.13717340e+01 3.13790834e+01 3.14290834e+01 3.14336522e+01 3.14339402e+01 3.14436522e+01 3.14439402e+01 3.14536522e+01 3.14539402e+01 3.14636522e+01 3.14639402e+01 3.14736522e+01 3.14757322e+01 3.15257322e+01 3.15267556e+01 3.15270436e+01 3.15367556e+01 3.15370436e+01 3.15467556e+01 3.15488356e+01 3.15988356e+01 3.16011244e+01 3.16014124e+01 3.16111244e+01 3.16114124e+01 3.16211244e+01 3.16214124e+01 3.16311244e+01 3.16332000e+01 3.16332044e+01 3.16832044e+01 3.16839756e+01 3.16862796e+01 3.16939756e+01 3.16962796e+01 3.17039756e+01 3.17090316e+01 3.17590316e+01 3.17644938e+01 3.17647818e+01 3.17744938e+01 3.17747818e+01 3.17844938e+01 3.17847818e+01 3.17944938e+01 3.17959978e+01 3.18459978e+01 3.18488863e+01 3.18511903e+01 3.18588863e+01 3.18611903e+01 3.18688863e+01 3.18711903e+01 3.18788863e+01 3.18868223e+01 3.18918515e+01 3.19118515e+01 3.19121395e+01 3.19218515e+01 3.19221395e+01 3.19318515e+01 3.19321395e+01 3.19418515e+01 3.19421395e+01 3.19518515e+01 3.19521395e+01 3.19618515e+01 3.19633555e+01 3.20133555e+01 3.20188245e+01 3.20191125e+01 3.20288245e+01 3.20291125e+01 3.20388245e+01 3.20409045e+01 3.20909045e+01 3.20922816e+01 3.20925696e+01 3.21022816e+01 3.21025696e+01 3.21122816e+01 3.21137856e+01 3.21637856e+01 3.21638606e+01 3.21641486e+01 3.21738606e+01 3.21741486e+01 3.21838606e+01 3.21841486e+01 3.21938606e+01 3.21959406e+01 3.22459406e+01 3.22504960e+01 3.22507840e+01 3.22604960e+01 3.22607840e+01 3.22704960e+01 3.22707840e+01 3.22804960e+01 3.22825760e+01 3.23325760e+01 3.23369293e+01 3.23372173e+01 3.23469293e+01 3.23472173e+01 3.23569293e+01 3.23590093e+01 3.24090093e+01 3.24122565e+01 3.24125445e+01 3.24222565e+01 3.24225445e+01 3.24322565e+01 3.24337605e+01 3.24837605e+01 3.24895773e+01 3.24898653e+01 3.24995773e+01 3.24998653e+01 3.25095773e+01 3.25116573e+01 3.25616573e+01 3.25658033e+01 3.25681073e+01 3.25758033e+01 3.25781073e+01 3.25858033e+01 3.25942513e+01 3.26442513e+01 3.26461565e+01 3.26538525e+01 3.26561565e+01 3.26638525e+01 3.26661565e+01 3.26738525e+01 3.26816605e+01 3.27316605e+01 3.27337421e+01 3.27340301e+01 3.27437421e+01 3.27440301e+01 3.27537421e+01 3.27540301e+01 3.27637421e+01 3.27652461e+01 3.28152461e+01 3.28176070e+01 3.28199110e+01 3.28199362e+01 3.28276070e+01 3.28299110e+01 3.28299362e+01 3.28352461e+01 3.29087634e+01 3.29141861e+01 3.29144741e+01 3.29241861e+01 3.29262661e+01 3.29289625e+01 3.29489625e+01 3.29492505e+01 3.29589625e+01 3.29592505e+01 3.29689625e+01 3.29692505e+01 3.29789625e+01 3.29792505e+01 3.29889625e+01 3.29892505e+01 3.29989625e+01 3.30004665e+01 3.30504665e+01 3.30525946e+01 3.30601182e+01 3.30604062e+01 3.30625946e+01 3.30701182e+01 3.30704062e+01 3.30725946e+01 3.30801182e+01 3.30812060e+01 3.30816222e+01 3.31316222e+01 3.31389632e+01 3.31392512e+01 3.31489632e+01 3.31492512e+01 3.31589632e+01 3.31610432e+01 3.32110432e+01 3.32125545e+01 3.32128425e+01 3.32225545e+01 3.32228425e+01 3.32325545e+01 3.32346345e+01 3.32846345e+01 3.32907180e+01 3.32910060e+01 3.33007180e+01 3.33010060e+01 3.33107180e+01 3.33122220e+01 3.33622220e+01 3.33822220e+01 3.34322220e+01 3.34522220e+01 3.35022220e+01 3.35222220e+01 3.35722220e+01 3.35812217e+01 3.35815097e+01 3.35912217e+01 3.35927257e+01 3.36427257e+01 3.36479302e+01 3.36502342e+01 3.36579302e+01 3.36602342e+01 3.36679302e+01 3.36702342e+01 3.36779302e+01 3.36843942e+01 3.37343942e+01 3.37356113e+01 3.37358993e+01 3.37456113e+01 3.37458993e+01 3.37556113e+01 3.37576913e+01 3.38076913e+01 3.38141480e+01 3.38164520e+01 3.38241480e+01 3.38264520e+01 3.38341480e+01 3.38395880e+01 3.39102905e+01 3.39108079e+01 3.39166959e+01 3.39269943e+01 3.39413041e+01 3.39436081e+01 3.39513041e+01 3.39536081e+01 3.39613041e+01 3.39636081e+01 3.39713041e+01 3.39736081e+01 3.39813041e+01 3.39836081e+01 3.39913041e+01 3.40007761e+01 3.40125355e+01 3.40215903e+01 3.40238943e+01 3.40315903e+01 3.40338943e+01 3.40415903e+01 3.40438943e+01 3.40515903e+01 3.40538943e+01 3.40615903e+01 3.40638943e+01 3.40715903e+01 3.40815103e+01 3.40888352e+01 3.41025167e+01 3.41028047e+01 3.41125167e+01 3.41128047e+01 3.41225167e+01 3.41228047e+01 3.41325167e+01 3.41328047e+01 3.41425167e+01 3.41428047e+01 3.41525167e+01 3.41545967e+01 3.41687721e+01 3.41754763e+01 3.41777803e+01 3.41854763e+01 3.41877803e+01 3.41954763e+01 3.41977803e+01 3.42054763e+01 3.42077803e+01 3.42154763e+01 3.42177803e+01 3.42254763e+01 3.42263806e+01 3.42306603e+01 3.42312735e+01 3.42512735e+01 3.42515615e+01 3.42612735e+01 3.42615615e+01 3.42712735e+01 3.42715615e+01 3.42812735e+01 3.42815615e+01 3.42912735e+01 3.42915615e+01 3.43012735e+01 3.43027775e+01 3.43527775e+01 3.43552634e+01 3.43555514e+01 3.43652634e+01 3.43655514e+01 3.43752634e+01 3.43767674e+01 3.44267674e+01 3.44289169e+01 3.44292049e+01 3.44389169e+01 3.44392049e+01 3.44489169e+01 3.44504209e+01 3.45004209e+01 3.45061718e+01 3.45064598e+01 3.45161718e+01 3.45164598e+01 3.45261718e+01 3.45282518e+01 3.45782518e+01 3.45786709e+01 3.45809749e+01 3.45810866e+01 3.45886709e+01 3.45909749e+01 3.45910866e+01 3.45982518e+01 3.46482518e+01 3.46537512e+01 3.46560552e+01 3.46637512e+01 3.46660552e+01 3.46682518e+01 3.47182518e+01 3.47268193e+01 3.47271073e+01 3.47368193e+01 3.47371073e+01 3.47468193e+01 3.47471073e+01 3.47568193e+01 3.47571073e+01 3.47668193e+01 3.47688993e+01 3.48188993e+01 3.48206721e+01 3.48229761e+01 3.48306721e+01 3.48329761e+01 3.48406721e+01 3.48429761e+01 3.48506721e+01 3.48587361e+01 3.49340143e+01 3.49418498e+01 3.49421378e+01 3.49518498e+01 3.49521378e+01 3.49618498e+01 3.49621378e+01 3.49718498e+01 3.49733538e+01 3.49831622e+01 3.50031622e+01 3.50034502e+01 3.50131622e+01 3.50134502e+01 3.50231622e+01 3.50234502e+01 3.50331622e+01 3.50334502e+01 3.50431622e+01 3.50434502e+01 3.50531622e+01 3.50546662e+01 3.51046662e+01 3.51072403e+01 3.51095443e+01 3.51172403e+01 3.51195443e+01 3.51272403e+01 3.51370323e+01 3.51870323e+01 3.51884874e+01 3.51907914e+01 3.51984874e+01 3.52007914e+01 3.52084874e+01 3.52169354e+01 3.52669354e+01 3.52739352e+01 3.52762392e+01 3.52839352e+01 3.52862392e+01 3.52939352e+01 3.53019352e+01 3.53519352e+01 3.53572413e+01 3.53577014e+01 3.53595453e+01 3.53672413e+01 3.53695453e+01 3.53772413e+01 3.53865213e+01 3.54365213e+01 3.54370375e+01 3.54393415e+01 3.54470375e+01 3.54493415e+01 3.54570375e+01 3.54593415e+01 3.54670375e+01 3.54741415e+01 3.55241415e+01 3.55262981e+01 3.55339941e+01 3.55362981e+01 3.55439941e+01 3.55462981e+01 3.55539941e+01 3.55600101e+01 3.56100101e+01 3.56102803e+01 3.56105683e+01 3.56125914e+01 3.56202803e+01 3.56205683e+01 3.56225914e+01 3.56302803e+01 3.56317843e+01 3.56817843e+01 3.56908323e+01 3.56911203e+01 3.57008323e+01 3.57011203e+01 3.57108323e+01 3.57129123e+01 3.57629123e+01 3.57687369e+01 3.57710409e+01 3.57787369e+01 3.57810409e+01 3.57887369e+01 3.57910409e+01 3.57987369e+01 3.58068009e+01 3.58568009e+01 3.58592542e+01 3.58615582e+01 3.58692542e+01 3.58715582e+01 3.58792542e+01 3.58883422e+01 3.58884484e+01 3.59084484e+01 3.59087364e+01 3.59184484e+01 3.59187364e+01 3.59284484e+01 3.59287364e+01 3.59384484e+01 3.59387364e+01 3.59484484e+01 3.59487364e+01 3.59584484e+01 3.59599524e+01 3.60099524e+01 3.60101796e+01 3.60104676e+01 3.60201796e+01 3.60204676e+01 3.60301796e+01 3.60316836e+01 3.60816836e+01 3.60819081e+01 3.60842121e+01 3.60919081e+01 3.60942121e+01 3.61019081e+01 3.61042121e+01 3.61119081e+01 3.61184361e+01 3.61684361e+01 3.61694576e+01 3.61717616e+01 3.61794576e+01 3.61808418e+01 3.61817616e+01 3.61894576e+01 3.61944496e+01 3.62444496e+01 3.62472678e+01 3.62475558e+01 3.62572678e+01 3.62575558e+01 3.62672678e+01 3.62675558e+01 3.62772678e+01 3.62787718e+01 3.63287718e+01 3.63287852e+01 3.63310892e+01 3.63387852e+01 3.63410892e+01 3.63487718e+01 3.63987718e+01 3.64006088e+01 3.64083048e+01 3.64106088e+01 3.64183048e+01 3.64206088e+01 3.64283048e+01 3.64380328e+01 3.64880328e+01 3.64917507e+01 3.64940547e+01 3.65017507e+01 3.65040547e+01 3.65117507e+01 3.65188547e+01 3.65688547e+01 3.65749270e+01 3.65752150e+01 3.65849270e+01 3.65852150e+01 3.65949270e+01 3.65964310e+01 3.66464310e+01 3.66502880e+01 3.66525920e+01 3.66602880e+01 3.66625920e+01 3.66702880e+01 3.66796320e+01 3.67296320e+01 3.67337278e+01 3.67340158e+01 3.67437278e+01 3.67440158e+01 3.67537278e+01 3.67540158e+01 3.67637278e+01 3.67658078e+01 3.68158078e+01 3.68230303e+01 3.68253343e+01 3.68330303e+01 3.68353343e+01 3.68430303e+01 3.68453343e+01 3.68530303e+01 3.68587903e+01 3.68989009e+01 3.69022126e+01 3.69045166e+01 3.69122126e+01 3.69145166e+01 3.69222126e+01 3.69245166e+01 3.69322126e+01 3.69345166e+01 3.69422126e+01 3.69471406e+01 3.69521731e+01 3.69671683e+01 3.69674563e+01 3.69771683e+01 3.69774563e+01 3.69871683e+01 3.69874563e+01 3.69971683e+01 3.69974563e+01 3.70071683e+01 3.70074563e+01 3.70171683e+01 3.70192483e+01 3.70224059e+01 3.70424059e+01 3.70426939e+01 3.70524059e+01 3.70526939e+01 3.70624059e+01 3.70626939e+01 3.70724059e+01 3.70726939e+01 3.70824059e+01 3.70826939e+01 3.70924059e+01 3.70939099e+01 3.71439099e+01 3.71451507e+01 3.71454387e+01 3.71551507e+01 3.71554387e+01 3.71651507e+01 3.71666547e+01 3.72166547e+01 3.72186549e+01 3.72190058e+01 3.72209589e+01 3.72230128e+01 3.72233008e+01 3.72286549e+01 3.72309589e+01 3.72330128e+01 3.72333008e+01 3.72386549e+01 3.72453109e+01 3.72758299e+01 3.72781339e+01 3.72858299e+01 3.72881339e+01 3.72933008e+01 3.73433008e+01 3.73483407e+01 3.73486287e+01 3.73583407e+01 3.73586287e+01 3.73683407e+01 3.73686287e+01 3.73783407e+01 3.73786287e+01 3.73883407e+01 3.73886287e+01 3.73983407e+01 3.74004207e+01 3.74504207e+01 3.74518358e+01 3.74595318e+01 3.74618358e+01 3.74695318e+01 3.74704207e+01 3.75204207e+01 3.75269102e+01 3.75271982e+01 3.75369102e+01 3.75371982e+01 3.75469102e+01 3.75471982e+01 3.75569102e+01 3.75571982e+01 3.75669102e+01 3.75684142e+01 3.76184142e+01 3.76237399e+01 3.76260439e+01 3.76337399e+01 3.76360439e+01 3.76384142e+01 3.76884142e+01 3.76949990e+01 3.76952870e+01 3.77049990e+01 3.77052870e+01 3.77149990e+01 3.77152870e+01 3.77249990e+01 3.77252870e+01 3.77349990e+01 3.77370790e+01 3.77870790e+01 3.77903503e+01 3.77926543e+01 3.77926851e+01 3.78003503e+01 3.78026543e+01 3.78026851e+01 3.78070790e+01 3.78570790e+01 3.78599513e+01 3.78602393e+01 3.78699513e+01 3.78702393e+01 3.78799513e+01 3.78802393e+01 3.78899513e+01 3.78902393e+01 3.78999513e+01 3.79020313e+01 3.79114796e+01 3.79307965e+01 3.79310845e+01 3.79407965e+01 3.79410845e+01 3.79507965e+01 3.79510845e+01 3.79607965e+01 3.79610845e+01 3.79707965e+01 3.79710845e+01 3.79807965e+01 3.79823005e+01 3.79855742e+01 3.80055742e+01 3.80058622e+01 3.80155742e+01 3.80158622e+01 3.80255742e+01 3.80258622e+01 3.80355742e+01 3.80358622e+01 3.80455742e+01 3.80458622e+01 3.80555742e+01 3.80570782e+01 3.81070782e+01 3.81140219e+01 3.81143099e+01 3.81240219e+01 3.81243099e+01 3.81340219e+01 3.81355259e+01 3.81855259e+01 3.81925622e+01 3.81948662e+01 3.82025622e+01 3.82048662e+01 3.82125622e+01 3.82148662e+01 3.82225622e+01 3.82308822e+01 3.82808822e+01 3.82830926e+01 3.82853966e+01 3.82930926e+01 3.82953966e+01 3.83030926e+01 3.83096206e+01 3.83596206e+01 3.83611185e+01 3.83634225e+01 3.83711185e+01 3.83734225e+01 3.83811185e+01 3.83889905e+01 3.84389905e+01 3.84410523e+01 3.84487483e+01 3.84510523e+01 3.84587483e+01 3.84610523e+01 3.84687483e+01 3.84697818e+01 3.84710523e+01 3.84787483e+01 3.84838683e+01 3.85338683e+01 3.85393768e+01 3.85416808e+01 3.85493768e+01 3.85516808e+01 3.85593768e+01 3.85659688e+01 3.86159688e+01 3.86212719e+01 3.86215599e+01 3.86312719e+01 3.86327759e+01 3.86827759e+01 3.86910246e+01 3.86913126e+01 3.87010246e+01 3.87013126e+01 3.87110246e+01 3.87131046e+01 3.87631046e+01 3.87663909e+01 3.87666789e+01 3.87763909e+01 3.87766789e+01 3.87863909e+01 3.87884709e+01 3.88384709e+01 3.88412388e+01 3.88435428e+01 3.88512388e+01 3.88535428e+01 3.88612388e+01 3.88635428e+01 3.88712388e+01 3.88781508e+01 3.88828866e+01 3.89028866e+01 3.89031746e+01 3.89128866e+01 3.89131746e+01 3.89228866e+01 3.89231746e+01 3.89328866e+01 3.89331746e+01 3.89428866e+01 3.89431746e+01 3.89528866e+01 3.89543906e+01 3.90043906e+01 3.90109837e+01 3.90112717e+01 3.90209837e+01 3.90212717e+01 3.90309837e+01 3.90324877e+01 3.90824877e+01 3.90838654e+01 3.90841534e+01 3.90938654e+01 3.90941534e+01 3.91038654e+01 3.91059454e+01 3.91559454e+01 3.91637918e+01 3.91640798e+01 3.91737918e+01 3.91740798e+01 3.91837918e+01 3.91858718e+01 3.92358718e+01 3.92402961e+01 3.92405841e+01 3.92502961e+01 3.92505841e+01 3.92602961e+01 3.92623761e+01 3.93123761e+01 3.93144251e+01 3.93147131e+01 3.93244251e+01 3.93247131e+01 3.93344251e+01 3.93359291e+01 3.93859291e+01 3.93907389e+01 3.93910269e+01 3.94007389e+01 3.94010269e+01 3.94107389e+01 3.94128189e+01 3.94628189e+01 3.94669471e+01 3.94672351e+01 3.94769471e+01 3.94772351e+01 3.94869471e+01 3.94872351e+01 3.94969471e+01 3.94990271e+01 3.95490271e+01 3.95536386e+01 3.95539266e+01 3.95636386e+01 3.95639266e+01 3.95736386e+01 3.95757186e+01 3.96257186e+01 3.96343636e+01 3.96346516e+01 3.96443636e+01 3.96446516e+01 3.96543636e+01 3.96546516e+01 3.96643636e+01 3.96658676e+01 3.97158676e+01 3.97179268e+01 3.97256228e+01 3.97279268e+01 3.97356228e+01 3.97379268e+01 3.97456228e+01 3.97479268e+01 3.97556228e+01 3.97634948e+01 3.98134948e+01 3.98138939e+01 3.98141819e+01 3.98238939e+01 3.98241819e+01 3.98338939e+01 3.98341819e+01 3.98438939e+01 3.98459739e+01 3.98656377e+01 3.98660803e+01 3.98683843e+01 3.98760803e+01 3.98783843e+01 3.98860803e+01 3.98883843e+01 3.98960803e+01 3.98983843e+01 3.99060803e+01 3.99083843e+01 3.99160803e+01 3.99162214e+01 3.99252963e+01 3.99338163e+01 3.99484158e+01 3.99507198e+01 3.99584158e+01 3.99607198e+01 3.99684158e+01 3.99707198e+01 3.99784158e+01 3.99807198e+01 3.99884158e+01 3.99907198e+01 3.99984158e+01 4.00032798e+01 4.00039553e+01 4.00239553e+01 4.00242433e+01 4.00339553e+01 4.00342433e+01 4.00439553e+01 4.00442433e+01 4.00539553e+01 4.00542433e+01 4.00639553e+01 4.00642433e+01 4.00739553e+01 4.00754593e+01 4.01254593e+01 4.01271168e+01 4.01274048e+01 4.01371168e+01 4.01374048e+01 4.01471168e+01 4.01491968e+01 4.01991968e+01 4.02064614e+01 4.02087654e+01 4.02164614e+01 4.02187654e+01 4.02264614e+01 4.02322214e+01 4.02822214e+01 4.02852671e+01 4.02855551e+01 4.02952671e+01 4.02955551e+01 4.03052671e+01 4.03067711e+01 4.03567711e+01 4.03567846e+01 4.03664966e+01 4.03667846e+01 4.03764966e+01 4.03767846e+01 4.03864966e+01 4.03885766e+01 4.04385766e+01 4.04426559e+01 4.04429439e+01 4.04526559e+01 4.04529439e+01 4.04626559e+01 4.04629439e+01 4.04726559e+01 4.04741599e+01 4.05241599e+01 4.05281066e+01 4.05304106e+01 4.05381066e+01 4.05404106e+01 4.05481066e+01 4.05504106e+01 4.05581066e+01 4.05647626e+01 4.06147626e+01 4.06200380e+01 4.06223420e+01 4.06300380e+01 4.06323420e+01 4.06400380e+01 4.06479100e+01 4.06979100e+01 4.07006209e+01 4.07029249e+01 4.07106209e+01 4.07129249e+01 4.07206209e+01 4.07305409e+01 4.07805409e+01 4.07864860e+01 4.07867740e+01 4.07964860e+01 4.07967740e+01 4.08064860e+01 4.08067740e+01 4.08164860e+01 4.08179900e+01 4.08963517e+01 4.09163517e+01 4.09166397e+01 4.09263517e+01 4.09266397e+01 4.09298287e+01 4.09363517e+01 4.09366397e+01 4.09463517e+01 4.09466397e+01 4.09563517e+01 4.09566397e+01 4.09663517e+01 4.09678557e+01 4.10178557e+01 4.10243231e+01 4.10246111e+01 4.10343231e+01 4.10346111e+01 4.10443231e+01 4.10464031e+01 4.10964031e+01 4.11019299e+01 4.11042339e+01 4.11119299e+01 4.11142339e+01 4.11219299e+01 4.11307619e+01 4.11807619e+01 4.11864963e+01 4.11867843e+01 4.11964963e+01 4.11967843e+01 4.12064963e+01 4.12080003e+01 4.12580003e+01 4.12608709e+01 4.12611589e+01 4.12708709e+01 4.12711589e+01 4.12808709e+01 4.12829509e+01 4.13329509e+01 4.13398094e+01 4.13400974e+01 4.13423383e+01 4.13498094e+01 4.13500974e+01 4.13523383e+01 4.13598094e+01 4.13613134e+01 4.14113134e+01 4.14132856e+01 4.14135736e+01 4.14232856e+01 4.14235736e+01 4.14332856e+01 4.14353656e+01 4.14853656e+01 4.14859971e+01 4.14862851e+01 4.14959971e+01 4.14962851e+01 4.15059971e+01 4.15080771e+01 4.15580771e+01 4.15582647e+01 4.15605687e+01 4.15682647e+01 4.15705687e+01 4.15782647e+01 4.15869687e+01 4.16369687e+01 4.16379888e+01 4.16402928e+01 4.16479888e+01 4.16502928e+01 4.16579888e+01 4.16638768e+01 4.17138768e+01 4.17196848e+01 4.17217648e+01 4.17717648e+01 4.17717848e+01 4.17794808e+01 4.17817848e+01 4.17894808e+01 4.17917848e+01 4.17994808e+01 4.18017848e+01 4.18094808e+01 4.18171608e+01 4.18652024e+01 4.18701284e+01 4.18724324e+01 4.18801284e+01 4.18824324e+01 4.18901284e+01 4.18963364e+01 4.19066256e+01 4.19266256e+01 4.19269136e+01 4.19366256e+01 4.19369136e+01 4.19466256e+01 4.19469136e+01 4.19566256e+01 4.19569136e+01 4.19666256e+01 4.19669136e+01 4.19766256e+01 4.19781296e+01 4.20281296e+01 4.20281435e+01 4.20284315e+01 4.20381435e+01 4.20384315e+01 4.20481435e+01 4.20496475e+01 4.20996475e+01 4.21020199e+01 4.21023079e+01 4.21120199e+01 4.21123079e+01 4.21220199e+01 4.21234000e+01 4.21240999e+01 4.21740999e+01 4.21761111e+01 4.21838071e+01 4.21861111e+01 4.21938071e+01 4.21961111e+01 4.22038071e+01 4.22061111e+01 4.22138071e+01 4.22235991e+01 4.22735991e+01 4.22784905e+01 4.22807945e+01 4.22884905e+01 4.22907945e+01 4.22984905e+01 4.23051465e+01 4.23551465e+01 4.23582010e+01 4.23605050e+01 4.23682010e+01 4.23705050e+01 4.23782010e+01 4.23805050e+01 4.23882010e+01 4.23970970e+01 4.24470970e+01 4.24494282e+01 4.24497162e+01 4.24594282e+01 4.24597162e+01 4.24694282e+01 4.24709322e+01 4.25209322e+01 4.25210254e+01 4.25233294e+01 4.25310254e+01 4.25333294e+01 4.25410254e+01 4.25461454e+01 4.25961454e+01 4.26039088e+01 4.26041968e+01 4.26139088e+01 4.26141968e+01 4.26239088e+01 4.26254128e+01 4.26754128e+01 4.26766666e+01 4.26769546e+01 4.26866666e+01 4.26869546e+01 4.26966666e+01 4.26987466e+01 4.27487466e+01 4.27521328e+01 4.27524208e+01 4.27621328e+01 4.27624208e+01 4.27721328e+01 4.27742128e+01 4.28242128e+01 4.28272374e+01 4.28275254e+01 4.28372374e+01 4.28375254e+01 4.28472374e+01 4.28493174e+01 4.28899295e+01 4.28960743e+01 4.28983783e+01 4.29060743e+01 4.29083783e+01 4.29160743e+01 4.29183783e+01 4.29260743e+01 4.29319623e+01 4.29365684e+01 4.29565684e+01 4.29568564e+01 4.29665684e+01 4.29668564e+01 4.29765684e+01 4.29768564e+01 4.29865684e+01 4.29868564e+01 4.29965684e+01 4.29968564e+01 4.30065684e+01 4.30080724e+01 4.30580724e+01 4.30592220e+01 4.30615260e+01 4.30692220e+01 4.30715260e+01 4.30792220e+01 4.30861679e+01 4.30886300e+01 4.31386300e+01 4.31397359e+01 4.31400239e+01 4.31497359e+01 4.31500239e+01 4.31597359e+01 4.31600239e+01 4.31697359e+01 4.31712399e+01 4.32212399e+01 4.32232063e+01 4.32234943e+01 4.32332063e+01 4.32334943e+01 4.32432063e+01 4.32434943e+01 4.32532063e+01 4.32547103e+01 4.33047103e+01 4.33053952e+01 4.33056832e+01 4.33153952e+01 4.33156832e+01 4.33253952e+01 4.33274752e+01 4.33774752e+01 4.33781301e+01 4.33858261e+01 4.33881301e+01 4.33958261e+01 4.33981301e+01 4.34058261e+01 4.34152981e+01 4.34652981e+01 4.34657767e+01 4.34734727e+01 4.34757767e+01 4.34834727e+01 4.34857767e+01 4.34934727e+01 4.34957767e+01 4.35034727e+01 4.35113447e+01 4.35613447e+01 4.35666633e+01 4.35689673e+01 4.35766633e+01 4.35789673e+01 4.35866633e+01 4.35935113e+01 4.36435113e+01 4.36473925e+01 4.36496965e+01 4.36573925e+01 4.36596965e+01 4.36673925e+01 4.36757765e+01 4.37257765e+01 4.37257769e+01 4.37280809e+01 4.37357769e+01 4.37380809e+01 4.37457769e+01 4.37480809e+01 4.37557769e+01 4.37637769e+01 4.38137769e+01 4.38212812e+01 4.38215692e+01 4.38312812e+01 4.38315692e+01 4.38412812e+01 4.38433612e+01 4.38631785e+01 4.38719612e+01 4.38742652e+01 4.38819612e+01 4.38842652e+01 4.38919612e+01 4.38942652e+01 4.39019612e+01 4.39042652e+01 4.39119612e+01 4.39142652e+01 4.39219612e+01 4.39296682e+01 4.39316252e+01 4.39404421e+01 4.39604421e+01 4.39607301e+01 4.39704421e+01 4.39707301e+01 4.39804421e+01 4.39807301e+01 4.39904421e+01 4.39907301e+01 4.40004421e+01 4.40007301e+01 4.40104421e+01 4.40119461e+01 4.40619461e+01 4.40629232e+01 4.40632112e+01 4.40632830e+01 4.40729232e+01 4.40732112e+01 4.40732830e+01 4.40805206e+01 4.40808086e+01 4.40829232e+01 4.40832112e+01 4.40832830e+01 4.40905206e+01 4.40908086e+01 4.40929232e+01 4.40944272e+01 4.40950750e+01 4.41005206e+01 4.41008086e+01 4.41105206e+01 4.41108086e+01 4.41205206e+01 4.41208086e+01 4.41305206e+01 4.41320246e+01 4.41820246e+01 4.41886365e+01 4.41889245e+01 4.41986365e+01 4.41989245e+01 4.42086365e+01 4.42107165e+01 4.42607165e+01 4.42677243e+01 4.42680123e+01 4.42777243e+01 4.42780123e+01 4.42877243e+01 4.42898043e+01 4.43398043e+01 4.43465700e+01 4.43488740e+01 4.43565700e+01 4.43588740e+01 4.43665700e+01 4.43746340e+01 4.44246340e+01 4.44315371e+01 4.44338411e+01 4.44415371e+01 4.44438411e+01 4.44515371e+01 4.44538411e+01 4.44615371e+01 4.44692811e+01 4.45192811e+01 4.45266102e+01 4.45289142e+01 4.45366102e+01 4.45389142e+01 4.45466102e+01 4.45489142e+01 4.45566102e+01 4.45620502e+01 4.45687539e+01 4.45690419e+01 4.45787539e+01 4.45790419e+01 4.45887539e+01 4.45890419e+01 4.45987539e+01 4.45989142e+01 4.46489142e+01 4.46492551e+01 4.46515591e+01 4.46592551e+01 4.46615591e+01 4.46689142e+01 4.47189142e+01 4.47248400e+01 4.47251280e+01 4.47348400e+01 4.47351280e+01 4.47448400e+01 4.47451280e+01 4.47548400e+01 4.47551280e+01 4.47648400e+01 4.47651280e+01 4.47748400e+01 4.47769200e+01 4.48269200e+01 4.48306893e+01 4.48329933e+01 4.48406893e+01 4.48429933e+01 4.48506893e+01 4.48529933e+01 4.48606893e+01 4.48673453e+01 4.48832544e+01 4.49000540e+01 4.49003420e+01 4.49100540e+01 4.49103420e+01 4.49200540e+01 4.49203420e+01 4.49300540e+01 4.49303420e+01 4.49400540e+01 4.49403420e+01 4.49500540e+01 4.49521340e+01 4.49708913e+01 4.49769846e+01 4.49772726e+01 4.49869846e+01 4.49872726e+01 4.49969846e+01 4.49972726e+01 4.50069846e+01 4.50072726e+01 4.50169846e+01 4.50172726e+01 4.50269846e+01 4.50290646e+01 4.50310208e+01 4.50510208e+01 4.50513088e+01 4.50610208e+01 4.50613088e+01 4.50710208e+01 4.50713088e+01 4.50810208e+01 4.50813088e+01 4.50910208e+01 4.50913088e+01 4.51010208e+01 4.51021074e+01 4.51025248e+01 4.51525248e+01 4.51533772e+01 4.51536652e+01 4.51633772e+01 4.51636652e+01 4.51733772e+01 4.51754572e+01 4.52254572e+01 4.52265319e+01 4.52268199e+01 4.52365319e+01 4.52368199e+01 4.52465319e+01 4.52480359e+01 4.52980359e+01 4.53013847e+01 4.53016727e+01 4.53113847e+01 4.53116727e+01 4.53213847e+01 4.53228887e+01 4.53728887e+01 4.53768994e+01 4.53792034e+01 4.53868994e+01 4.53892034e+01 4.53968994e+01 4.53992034e+01 4.54068994e+01 4.54132994e+01 4.54632994e+01 4.54832994e+01 4.55332994e+01 4.55399569e+01 4.55402449e+01 4.55499569e+01 4.55502449e+01 4.55599569e+01 4.55602449e+01 4.55699569e+01 4.55702449e+01 4.55799569e+01 4.55820369e+01 4.56320369e+01 4.56385064e+01 4.56387944e+01 4.56485064e+01 4.56487944e+01 4.56585064e+01 4.56587944e+01 4.56685064e+01 4.56700104e+01 4.57200104e+01 4.57389046e+01 4.57400104e+01 4.57900104e+01 4.57985046e+01 4.58100104e+01 4.58920094e+01 4.59120094e+01 4.59122974e+01 4.59220094e+01 4.59222974e+01 4.59320094e+01 4.59322974e+01 4.59420094e+01 4.59422974e+01 4.59520094e+01 4.59522974e+01 4.59620094e+01 4.59635134e+01 4.60135134e+01 4.60140318e+01 4.60143198e+01 4.60240318e+01 4.60243198e+01 4.60340318e+01 4.60343198e+01 4.60440318e+01 4.60461118e+01 4.60961118e+01 4.61008624e+01 4.61031664e+01 4.61108624e+01 4.61131664e+01 4.61208624e+01 4.61267504e+01 4.61767504e+01 4.61806779e+01 4.61809659e+01 4.61906779e+01 4.61909659e+01 4.62006779e+01 4.62021819e+01 4.62521819e+01 4.62527236e+01 4.62550276e+01 4.62627236e+01 4.62650276e+01 4.62727236e+01 4.62816836e+01 4.63316836e+01 4.63357473e+01 4.63380513e+01 4.63457473e+01 4.63480513e+01 4.63557473e+01 4.63580513e+01 4.63657473e+01 4.63719553e+01 4.64219553e+01 4.64266116e+01 4.64268996e+01 4.64366116e+01 4.64368996e+01 4.64466116e+01 4.64486916e+01 4.64986916e+01 4.64990341e+01 4.65013381e+01 4.65090341e+01 4.65113381e+01 4.65190341e+01 4.65213381e+01 4.65290341e+01 4.65379941e+01 4.65879941e+01 4.65913726e+01 4.65936766e+01 4.66013726e+01 4.66015234e+01 4.66036766e+01 4.66113726e+01 4.66193726e+01 4.66693726e+01 4.66776482e+01 4.66779362e+01 4.66876482e+01 4.66879362e+01 4.66976482e+01 4.66991522e+01 4.66991522e+01 4.67491522e+01 4.67494478e+01 4.67497358e+01 4.67594478e+01 4.67597358e+01 4.67694478e+01 4.67715278e+01 4.68215278e+01 4.68286457e+01 4.68309497e+01 4.68386457e+01 4.68409497e+01 4.68486457e+01 4.68549177e+01 4.68671319e+01 4.68871319e+01 4.68874199e+01 4.68971319e+01 4.68974199e+01 4.69071319e+01 4.69074199e+01 4.69171319e+01 4.69174199e+01 4.69271319e+01 4.69274199e+01 4.69371319e+01 4.69386359e+01 4.69886359e+01 4.69924097e+01 4.69926977e+01 4.70024097e+01 4.70026977e+01 4.70124097e+01 4.70126977e+01 4.70224097e+01 4.70244897e+01 4.70744897e+01 4.70749696e+01 4.70772736e+01 4.70849696e+01 4.70872736e+01 4.70944897e+01 4.71444897e+01 4.71530433e+01 4.71533313e+01 4.71630433e+01 4.71633313e+01 4.71730433e+01 4.71733313e+01 4.71830433e+01 4.71833313e+01 4.71930433e+01 4.71951233e+01 4.72451233e+01 4.72465175e+01 4.72488215e+01 4.72565175e+01 4.72588215e+01 4.72665175e+01 4.72688215e+01 4.72765175e+01 4.72813815e+01 4.73165073e+01 4.73188113e+01 4.73188215e+01 4.73688215e+01 4.73718833e+01 4.73888215e+01 4.74388215e+01 4.74422057e+01 4.74445097e+01 4.74522057e+01 4.74607177e+01 4.75107177e+01 4.75126302e+01 4.75203262e+01 4.75226302e+01 4.75303262e+01 4.75326302e+01 4.75403262e+01 4.75497982e+01 4.75997982e+01 4.76028175e+01 4.76031055e+01 4.76128175e+01 4.76131055e+01 4.76228175e+01 4.76248975e+01 4.76748975e+01 4.76758266e+01 4.76835004e+01 4.76837884e+01 4.76858266e+01 4.76935004e+01 4.76937884e+01 4.76958266e+01 4.77035004e+01 4.77055804e+01 4.77555804e+01 4.77556283e+01 4.77559163e+01 4.77656283e+01 4.77659163e+01 4.77756283e+01 4.77759163e+01 4.77856283e+01 4.77871323e+01 4.78371323e+01 4.78410922e+01 4.78433962e+01 4.78510922e+01 4.78533962e+01 4.78610922e+01 4.78633962e+01 4.78710922e+01 4.78716242e+01 4.78768522e+01 4.78876990e+01 4.79076887e+01 4.79076990e+01 4.79079870e+01 4.79176990e+01 4.79179870e+01 4.79276990e+01 4.79279870e+01 4.79376990e+01 4.79379870e+01 4.79476990e+01 4.79479870e+01 4.79576990e+01 4.79592030e+01 4.80092030e+01 4.80096258e+01 4.80099138e+01 4.80196258e+01 4.80199138e+01 4.80296258e+01 4.80299138e+01 4.80396258e+01 4.80411298e+01 4.80911298e+01 4.80939745e+01 4.80962785e+01 4.81039745e+01 4.81062785e+01 4.81139745e+01 4.81162785e+01 4.81239745e+01 4.81333825e+01 4.81833825e+01 4.81847716e+01 4.81850596e+01 4.81947716e+01 4.81950596e+01 4.82047716e+01 4.82062756e+01 4.82562756e+01 4.82593976e+01 4.82617016e+01 4.82693976e+01 4.82717016e+01 4.82793976e+01 4.82845176e+01 4.83345176e+01 4.83375470e+01 4.83398510e+01 4.83475470e+01 4.83498510e+01 4.83575470e+01 4.83598510e+01 4.83675470e+01 4.83754830e+01 4.84254830e+01 4.84277161e+01 4.84280041e+01 4.84377161e+01 4.84380041e+01 4.84477161e+01 4.84497961e+01 4.84997961e+01 4.85056823e+01 4.85059703e+01 4.85156823e+01 4.85159703e+01 4.85256823e+01 4.85259703e+01 4.85356823e+01 4.85377623e+01 4.85877623e+01 4.85902172e+01 4.85905052e+01 4.86002172e+01 4.86005052e+01 4.86102172e+01 4.86117212e+01 4.86617212e+01 4.86646057e+01 4.86648937e+01 4.86746057e+01 4.86748937e+01 4.86846057e+01 4.86848937e+01 4.86946057e+01 4.86966857e+01 4.87466857e+01 4.87478872e+01 4.87481752e+01 4.87578872e+01 4.87581752e+01 4.87678872e+01 4.87699672e+01 4.88199672e+01 4.88215729e+01 4.88218609e+01 4.88315729e+01 4.88318609e+01 4.88415729e+01 4.88436529e+01 4.89539145e+01 4.89547732e+01 4.89550612e+01 4.89647732e+01 4.89650612e+01 4.89747732e+01 4.89750612e+01 4.89847732e+01 4.89850612e+01 4.89947732e+01 4.89962772e+01 4.89977487e+01 4.90177487e+01 4.90180367e+01 4.90277487e+01 4.90280367e+01 4.90377487e+01 4.90380367e+01 4.90477487e+01 4.90480367e+01 4.90577487e+01 4.90580367e+01 4.90677487e+01 4.90692527e+01 4.91192527e+01 4.91243540e+01 4.91246420e+01 4.91343540e+01 4.91346420e+01 4.91443540e+01 4.91458580e+01 4.91958580e+01 4.91962506e+01 4.92039466e+01 4.92062506e+01 4.92139466e+01 4.92162506e+01 4.92239466e+01 4.92294506e+01 4.92794506e+01 4.92817150e+01 4.92894110e+01 4.92894381e+01 4.92917150e+01 4.92994110e+01 4.93017150e+01 4.93094110e+01 4.93117150e+01 4.93194110e+01 4.93262590e+01 4.93762590e+01 4.93804913e+01 4.93827953e+01 4.93904913e+01 4.93927953e+01 4.94004913e+01 4.94027953e+01 4.94104913e+01 4.94194513e+01 4.94694513e+01 4.94696875e+01 4.94773835e+01 4.94796875e+01 4.94873835e+01 4.94896875e+01 4.94973835e+01 4.95044875e+01 4.95544875e+01 4.95549670e+01 4.95626630e+01 4.95649670e+01 4.95726630e+01 4.95749670e+01 4.95826630e+01 4.95882310e+01 4.96382310e+01 4.96473877e+01 4.96476757e+01 4.96573877e+01 4.96576757e+01 4.96673877e+01 4.96688917e+01 4.97188917e+01 4.97191415e+01 4.97214455e+01 4.97291415e+01 4.97314455e+01 4.97391415e+01 4.97414455e+01 4.97491415e+01 4.97548375e+01 4.98048375e+01 4.98063625e+01 4.98140585e+01 4.98163625e+01 4.98240585e+01 4.98263625e+01 4.98340585e+01 4.98389865e+01 4.98969491e+01 4.98983536e+01 4.98986416e+01 4.99083536e+01 4.99086416e+01 4.99183536e+01 4.99204336e+01 4.99346146e+01 4.99448692e+01 4.99451572e+01 4.99548692e+01 4.99551572e+01 4.99648692e+01 4.99651572e+01 4.99748692e+01 4.99751572e+01 4.99848692e+01 4.99851572e+01 4.99948692e+01 4.99969492e+01 5.00127992e+01 5.00184476e+01 5.00187356e+01 5.00284476e+01 5.00287356e+01 5.00384476e+01 5.00387356e+01 5.00484476e+01 5.00487356e+01 5.00584476e+01 5.00587356e+01 5.00684476e+01 5.00705276e+01 5.00888560e+01 5.00914170e+01 5.00917050e+01 5.01014170e+01 5.01017050e+01 5.01114170e+01 5.01117050e+01 5.01214170e+01 5.01217050e+01 5.01314170e+01 5.01317050e+01 5.01414170e+01 5.01434970e+01 5.01540287e+01 5.01687962e+01 5.01690842e+01 5.01787962e+01 5.01790842e+01 5.01887962e+01 5.01890842e+01 5.01987962e+01 5.01990842e+01 5.02087962e+01 5.02090842e+01 5.02187962e+01 5.02203002e+01 5.02399689e+01 5.02442332e+01 5.02445212e+01 5.02542332e+01 5.02545212e+01 5.02642332e+01 5.02645212e+01 5.02742332e+01 5.02745212e+01 5.02842332e+01 5.02845212e+01 5.02942332e+01 5.02957372e+01 5.02959153e+01 5.03159153e+01 5.03162033e+01 5.03259153e+01 5.03262033e+01 5.03359153e+01 5.03362033e+01 5.03459153e+01 5.03462033e+01 5.03509531e+01 5.03559153e+01 5.03562033e+01 5.03659153e+01 5.03674193e+01 5.04174193e+01 5.04237685e+01 5.04260725e+01 5.04337685e+01 5.04360725e+01 5.04374193e+01 5.04874193e+01 5.04931057e+01 5.04933937e+01 5.05031057e+01 5.05033937e+01 5.05131057e+01 5.05133937e+01 5.05231057e+01 5.05233937e+01 5.05331057e+01 5.05333937e+01 5.05431057e+01 5.05451857e+01 5.05951857e+01 5.06029177e+01 5.06032057e+01 5.06129177e+01 5.06132057e+01 5.06229177e+01 5.06244217e+01 5.06744217e+01 5.06808184e+01 5.06831224e+01 5.06908184e+01 5.06931224e+01 5.07008184e+01 5.07082424e+01 5.07582424e+01 5.07599546e+01 5.07676506e+01 5.07699546e+01 5.07776506e+01 5.07782424e+01 5.08282424e+01 5.08421938e+01 5.08444978e+01 5.08521938e+01 5.08544978e+01 5.08621938e+01 5.08644978e+01 5.08721938e+01 5.08744978e+01 5.08821938e+01 5.08844978e+01 5.08921938e+01 5.09010898e+01 5.09084886e+01 5.09227150e+01 5.09230030e+01 5.09327150e+01 5.09330030e+01 5.09427150e+01 5.09430030e+01 5.09527150e+01 5.09530030e+01 5.09627150e+01 5.09630030e+01 5.09727150e+01 5.09747950e+01 5.09876511e+01 5.10036526e+01 5.10039406e+01 5.10136526e+01 5.10139406e+01 5.10236526e+01 5.10239406e+01 5.10336526e+01 5.10339406e+01 5.10436526e+01 5.10439406e+01 5.10536526e+01 5.10551566e+01 5.10731183e+01 5.10783022e+01 5.10806062e+01 5.10883022e+01 5.10906062e+01 5.10983022e+01 5.11006062e+01 5.11083022e+01 5.11106062e+01 5.11183022e+01 5.11206062e+01 5.11283022e+01 5.11343182e+01 5.11374008e+01 5.11574008e+01 5.11576888e+01 5.11674008e+01 5.11676888e+01 5.11774008e+01 5.11776888e+01 5.11874008e+01 5.11876888e+01 5.11974008e+01 5.11976888e+01 5.12074008e+01 5.12089048e+01 5.12589048e+01 5.12608056e+01 5.12617137e+01 5.12620017e+01 5.12622477e+01 5.12685016e+01 5.12708056e+01 5.12717137e+01 5.12720017e+01 5.12722477e+01 5.12785016e+01 5.12808056e+01 5.12817137e+01 5.12832177e+01 5.12840397e+01 5.12885016e+01 5.12948376e+01 5.13448376e+01 5.13481810e+01 5.13504850e+01 5.13581810e+01 5.13598142e+01 5.13604850e+01 5.13681810e+01 5.13704850e+01 5.13781810e+01 5.13836850e+01 5.14336850e+01 5.14364023e+01 5.14387063e+01 5.14464023e+01 5.14487063e+01 5.14564023e+01 5.14587063e+01 5.14664023e+01 5.14713303e+01 5.15213303e+01 5.15248315e+01 5.15271355e+01 5.15348315e+01 5.15371355e+01 5.15448315e+01 5.15471355e+01 5.15548315e+01 5.15623835e+01 5.16123835e+01 5.16200674e+01 5.16203554e+01 5.16300674e+01 5.16303554e+01 5.16400674e+01 5.16421474e+01 5.16921474e+01 5.16946616e+01 5.16969656e+01 5.16973372e+01 5.16976252e+01 5.17046616e+01 5.17069656e+01 5.17073372e+01 5.17076252e+01 5.17146616e+01 5.17204216e+01 5.17273372e+01 5.17294172e+01 5.17794172e+01 5.17806571e+01 5.17883531e+01 5.17906571e+01 5.17983531e+01 5.18006571e+01 5.18083531e+01 5.18131531e+01 5.18817866e+01 5.18823674e+01 5.18900634e+01 5.18956314e+01 5.19142238e+01 5.19168522e+01 5.19171402e+01 5.19268522e+01 5.19271402e+01 5.19368522e+01 5.19371402e+01 5.19468522e+01 5.19471402e+01 5.19568522e+01 5.19571402e+01 5.19668522e+01 5.19689322e+01 5.19712275e+01 5.19895941e+01 5.19898821e+01 5.19995941e+01 5.19998821e+01 5.20095941e+01 5.20098821e+01 5.20195941e+01 5.20198821e+01 5.20295941e+01 5.20298821e+01 5.20395941e+01 5.20410981e+01 5.20570204e+01 5.20770204e+01 5.20773084e+01 5.20870204e+01 5.20873084e+01 5.20970204e+01 5.20973084e+01 5.21070204e+01 5.21073084e+01 5.21170204e+01 5.21173084e+01 5.21270204e+01 5.21285244e+01 5.21785244e+01 5.21803843e+01 5.21806723e+01 5.21903843e+01 5.21906723e+01 5.22003843e+01 5.22006723e+01 5.22103843e+01 5.22118883e+01 5.22618883e+01 5.22658224e+01 5.22681264e+01 5.22758224e+01 5.22781264e+01 5.22858224e+01 5.22933104e+01 5.23433104e+01 5.23438761e+01 5.23515721e+01 5.23538761e+01 5.23615721e+01 5.23635791e+01 5.23638761e+01 5.23715721e+01 5.23791881e+01 5.24291881e+01 5.24333893e+01 5.24356933e+01 5.24433893e+01 5.24456933e+01 5.24533893e+01 5.24556933e+01 5.24633893e+01 5.24712613e+01 5.25212613e+01 5.25237372e+01 5.25260412e+01 5.25337372e+01 5.25360412e+01 5.25437372e+01 5.25533372e+01 5.26033372e+01 5.26066904e+01 5.26069784e+01 5.26166904e+01 5.26169784e+01 5.26266904e+01 5.26281944e+01 5.26781944e+01 5.26836144e+01 5.26839024e+01 5.26936144e+01 5.26939024e+01 5.27036144e+01 5.27039024e+01 5.27136144e+01 5.27156944e+01 5.27656944e+01 5.27675168e+01 5.27678048e+01 5.27775168e+01 5.27778048e+01 5.27875168e+01 5.27895968e+01 5.28395968e+01 5.28419914e+01 5.28442954e+01 5.28519914e+01 5.28542954e+01 5.28619914e+01 5.28692234e+01 5.28803890e+01 5.29003890e+01 5.29006770e+01 5.29103890e+01 5.29106770e+01 5.29203890e+01 5.29206770e+01 5.29303890e+01 5.29306770e+01 5.29403890e+01 5.29406770e+01 5.29503890e+01 5.29518930e+01 5.30018930e+01 5.30039951e+01 5.30062991e+01 5.30139951e+01 5.30162991e+01 5.30239951e+01 5.30302031e+01 5.30802031e+01 5.30875857e+01 5.30878737e+01 5.30975857e+01 5.30978737e+01 5.31075857e+01 5.31096657e+01 5.31596657e+01 5.31673126e+01 5.31676006e+01 5.31773126e+01 5.31776006e+01 5.31873126e+01 5.31888166e+01 5.32388166e+01 5.32431359e+01 5.32434239e+01 5.32531359e+01 5.32534239e+01 5.32631359e+01 5.32646399e+01 5.33146399e+01 5.33149324e+01 5.33152204e+01 5.33249324e+01 5.33252204e+01 5.33349324e+01 5.33352204e+01 5.33449324e+01 5.33470124e+01 5.33970124e+01 5.33997812e+01 5.34020852e+01 5.34097812e+01 5.34120852e+01 5.34197812e+01 5.34282292e+01 5.34782292e+01 5.34846176e+01 5.34852436e+01 5.34869216e+01 5.34946176e+01 5.34969216e+01 5.35046176e+01 5.35133216e+01 5.35633216e+01 5.35692865e+01 5.35695745e+01 5.35792865e+01 5.35795745e+01 5.35892865e+01 5.35907905e+01 5.36407905e+01 5.36495775e+01 5.36498655e+01 5.36595775e+01 5.36598655e+01 5.36695775e+01 5.36716575e+01 5.37216575e+01 5.37231060e+01 5.37254100e+01 5.37331060e+01 5.37354100e+01 5.37431060e+01 5.37505300e+01 5.38005300e+01 5.38075034e+01 5.38098074e+01 5.38175034e+01 5.38198074e+01 5.38275034e+01 5.38337754e+01 5.39277157e+01 5.39331624e+01 5.39334504e+01 5.39431624e+01 5.39434504e+01 5.39531624e+01 5.39534504e+01 5.39631624e+01 5.39634504e+01 5.39731624e+01 5.39734504e+01 5.39831624e+01 5.39846664e+01 5.39872164e+01 5.40072164e+01 5.40075044e+01 5.40172164e+01 5.40175044e+01 5.40272164e+01 5.40275044e+01 5.40372164e+01 5.40375044e+01 5.40472164e+01 5.40475044e+01 5.40572164e+01 5.40587204e+01 5.41087204e+01 5.41099157e+01 5.41122197e+01 5.41199157e+01 5.41222197e+01 5.41299157e+01 5.41388757e+01 5.41888757e+01 5.41972705e+01 5.41975585e+01 5.42072705e+01 5.42075585e+01 5.42172705e+01 5.42175585e+01 5.42272705e+01 5.42287745e+01 5.42787745e+01 5.42814631e+01 5.42817511e+01 5.42914631e+01 5.42917511e+01 5.43014631e+01 5.43035431e+01 5.43535431e+01 5.43611364e+01 5.43634404e+01 5.43711364e+01 5.43734404e+01 5.43811364e+01 5.43884324e+01 5.44384324e+01 5.44392815e+01 5.44415855e+01 5.44492815e+01 5.44515855e+01 5.44592815e+01 5.44674095e+01 5.45174095e+01 5.45242115e+01 5.45265155e+01 5.45280190e+01 5.45283070e+01 5.45342115e+01 5.45357943e+01 5.45365155e+01 5.45380190e+01 5.45383070e+01 5.45442115e+01 5.45496515e+01 5.45580190e+01 5.45583070e+01 5.45680190e+01 5.45683070e+01 5.45780190e+01 5.45795230e+01 5.46295230e+01 5.46313416e+01 5.46336456e+01 5.46413416e+01 5.46436456e+01 5.46513416e+01 5.46536456e+01 5.46613416e+01 5.46701096e+01 5.47201096e+01 5.47274325e+01 5.47297365e+01 5.47374325e+01 5.47397365e+01 5.47474325e+01 5.47549205e+01 5.48049205e+01 5.48053143e+01 5.48076183e+01 5.48153143e+01 5.48176183e+01 5.48253143e+01 5.48346583e+01 5.49347340e+01 5.49385531e+01 5.49408571e+01 5.49485531e+01 5.49508571e+01 5.49585531e+01 5.49608571e+01 5.49685531e+01 5.49708571e+01 5.49785531e+01 5.49808571e+01 5.49885531e+01 5.49968091e+01 5.50112155e+01 5.50312155e+01 5.50315035e+01 5.50412155e+01 5.50415035e+01 5.50512155e+01 5.50515035e+01 5.50612155e+01 5.50615035e+01 5.50712155e+01 5.50715035e+01 5.50812155e+01 5.50827195e+01 5.51327195e+01 5.51374292e+01 5.51377172e+01 5.51474292e+01 5.51477172e+01 5.51574292e+01 5.51589332e+01 5.52089332e+01 5.52095150e+01 5.52118190e+01 5.52195150e+01 5.52218190e+01 5.52295150e+01 5.52359150e+01 5.52859150e+01 5.52866003e+01 5.52868883e+01 5.52966003e+01 5.52968883e+01 5.53066003e+01 5.53081043e+01 5.53581043e+01 5.53602570e+01 5.53625610e+01 5.53702570e+01 5.53725610e+01 5.53802570e+01 5.53811427e+01 5.53825610e+01 5.53902570e+01 5.53967850e+01 5.54467850e+01 5.54494165e+01 5.54517205e+01 5.54594165e+01 5.54617205e+01 5.54694165e+01 5.54744085e+01 5.55244085e+01 5.55308197e+01 5.55311077e+01 5.55408197e+01 5.55428997e+01 5.55928997e+01 5.55968368e+01 5.55991408e+01 5.56068368e+01 5.56091408e+01 5.56168368e+01 5.56250288e+01 5.56750288e+01 5.56770041e+01 5.56772921e+01 5.56870041e+01 5.56872921e+01 5.56970041e+01 5.56985081e+01 5.57485081e+01 5.57498894e+01 5.57501774e+01 5.57598894e+01 5.57601774e+01 5.57698894e+01 5.57719694e+01 5.58219694e+01 5.58271928e+01 5.58274808e+01 5.58371928e+01 5.58374808e+01 5.58471928e+01 5.58492728e+01 5.58623988e+01 5.58823988e+01 5.58826868e+01 5.58923988e+01 5.58926868e+01 5.59023988e+01 5.59026868e+01 5.59123988e+01 5.59126868e+01 5.59223988e+01 5.59226868e+01 5.59323988e+01 5.59339028e+01 5.59839028e+01 5.59927641e+01 5.59930521e+01 5.60027641e+01 5.60030521e+01 5.60127641e+01 5.60130521e+01 5.60227641e+01 5.60248441e+01 5.60748441e+01 5.60769741e+01 5.60772621e+01 5.60869741e+01 5.60872621e+01 5.60969741e+01 5.60984781e+01 5.61484781e+01 5.61521681e+01 5.61524561e+01 5.61621681e+01 5.61624561e+01 5.61721681e+01 5.61724561e+01 5.61821681e+01 5.61842481e+01 5.62342481e+01 5.62371830e+01 5.62374710e+01 5.62471830e+01 5.62474710e+01 5.62571830e+01 5.62592630e+01 5.63092630e+01 5.63092822e+01 5.63110573e+01 5.63113453e+01 5.63169782e+01 5.63192822e+01 5.63210573e+01 5.63213453e+01 5.63269782e+01 5.63292822e+01 5.63310573e+01 5.63313453e+01 5.63369782e+01 5.63468982e+01 5.63682641e+01 5.63705681e+01 5.63782641e+01 5.63805681e+01 5.63813453e+01 5.64313453e+01 5.64485451e+01 5.64488331e+01 5.64585451e+01 5.64588331e+01 5.64685451e+01 5.64688331e+01 5.64785451e+01 5.64788331e+01 5.64885451e+01 5.64888331e+01 5.64985451e+01 5.65006251e+01 5.65506251e+01 5.65528696e+01 5.65551736e+01 5.65628696e+01 5.65651736e+01 5.65706251e+01 5.66206251e+01 5.66265283e+01 5.66288323e+01 5.66365283e+01 5.66388323e+01 5.66465283e+01 5.66488323e+01 5.66565283e+01 5.66614292e+01 5.66632483e+01 5.67132483e+01 5.67201805e+01 5.67224845e+01 5.67301805e+01 5.67324845e+01 5.67401805e+01 5.67449805e+01 5.67949805e+01 5.67970130e+01 5.67993170e+01 5.68070130e+01 5.68093170e+01 5.68170130e+01 5.68193170e+01 5.68270130e+01 5.68346290e+01 5.69585131e+01 5.69636402e+01 5.69639282e+01 5.69736402e+01 5.69739282e+01 5.69836402e+01 5.69839282e+01 5.69936402e+01 5.69957202e+01 5.69962682e+01 5.70162682e+01 5.70165562e+01 5.70262682e+01 5.70265562e+01 5.70362682e+01 5.70365562e+01 5.70462682e+01 5.70465562e+01 5.70562682e+01 5.70565562e+01 5.70662682e+01 5.70677722e+01 5.71177722e+01 5.71186276e+01 5.71209316e+01 5.71286276e+01 5.71309316e+01 5.71386276e+01 5.71438116e+01 5.71938116e+01 5.71938189e+01 5.71941069e+01 5.72038189e+01 5.72041069e+01 5.72138189e+01 5.72153229e+01 5.72653229e+01 5.72661431e+01 5.72664311e+01 5.72668689e+01 5.72680903e+01 5.72683783e+01 5.72745649e+01 5.72768689e+01 5.72780903e+01 5.72783783e+01 5.72845649e+01 5.72868689e+01 5.72880903e+01 5.72883783e+01 5.72945649e+01 5.73021809e+01 5.73364311e+01 5.73864311e+01 5.73872944e+01 5.73893744e+01 5.74393744e+01 5.74397741e+01 5.74400621e+01 5.74497741e+01 5.74500621e+01 5.74597741e+01 5.74600621e+01 5.74697741e+01 5.74718541e+01 5.75218541e+01 5.75240591e+01 5.75243471e+01 5.75340591e+01 5.75343471e+01 5.75440591e+01 5.75461391e+01 5.75961391e+01 5.75976990e+01 5.76000030e+01 5.76076990e+01 5.76100030e+01 5.76176990e+01 5.76236510e+01 5.76736510e+01 5.76783704e+01 5.76786584e+01 5.76883704e+01 5.76886584e+01 5.76983704e+01 5.76998744e+01 5.77498744e+01 5.77530173e+01 5.77553213e+01 5.77630173e+01 5.77653213e+01 5.77730173e+01 5.77753213e+01 5.77830173e+01 5.77896733e+01 5.78396733e+01 5.78418402e+01 5.78421282e+01 5.78518402e+01 5.78521282e+01 5.78618402e+01 5.78639202e+01 5.78733266e+01 5.78933266e+01 5.78934494e+01 5.78936146e+01 5.79033266e+01 5.79036146e+01 5.79133266e+01 5.79136146e+01 5.79233266e+01 5.79236146e+01 5.79333266e+01 5.79336146e+01 5.79433266e+01 5.79448306e+01 5.79948306e+01 5.79996365e+01 5.79999245e+01 5.80001247e+01 5.80096365e+01 5.80099245e+01 5.80101247e+01 5.80196365e+01 5.80217165e+01 5.80717165e+01 5.80752317e+01 5.80775357e+01 5.80852317e+01 5.80875357e+01 5.80952317e+01 5.80975357e+01 5.81052317e+01 5.81107357e+01 5.81607357e+01 5.81616159e+01 5.81693119e+01 5.81716159e+01 5.81793119e+01 5.81807357e+01 5.82307357e+01 5.82359198e+01 5.82382238e+01 5.82459198e+01 5.82482238e+01 5.82559198e+01 5.82582238e+01 5.82659198e+01 5.82682238e+01 5.82759198e+01 5.82839198e+01 5.83339198e+01 5.83419292e+01 5.83422172e+01 5.83519292e+01 5.83522172e+01 5.83619292e+01 5.83634332e+01 5.84134332e+01 5.84219987e+01 5.84222867e+01 5.84319987e+01 5.84340787e+01 5.84840787e+01 5.84879857e+01 5.84902897e+01 5.84979857e+01 5.85002897e+01 5.85079857e+01 5.85102897e+01 5.85179857e+01 5.85266257e+01 5.85766257e+01 5.85784827e+01 5.85807867e+01 5.85884827e+01 5.85907867e+01 5.85984827e+01 5.86080827e+01 5.86580827e+01 5.86604441e+01 5.86627481e+01 5.86704441e+01 5.86727481e+01 5.86804441e+01 5.86827481e+01 5.86904441e+01 5.86971001e+01 5.87471001e+01 5.87527292e+01 5.87530172e+01 5.87627292e+01 5.87630172e+01 5.87727292e+01 5.87742332e+01 5.88242332e+01 5.88299823e+01 5.88302703e+01 5.88399823e+01 5.88402703e+01 5.88499823e+01 5.88502703e+01 5.88599823e+01 5.88620623e+01 5.88664921e+01 5.88864921e+01 5.88867801e+01 5.88964921e+01 5.88967801e+01 5.88989587e+01 5.89064921e+01 5.89067801e+01 5.89164921e+01 5.89167801e+01 5.89264921e+01 5.89267801e+01 5.89364921e+01 5.89379961e+01 5.89879961e+01 5.89905888e+01 5.89928928e+01 5.90005888e+01 5.90028928e+01 5.90105888e+01 5.90194208e+01 5.90694208e+01 5.90695158e+01 5.90698038e+01 5.90795158e+01 5.90798038e+01 5.90895158e+01 5.90910198e+01 5.91410198e+01 5.91421276e+01 5.91444316e+01 5.91521276e+01 5.91544316e+01 5.91621276e+01 5.91644316e+01 5.91721276e+01 5.91785916e+01 5.92285916e+01 5.92314728e+01 5.92317608e+01 5.92414728e+01 5.92417608e+01 5.92514728e+01 5.92529768e+01 5.93029768e+01 5.93062405e+01 5.93085445e+01 5.93162405e+01 5.93185445e+01 5.93262405e+01 5.93357125e+01 5.93857125e+01 5.93910179e+01 5.93933219e+01 5.94010179e+01 5.94033219e+01 5.94110179e+01 5.94133219e+01 5.94210179e+01 5.94294019e+01 5.94794019e+01 5.94815933e+01 5.94838973e+01 5.94915933e+01 5.94938973e+01 5.95015933e+01 5.95086333e+01 5.95586333e+01 5.95593420e+01 5.95670380e+01 5.95693420e+01 5.95770380e+01 5.95793420e+01 5.95848399e+01 5.95851279e+01 5.95870380e+01 5.95948460e+01 5.95951279e+01 5.96048399e+01 5.96051279e+01 5.96148399e+01 5.96151279e+01 5.96248399e+01 5.96251279e+01 5.96348399e+01 5.96369199e+01 5.96869199e+01 5.96879358e+01 5.96882238e+01 5.96979358e+01 5.96982238e+01 5.97079358e+01 5.97082238e+01 5.97179358e+01 5.97200158e+01 5.97700158e+01 5.97706748e+01 5.97728278e+01 5.97729788e+01 5.97806748e+01 5.97829788e+01 5.97906748e+01 5.97997628e+01 5.98497628e+01 5.98507793e+01 5.98510673e+01 5.98607793e+01 5.98610673e+01 5.98707793e+01 5.98728593e+01 5.98811784e+01 5.99011784e+01 5.99014664e+01 5.99111784e+01 5.99114664e+01 5.99211784e+01 5.99214664e+01 5.99311784e+01 5.99314664e+01 5.99411784e+01 5.99414664e+01 5.99511784e+01 5.99526824e+01 6.00026824e+01 6.00088399e+01 6.00091279e+01 6.00188399e+01 6.00191279e+01 6.00288399e+01 6.00309199e+01 6.00809199e+01 6.00868036e+01 6.00891076e+01 6.00968036e+01 6.00991076e+01 6.01068036e+01 6.01139076e+01 6.01639076e+01 6.01682040e+01 6.01684920e+01 6.01782040e+01 6.01784920e+01 6.01882040e+01 6.01897080e+01 6.02397080e+01 6.02438371e+01 6.02461411e+01 6.02538371e+01 6.02561411e+01 6.02638371e+01 6.02726051e+01 6.03226051e+01 6.03285556e+01 6.03308596e+01 6.03385556e+01 6.03408596e+01 6.03485556e+01 6.03508596e+01 6.03585556e+01 6.03673236e+01 6.04173236e+01 6.04183592e+01 6.04206632e+01 6.04283592e+01 6.04306632e+01 6.04383592e+01 6.04406632e+01 6.04483592e+01 6.04580872e+01 6.05080872e+01 6.05082743e+01 6.05105783e+01 6.05182743e+01 6.05205783e+01 6.05282743e+01 6.05344183e+01 6.05844183e+01 6.05889861e+01 6.05892741e+01 6.05895188e+01 6.05989861e+01 6.05992741e+01 6.05995188e+01 6.06089861e+01 6.06110661e+01 6.06610661e+01 6.06629486e+01 6.06638904e+01 6.06652526e+01 6.06729486e+01 6.06752526e+01 6.06829486e+01 6.06927406e+01 6.07427406e+01 6.07492553e+01 6.07515593e+01 6.07592553e+01 6.07615593e+01 6.07692553e+01 6.07715593e+01 6.07792553e+01 6.07857193e+01 6.08357193e+01 6.08375514e+01 6.08452474e+01 6.08475514e+01 6.08552474e+01 6.08575514e+01 6.08652474e+01 6.08675514e+01 6.08752474e+01 6.08826714e+01 6.09004867e+01 6.09034528e+01 6.09037408e+01 6.09134528e+01 6.09137408e+01 6.09234528e+01 6.09237408e+01 6.09334528e+01 6.09337408e+01 6.09434528e+01 6.09437408e+01 6.09534528e+01 6.09549568e+01 6.09568021e+01 6.09768021e+01 6.09770901e+01 6.09868021e+01 6.09870901e+01 6.09968021e+01 6.09970901e+01 6.10068021e+01 6.10070901e+01 6.10168021e+01 6.10170901e+01 6.10268021e+01 6.10283061e+01 6.10783061e+01 6.10804522e+01 6.10807402e+01 6.10904522e+01 6.10907402e+01 6.11004522e+01 6.11025322e+01 6.11525322e+01 6.11563667e+01 6.11566547e+01 6.11663667e+01 6.11666547e+01 6.11763667e+01 6.11784467e+01 6.12284467e+01 6.12319934e+01 6.12322814e+01 6.12419934e+01 6.12422814e+01 6.12519934e+01 6.12534974e+01 6.13034974e+01 6.13041518e+01 6.13044398e+01 6.13141518e+01 6.13144398e+01 6.13241518e+01 6.13262318e+01 6.13762318e+01 6.13764792e+01 6.13767672e+01 6.13864792e+01 6.13867672e+01 6.13964792e+01 6.13967672e+01 6.14064792e+01 6.14085592e+01 6.14585592e+01 6.14656208e+01 6.14679248e+01 6.14756208e+01 6.14779248e+01 6.14856208e+01 6.14933008e+01 6.15433008e+01 6.15463893e+01 6.15486933e+01 6.15563893e+01 6.15586933e+01 6.15663893e+01 6.15722773e+01 6.16222773e+01 6.16319035e+01 6.16321915e+01 6.16419035e+01 6.16421915e+01 6.16519035e+01 6.16534075e+01 6.17034075e+01 6.17075578e+01 6.17078458e+01 6.17175578e+01 6.17178458e+01 6.17275578e+01 6.17296378e+01 6.17796378e+01 6.17797627e+01 6.17820667e+01 6.17897627e+01 6.17920667e+01 6.17997627e+01 6.18012031e+01 6.18020667e+01 6.18097627e+01 6.18151387e+01 6.18822223e+01 6.18881269e+01 6.18902069e+01 6.18953697e+01 6.19153697e+01 6.19156577e+01 6.19253697e+01 6.19256577e+01 6.19353697e+01 6.19356577e+01 6.19453697e+01 6.19456577e+01 6.19553697e+01 6.19556577e+01 6.19653697e+01 6.19668737e+01 6.20168737e+01 6.20174486e+01 6.20197526e+01 6.20274486e+01 6.20297526e+01 6.20368737e+01 6.20868737e+01 6.20907791e+01 6.20910671e+01 6.21007791e+01 6.21010671e+01 6.21107791e+01 6.21110671e+01 6.21207791e+01 6.21210671e+01 6.21307791e+01 6.21328591e+01 6.21828591e+01 6.21843416e+01 6.21846296e+01 6.21943416e+01 6.21946296e+01 6.22043416e+01 6.22064216e+01 6.22564216e+01 6.22578736e+01 6.22601776e+01 6.22678736e+01 6.22701776e+01 6.22778736e+01 6.22872176e+01 6.23372176e+01 6.23445896e+01 6.23448776e+01 6.23545896e+01 6.23548776e+01 6.23645896e+01 6.23660936e+01 6.24160936e+01 6.24180521e+01 6.24183401e+01 6.24280521e+01 6.24283401e+01 6.24380521e+01 6.24401321e+01 6.24901321e+01 6.24931740e+01 6.24954780e+01 6.25031740e+01 6.25054780e+01 6.25131740e+01 6.25154780e+01 6.25231740e+01 6.25298940e+01 6.25798940e+01 6.25810745e+01 6.25833785e+01 6.25910745e+01 6.25933785e+01 6.26010745e+01 6.26082425e+01 6.26582425e+01 6.26609922e+01 6.26612802e+01 6.26709922e+01 6.26712802e+01 6.26809922e+01 6.26830722e+01 6.27330722e+01 6.27342947e+01 6.27365987e+01 6.27442947e+01 6.27465987e+01 6.27542947e+01 6.27565987e+01 6.27642947e+01 6.27742147e+01 6.28242147e+01 6.28244722e+01 6.28267762e+01 6.28344722e+01 6.28367762e+01 6.28444722e+01 6.28481519e+01 6.28512562e+01 6.28822238e+01 6.28838610e+01 6.28841490e+01 6.28844992e+01 6.28906204e+01 6.28909084e+01 6.28921952e+01 6.28944992e+01 6.29006204e+01 6.29009084e+01 6.29021952e+01 6.29044992e+01 6.29106204e+01 6.29109084e+01 6.29121952e+01 6.29144992e+01 6.29206204e+01 6.29209084e+01 6.29221952e+01 6.29244992e+01 6.29306204e+01 6.29309084e+01 6.29321952e+01 6.29417952e+01 6.29421244e+01 6.29541490e+01 6.29585173e+01 6.29623625e+01 6.29646665e+01 6.29723625e+01 6.29746665e+01 6.29823625e+01 6.29846665e+01 6.29923625e+01 6.29946665e+01 6.30023625e+01 6.30046665e+01 6.30123625e+01 6.30182505e+01 6.30367729e+01 6.30519203e+01 6.30542243e+01 6.30619203e+01 6.30642243e+01 6.30719203e+01 6.30742243e+01 6.30819203e+01 6.30842243e+01 6.30919203e+01 6.30942243e+01 6.31019203e+01 6.31074883e+01 6.31272701e+01 6.31469824e+01 6.31472701e+01 6.31475581e+01 6.31572701e+01 6.31575581e+01 6.31672701e+01 6.31675581e+01 6.31772701e+01 6.31775581e+01 6.31872701e+01 6.31875581e+01 6.31972701e+01 6.31987741e+01 6.32487741e+01 6.32497388e+01 6.32574348e+01 6.32597388e+01 6.32674348e+01 6.32697388e+01 6.32774348e+01 6.32826188e+01 6.33326188e+01 6.33345904e+01 6.33348784e+01 6.33445904e+01 6.33448784e+01 6.33545904e+01 6.33560944e+01 6.34060944e+01 6.34062904e+01 6.34065784e+01 6.34162904e+01 6.34165784e+01 6.34262904e+01 6.34265784e+01 6.34362904e+01 6.34383704e+01 6.34883704e+01 6.34936765e+01 6.34959805e+01 6.35036765e+01 6.35059805e+01 6.35136765e+01 6.35227645e+01 6.35727645e+01 6.35728805e+01 6.35751845e+01 6.35828805e+01 6.35843207e+01 6.35851845e+01 6.35928805e+01 6.35951845e+01 6.36028805e+01 6.36099845e+01 6.36599845e+01 6.36668126e+01 6.36671006e+01 6.36768126e+01 6.36771006e+01 6.36868126e+01 6.36883166e+01 6.37383166e+01 6.37414240e+01 6.37417120e+01 6.37514240e+01 6.37517120e+01 6.37614240e+01 6.37635040e+01 6.38135040e+01 6.38137445e+01 6.38160485e+01 6.38237445e+01 6.38260485e+01 6.38337445e+01 6.38360485e+01 6.38437445e+01 6.38513605e+01 6.38808725e+01 6.38811714e+01 6.38834754e+01 6.38911714e+01 6.38934754e+01 6.39011714e+01 6.39034754e+01 6.39111714e+01 6.39134754e+01 6.39211714e+01 6.39234754e+01 6.39311714e+01 6.39384034e+01 6.39492012e+01 6.39606449e+01 6.39609329e+01 6.39706449e+01 6.39709329e+01 6.39806449e+01 6.39809329e+01 6.39906449e+01 6.39909329e+01 6.40006449e+01 6.40009329e+01 6.40106449e+01 6.40121489e+01 6.40210414e+01 6.40378446e+01 6.40401486e+01 6.40478446e+01 6.40501486e+01 6.40578446e+01 6.40601486e+01 6.40678446e+01 6.40701486e+01 6.40778446e+01 6.40801486e+01 6.40878446e+01 6.40975086e+01 6.41055363e+01 6.41193736e+01 6.41216776e+01 6.41293736e+01 6.41316776e+01 6.41393736e+01 6.41416776e+01 6.41493736e+01 6.41516776e+01 6.41593736e+01 6.41616776e+01 6.41693736e+01 6.41765416e+01 6.41888536e+01 6.41948441e+01 6.41951321e+01 6.42048441e+01 6.42051321e+01 6.42148441e+01 6.42151321e+01 6.42248441e+01 6.42251321e+01 6.42348441e+01 6.42351321e+01 6.42448441e+01 6.42469241e+01 6.42572271e+01 6.42695871e+01 6.42698751e+01 6.42795871e+01 6.42798751e+01 6.42895871e+01 6.42898751e+01 6.42995871e+01 6.42998751e+01 6.43095871e+01 6.43098751e+01 6.43195871e+01 6.43210911e+01 6.43234339e+01 6.43427122e+01 6.43434339e+01 6.43437219e+01 6.43534339e+01 6.43536072e+01 6.43537219e+01 6.43634339e+01 6.43637219e+01 6.43734339e+01 6.43737219e+01 6.43834339e+01 6.43837219e+01 6.43934339e+01 6.43949379e+01 6.44449379e+01 6.44467654e+01 6.44490694e+01 6.44567654e+01 6.44590694e+01 6.44667654e+01 6.44690694e+01 6.44767654e+01 6.44845734e+01 6.45345734e+01 6.45359621e+01 6.45436581e+01 6.45459621e+01 6.45536581e+01 6.45559621e+01 6.45636581e+01 6.45684581e+01 6.46184581e+01 6.46237155e+01 6.46240035e+01 6.46337155e+01 6.46357955e+01 6.46857955e+01 6.46879590e+01 6.46902630e+01 6.46979590e+01 6.47002630e+01 6.47079590e+01 6.47102630e+01 6.47179590e+01 6.47255750e+01 6.47755750e+01 6.47825568e+01 6.47828448e+01 6.47925568e+01 6.47928448e+01 6.48025568e+01 6.48040608e+01 6.48540608e+01 6.48548945e+01 6.48623235e+01 6.48626115e+01 6.48648945e+01 6.48723235e+01 6.48726115e+01 6.48748945e+01 6.48823235e+01 6.48844035e+01 6.48889035e+01 6.49089035e+01 6.49091915e+01 6.49189035e+01 6.49191915e+01 6.49289035e+01 6.49291915e+01 6.49389035e+01 6.49391915e+01 6.49489035e+01 6.49491915e+01 6.49589035e+01 6.49604075e+01 6.50104075e+01 6.50125043e+01 6.50127923e+01 6.50149959e+01 6.50225043e+01 6.50227923e+01 6.50249959e+01 6.50325043e+01 6.50340083e+01 6.50840083e+01 6.50885931e+01 6.50908971e+01 6.50985931e+01 6.51008971e+01 6.51085931e+01 6.51164011e+01 6.51664011e+01 6.51686562e+01 6.51709602e+01 6.51786562e+01 6.51809602e+01 6.51886562e+01 6.51958882e+01 6.52458882e+01 6.52502658e+01 6.52505538e+01 6.52602658e+01 6.52605538e+01 6.52702658e+01 6.52705538e+01 6.52802658e+01 6.52817698e+01 6.53317698e+01 6.53377164e+01 6.53400204e+01 6.53477164e+01 6.53500204e+01 6.53577164e+01 6.53617033e+01 6.53659084e+01 6.54159084e+01 6.54161554e+01 6.54184594e+01 6.54261554e+01 6.54284594e+01 6.54361554e+01 6.54384594e+01 6.54461554e+01 6.54521074e+01 6.55021074e+01 6.55029504e+01 6.55052544e+01 6.55129504e+01 6.55152544e+01 6.55229504e+01 6.55293504e+01 6.55793504e+01 6.55838989e+01 6.55841869e+01 6.55938989e+01 6.55941869e+01 6.56038989e+01 6.56054029e+01 6.56554029e+01 6.56567680e+01 6.56590720e+01 6.56667680e+01 6.56690720e+01 6.56767680e+01 6.56855360e+01 6.57355360e+01 6.57355967e+01 6.57432927e+01 6.57455967e+01 6.57532927e+01 6.57555967e+01 6.57632927e+01 6.57655967e+01 6.57732927e+01 6.57809727e+01 6.58309727e+01 6.58371448e+01 6.58394488e+01 6.58471448e+01 6.58494488e+01 6.58571448e+01 6.58594488e+01 6.58671448e+01 6.58732888e+01 6.58789923e+01 6.58989923e+01 6.58992803e+01 6.59089923e+01 6.59092803e+01 6.59189923e+01 6.59192803e+01 6.59289923e+01 6.59292803e+01 6.59389923e+01 6.59392803e+01 6.59489923e+01 6.59504963e+01 6.60004963e+01 6.60006777e+01 6.60009657e+01 6.60106777e+01 6.60109657e+01 6.60206777e+01 6.60227577e+01 6.60727577e+01 6.60743300e+01 6.60766340e+01 6.60843300e+01 6.60866340e+01 6.60927577e+01 6.61427577e+01 6.61518693e+01 6.61533733e+01 6.62033733e+01 6.62045495e+01 6.62068535e+01 6.62145495e+01 6.62168535e+01 6.62245495e+01 6.62306882e+01 6.62340215e+01 6.62840215e+01 6.62877693e+01 6.62880573e+01 6.62977693e+01 6.62980573e+01 6.63077693e+01 6.63098493e+01 6.63598493e+01 6.63688860e+01 6.63691740e+01 6.63788860e+01 6.63791740e+01 6.63888860e+01 6.63903900e+01 6.64403900e+01 6.64414497e+01 6.64417377e+01 6.64514497e+01 6.64517377e+01 6.64614497e+01 6.64617377e+01 6.64714497e+01 6.64735297e+01 6.65235297e+01 6.65325017e+01 6.65327897e+01 6.65425017e+01 6.65427897e+01 6.65525017e+01 6.65545817e+01 6.66045817e+01 6.66132618e+01 6.66135498e+01 6.66232618e+01 6.66247658e+01 6.66747658e+01 6.66777266e+01 6.66800306e+01 6.66877266e+01 6.66900306e+01 6.66977266e+01 6.67049586e+01 6.67549586e+01 6.67611896e+01 6.67634936e+01 6.67711896e+01 6.67734936e+01 6.67811896e+01 6.67883576e+01 6.68383576e+01 6.68421192e+01 6.68444232e+01 6.68521192e+01 6.68544232e+01 6.68621192e+01 6.68671112e+01 6.68859993e+01 6.68978868e+01 6.68981748e+01 6.69078868e+01 6.69081748e+01 6.69178868e+01 6.69181748e+01 6.69278868e+01 6.69281748e+01 6.69378868e+01 6.69381748e+01 6.69478868e+01 6.69499668e+01 6.69645591e+01 6.69730458e+01 6.69753498e+01 6.69830458e+01 6.69853498e+01 6.69930458e+01 6.69953498e+01 6.70030458e+01 6.70053498e+01 6.70130458e+01 6.70153498e+01 6.70230458e+01 6.70326458e+01 6.70372084e+01 6.70532661e+01 6.70535541e+01 6.70632661e+01 6.70635541e+01 6.70732661e+01 6.70735541e+01 6.70832661e+01 6.70835541e+01 6.70932661e+01 6.70935541e+01 6.71032661e+01 6.71053461e+01 6.71102484e+01 6.71302484e+01 6.71305364e+01 6.71402484e+01 6.71405364e+01 6.71502484e+01 6.71505364e+01 6.71602484e+01 6.71605364e+01 6.71702484e+01 6.71705364e+01 6.71802484e+01 6.71817524e+01 6.72317524e+01 6.72336625e+01 6.72413585e+01 6.72436625e+01 6.72513585e+01 6.72536625e+01 6.72613585e+01 6.72705871e+01 6.72711505e+01 6.73211505e+01 6.73236779e+01 6.73239659e+01 6.73336779e+01 6.73339659e+01 6.73436779e+01 6.73451819e+01 6.73951819e+01 6.73980391e+01 6.74003431e+01 6.74080391e+01 6.74103431e+01 6.74180391e+01 6.74245031e+01 6.74745031e+01 6.74751775e+01 6.74774815e+01 6.74851775e+01 6.74874815e+01 6.74951775e+01 6.74974815e+01 6.75051775e+01 6.75150975e+01 6.75650975e+01 6.75696379e+01 6.75699259e+01 6.75796379e+01 6.75799259e+01 6.75896379e+01 6.75911419e+01 6.76411419e+01 6.76436452e+01 6.76459492e+01 6.76536452e+01 6.76559492e+01 6.76636452e+01 6.76722852e+01 6.77222852e+01 6.77292540e+01 6.77295420e+01 6.77392540e+01 6.77395420e+01 6.77492540e+01 6.77495420e+01 6.77592540e+01 6.77607580e+01 6.78107580e+01 6.78140845e+01 6.78163885e+01 6.78240845e+01 6.78263885e+01 6.78340845e+01 6.78422765e+01 6.79416942e+01 6.79561692e+01 6.79564572e+01 6.79661692e+01 6.79664572e+01 6.79761692e+01 6.79764572e+01 6.79861692e+01 6.79864572e+01 6.79961692e+01 6.79964572e+01 6.80061692e+01 6.80076732e+01 6.80077690e+01 6.80277690e+01 6.80280570e+01 6.80377690e+01 6.80380570e+01 6.80477690e+01 6.80480570e+01 6.80577690e+01 6.80580570e+01 6.80677690e+01 6.80680570e+01 6.80777690e+01 6.80792730e+01 6.81292730e+01 6.81315509e+01 6.81318389e+01 6.81415509e+01 6.81418389e+01 6.81515509e+01 6.81536309e+01 6.82036309e+01 6.82071576e+01 6.82094616e+01 6.82171576e+01 6.82194616e+01 6.82271576e+01 6.82333656e+01 6.82833656e+01 6.82877865e+01 6.82900905e+01 6.82977865e+01 6.83000905e+01 6.83077865e+01 6.83100905e+01 6.83177865e+01 6.83241000e+01 6.83272585e+01 6.83772585e+01 6.83814432e+01 6.83837472e+01 6.83914432e+01 6.83937472e+01 6.84014432e+01 6.84037472e+01 6.84114432e+01 6.84170752e+01 6.84670752e+01 6.84739197e+01 6.84762237e+01 6.84839197e+01 6.84862237e+01 6.84939197e+01 6.84992957e+01 6.85492957e+01 6.85520311e+01 6.85523191e+01 6.85620311e+01 6.85623191e+01 6.85720311e+01 6.85735351e+01 6.86235351e+01 6.86269991e+01 6.86272871e+01 6.86369991e+01 6.86372871e+01 6.86469991e+01 6.86485031e+01 6.86985031e+01 6.87020774e+01 6.87043814e+01 6.87120774e+01 6.87143814e+01 6.87220774e+01 6.87316774e+01 6.87816774e+01 6.87822305e+01 6.87845345e+01 6.87922305e+01 6.87945345e+01 6.88022305e+01 6.88085665e+01 6.88585665e+01 6.88598247e+01 6.88621287e+01 6.88698247e+01 6.88721287e+01 6.88798247e+01 6.88880807e+01 6.88976828e+01 6.89111901e+01 6.89114781e+01 6.89211901e+01 6.89214781e+01 6.89311901e+01 6.89314781e+01 6.89411901e+01 6.89414781e+01 6.89511901e+01 6.89514781e+01 6.89611901e+01 6.89626941e+01 6.89656904e+01 6.89840960e+01 6.89856904e+01 6.89859784e+01 6.89956904e+01 6.89959784e+01 6.90056904e+01 6.90059784e+01 6.90156904e+01 6.90159784e+01 6.90256904e+01 6.90259784e+01 6.90356904e+01 6.90371944e+01 6.90871944e+01 6.90892305e+01 6.90969265e+01 6.90992305e+01 6.91069265e+01 6.91092305e+01 6.91169265e+01 6.91229425e+01 6.91729425e+01 6.91790006e+01 6.91813046e+01 6.91890006e+01 6.91913046e+01 6.91990006e+01 6.92020552e+01 6.92060406e+01 6.92560406e+01 6.92594342e+01 6.92617382e+01 6.92694342e+01 6.92717382e+01 6.92794342e+01 6.92850662e+01 6.93350662e+01 6.93355708e+01 6.93378748e+01 6.93455708e+01 6.93478748e+01 6.93555708e+01 6.93648508e+01 6.94148508e+01 6.94166522e+01 6.94243482e+01 6.94266522e+01 6.94343482e+01 6.94366522e+01 6.94443482e+01 6.94519002e+01 6.95019002e+01 6.95052559e+01 6.95055439e+01 6.95078174e+01 6.95152559e+01 6.95155439e+01 6.95178174e+01 6.95252559e+01 6.95273359e+01 6.95773359e+01 6.95839915e+01 6.95842795e+01 6.95939915e+01 6.95942795e+01 6.96039915e+01 6.96054955e+01 6.96554955e+01 6.96619215e+01 6.96622095e+01 6.96719215e+01 6.96722095e+01 6.96819215e+01 6.96822095e+01 6.96919215e+01 6.96940015e+01 6.97440015e+01 6.97440334e+01 6.97443214e+01 6.97540334e+01 6.97543214e+01 6.97640334e+01 6.97661134e+01 6.98161134e+01 6.98245511e+01 6.98248391e+01 6.98345511e+01 6.98348391e+01 6.98445511e+01 6.98466311e+01 6.99365289e+01 6.99501388e+01 6.99504268e+01 6.99601388e+01 6.99604268e+01 6.99701388e+01 6.99704268e+01 6.99801388e+01 6.99804268e+01 6.99901388e+01 6.99904268e+01 7.00001388e+01 7.00022188e+01 7.00101425e+01 7.00228159e+01 7.00231039e+01 7.00328159e+01 7.00331039e+01 7.00428159e+01 7.00431039e+01 7.00528159e+01 7.00531039e+01 7.00628159e+01 7.00631039e+01 7.00728159e+01 7.00748959e+01 7.00912193e+01 7.00961633e+01 7.00964513e+01 7.01061633e+01 7.01064513e+01 7.01161633e+01 7.01164513e+01 7.01261633e+01 7.01264513e+01 7.01361633e+01 7.01364513e+01 7.01461633e+01 7.01482433e+01 7.01530181e+01 7.01727509e+01 7.01730181e+01 7.01733061e+01 7.01830181e+01 7.01833061e+01 7.01930181e+01 7.01933061e+01 7.02030181e+01 7.02033061e+01 7.02130181e+01 7.02133061e+01 7.02230181e+01 7.02245221e+01 7.02745221e+01 7.02775551e+01 7.02778431e+01 7.02875551e+01 7.02878431e+01 7.02975551e+01 7.02990591e+01 7.03490591e+01 7.03584180e+01 7.03587060e+01 7.03684180e+01 7.03687060e+01 7.03784180e+01 7.03804980e+01 7.04304980e+01 7.04327971e+01 7.04330851e+01 7.04427971e+01 7.04430851e+01 7.04527971e+01 7.04543011e+01 7.05043011e+01 7.05074911e+01 7.05097951e+01 7.05174911e+01 7.05197951e+01 7.05274911e+01 7.05322911e+01 7.05822911e+01 7.05844613e+01 7.05847493e+01 7.05944613e+01 7.05947493e+01 7.06044613e+01 7.06065413e+01 7.06565413e+01 7.06587900e+01 7.06664860e+01 7.06687900e+01 7.06764860e+01 7.06787900e+01 7.06864860e+01 7.06895481e+01 7.06914780e+01 7.07414780e+01 7.07416334e+01 7.07493185e+01 7.07496065e+01 7.07516334e+01 7.07593185e+01 7.07596065e+01 7.07616334e+01 7.07693185e+01 7.07708225e+01 7.08208225e+01 7.08289961e+01 7.08292841e+01 7.08389961e+01 7.08392841e+01 7.08489961e+01 7.08510761e+01 7.08768084e+01 7.08843722e+01 7.08846602e+01 7.08943722e+01 7.08946602e+01 7.09043722e+01 7.09046602e+01 7.09143722e+01 7.09146602e+01 7.09243722e+01 7.09264522e+01 7.09403033e+01 7.09465073e+01 7.09467953e+01 7.09565073e+01 7.09567953e+01 7.09665073e+01 7.09667953e+01 7.09765073e+01 7.09767953e+01 7.09865073e+01 7.09867953e+01 7.09965073e+01 7.09985873e+01 7.10014524e+01 7.10212727e+01 7.10214524e+01 7.10217404e+01 7.10314524e+01 7.10317404e+01 7.10414524e+01 7.10417404e+01 7.10514524e+01 7.10517404e+01 7.10614524e+01 7.10617404e+01 7.10714524e+01 7.10729564e+01 7.11229564e+01 7.11241549e+01 7.11264589e+01 7.11341549e+01 7.11364589e+01 7.11441549e+01 7.11464589e+01 7.11541549e+01 7.11629229e+01 7.12129229e+01 7.12173493e+01 7.12176373e+01 7.12273493e+01 7.12276373e+01 7.12373493e+01 7.12388533e+01 7.12888533e+01 7.12936701e+01 7.12959741e+01 7.13036701e+01 7.13059741e+01 7.13136701e+01 7.13235901e+01 7.13735901e+01 7.13787508e+01 7.13810548e+01 7.13887508e+01 7.13910548e+01 7.13987508e+01 7.14059188e+01 7.14559188e+01 7.14602547e+01 7.14605427e+01 7.14702547e+01 7.14705427e+01 7.14802547e+01 7.14805427e+01 7.14902547e+01 7.14917587e+01 7.15417587e+01 7.15457930e+01 7.15480970e+01 7.15557930e+01 7.15580970e+01 7.15657930e+01 7.15720010e+01 7.16220010e+01 7.16229136e+01 7.16252176e+01 7.16274688e+01 7.16277568e+01 7.16329136e+01 7.16352176e+01 7.16374688e+01 7.16377568e+01 7.16429136e+01 7.16452176e+01 7.16474688e+01 7.16477568e+01 7.16529136e+01 7.16616816e+01 7.16674688e+01 7.16677568e+01 7.16774688e+01 7.16795488e+01 7.17295488e+01 7.17300965e+01 7.17377925e+01 7.17387066e+01 7.17400965e+01 7.17477925e+01 7.17500965e+01 7.17577925e+01 7.17670085e+01 7.18170085e+01 7.18176013e+01 7.18252973e+01 7.18276013e+01 7.18352973e+01 7.18376013e+01 7.18452973e+01 7.18518253e+01 7.19104815e+01 7.19112204e+01 7.19189164e+01 7.19212204e+01 7.19289164e+01 7.19361484e+01 7.19416651e+01 7.19508773e+01 7.19511653e+01 7.19608773e+01 7.19611653e+01 7.19708773e+01 7.19711653e+01 7.19808773e+01 7.19811653e+01 7.19908773e+01 7.19911653e+01 7.20008773e+01 7.20023813e+01 7.20067962e+01 7.20267962e+01 7.20270842e+01 7.20367962e+01 7.20370842e+01 7.20467962e+01 7.20470842e+01 7.20567962e+01 7.20570842e+01 7.20667962e+01 7.20670842e+01 7.20767962e+01 7.20783002e+01 7.21283002e+01 7.21310570e+01 7.21333610e+01 7.21410570e+01 7.21433610e+01 7.21510570e+01 7.21603370e+01 7.22103370e+01 7.22149525e+01 7.22172565e+01 7.22249525e+01 7.22272565e+01 7.22349525e+01 7.22423125e+01 7.22923125e+01 7.22997320e+01 7.23000200e+01 7.23097320e+01 7.23100200e+01 7.23197320e+01 7.23212360e+01 7.23712360e+01 7.23724806e+01 7.23747846e+01 7.23824806e+01 7.23847846e+01 7.23924806e+01 7.23981126e+01 7.24481126e+01 7.24681126e+01 7.25181126e+01 7.25199408e+01 7.25276368e+01 7.25375568e+01 7.25875568e+01 7.25895972e+01 7.25919012e+01 7.25995972e+01 7.26019012e+01 7.26095972e+01 7.26110538e+01 7.26149092e+01 7.26649092e+01 7.26656515e+01 7.26733475e+01 7.26756515e+01 7.26761220e+01 7.26764100e+01 7.26833475e+01 7.26856515e+01 7.26861220e+01 7.26864100e+01 7.26933475e+01 7.26956515e+01 7.26961220e+01 7.26964100e+01 7.27033475e+01 7.27105155e+01 7.27161220e+01 7.27164100e+01 7.27261220e+01 7.27282020e+01 7.27782020e+01 7.27782058e+01 7.27784938e+01 7.27882058e+01 7.27884938e+01 7.27982058e+01 7.28002858e+01 7.28502858e+01 7.28566819e+01 7.28569699e+01 7.28666819e+01 7.28669699e+01 7.28766819e+01 7.28787619e+01 7.28895526e+01 7.29049749e+01 7.29072789e+01 7.29149749e+01 7.29172789e+01 7.29249749e+01 7.29272789e+01 7.29349749e+01 7.29372789e+01 7.29449749e+01 7.29472789e+01 7.29549749e+01 7.29620149e+01 7.29727823e+01 7.29872964e+01 7.29875844e+01 7.29972964e+01 7.29975844e+01 7.30072964e+01 7.30075844e+01 7.30172964e+01 7.30175844e+01 7.30272964e+01 7.30275844e+01 7.30372964e+01 7.30388004e+01 7.30522820e+01 7.30702494e+01 7.30705374e+01 7.30802494e+01 7.30805374e+01 7.30902494e+01 7.30905374e+01 7.31002494e+01 7.31005374e+01 7.31102494e+01 7.31105374e+01 7.31202494e+01 7.31223294e+01 7.31227888e+01 7.31427888e+01 7.31430768e+01 7.31527888e+01 7.31530768e+01 7.31627888e+01 7.31630768e+01 7.31727888e+01 7.31730768e+01 7.31827888e+01 7.31830768e+01 7.31927888e+01 7.31942928e+01 7.32442928e+01 7.32518004e+01 7.32520884e+01 7.32618004e+01 7.32620884e+01 7.32718004e+01 7.32733044e+01 7.33233044e+01 7.33315449e+01 7.33318329e+01 7.33415449e+01 7.33418329e+01 7.33515449e+01 7.33536249e+01 7.34036249e+01 7.34112463e+01 7.34135503e+01 7.34212463e+01 7.34235503e+01 7.34236249e+01 7.34736249e+01 7.34798400e+01 7.34821440e+01 7.34898400e+01 7.34921440e+01 7.34998400e+01 7.35021440e+01 7.35098400e+01 7.35121440e+01 7.35198400e+01 7.35283520e+01 7.35783520e+01 7.35790201e+01 7.35813241e+01 7.35890201e+01 7.35913241e+01 7.35990201e+01 7.36052921e+01 7.36552921e+01 7.36604251e+01 7.36607131e+01 7.36704251e+01 7.36707131e+01 7.36804251e+01 7.36810663e+01 7.36819291e+01 7.37319291e+01 7.37368946e+01 7.37371826e+01 7.37468946e+01 7.37471826e+01 7.37568946e+01 7.37589746e+01 7.38089746e+01 7.38124838e+01 7.38147878e+01 7.38148213e+01 7.38224838e+01 7.38247878e+01 7.38248213e+01 7.38289746e+01 7.39426239e+01 7.39505780e+01 7.39508660e+01 7.39605780e+01 7.39608660e+01 7.39705780e+01 7.39708660e+01 7.39805780e+01 7.39808660e+01 7.39905780e+01 7.39926580e+01 7.40058932e+01 7.40142674e+01 7.40145554e+01 7.40242674e+01 7.40245554e+01 7.40342674e+01 7.40345554e+01 7.40442674e+01 7.40445554e+01 7.40542674e+01 7.40545554e+01 7.40642674e+01 7.40657714e+01 7.40831200e+01 7.40860446e+01 7.40863326e+01 7.40960446e+01 7.40963326e+01 7.41060446e+01 7.41063326e+01 7.41160446e+01 7.41163326e+01 7.41260446e+01 7.41263326e+01 7.41360446e+01 7.41375486e+01 7.41557203e+01 7.41697922e+01 7.41700802e+01 7.41797922e+01 7.41800802e+01 7.41897922e+01 7.41900802e+01 7.41997922e+01 7.42000802e+01 7.42097922e+01 7.42100802e+01 7.42197922e+01 7.42218722e+01 7.42390629e+01 7.42461050e+01 7.42484090e+01 7.42561050e+01 7.42584090e+01 7.42661050e+01 7.42684090e+01 7.42761050e+01 7.42784090e+01 7.42861050e+01 7.42884090e+01 7.42961050e+01 7.43020570e+01 7.43082755e+01 7.43239802e+01 7.43242682e+01 7.43339802e+01 7.43342682e+01 7.43439802e+01 7.43442682e+01 7.43539802e+01 7.43542682e+01 7.43639802e+01 7.43642682e+01 7.43739802e+01 7.43760602e+01 7.43840591e+01 7.44019533e+01 7.44040591e+01 7.44043471e+01 7.44140591e+01 7.44143471e+01 7.44240591e+01 7.44243471e+01 7.44340591e+01 7.44343471e+01 7.44440591e+01 7.44443471e+01 7.44540591e+01 7.44555631e+01 7.45055631e+01 7.45132474e+01 7.45155514e+01 7.45232474e+01 7.45255514e+01 7.45332474e+01 7.45393274e+01 7.45893274e+01 7.45916192e+01 7.45939232e+01 7.46016192e+01 7.46039232e+01 7.46116192e+01 7.46203872e+01 7.46703872e+01 7.46730253e+01 7.46753293e+01 7.46830253e+01 7.46853293e+01 7.46930253e+01 7.46953293e+01 7.47030253e+01 7.47128173e+01 7.47628173e+01 7.47704812e+01 7.47707692e+01 7.47804812e+01 7.47807692e+01 7.47904812e+01 7.47919852e+01 7.48419852e+01 7.48460307e+01 7.48463187e+01 7.48560307e+01 7.48563187e+01 7.48660307e+01 7.48681107e+01 7.48845192e+01 7.48982290e+01 7.48995254e+01 7.49005330e+01 7.49082290e+01 7.49105330e+01 7.49182290e+01 7.49205330e+01 7.49282290e+01 7.49305330e+01 7.49382290e+01 7.49405330e+01 7.49482290e+01 7.49532850e+01 7.49690707e+01 7.49761107e+01 7.49763987e+01 7.49861107e+01 7.49863987e+01 7.49961107e+01 7.49963987e+01 7.50061107e+01 7.50063987e+01 7.50161107e+01 7.50163987e+01 7.50261107e+01 7.50281907e+01 7.50435206e+01 7.50502322e+01 7.50525362e+01 7.50602322e+01 7.50625362e+01 7.50635206e+01 7.50638086e+01 7.50735206e+01 7.50738086e+01 7.50835206e+01 7.50838086e+01 7.50935206e+01 7.50938086e+01 7.51035206e+01 7.51038086e+01 7.51135206e+01 7.51150246e+01 7.51650246e+01 7.51664536e+01 7.51667416e+01 7.51764536e+01 7.51767416e+01 7.51864536e+01 7.51879576e+01 7.52379576e+01 7.52456743e+01 7.52459623e+01 7.52556743e+01 7.52559623e+01 7.52656743e+01 7.52671783e+01 7.53171783e+01 7.53216031e+01 7.53218911e+01 7.53316031e+01 7.53318911e+01 7.53416031e+01 7.53436831e+01 7.53936831e+01 7.53943629e+01 7.54020589e+01 7.54043629e+01 7.54120589e+01 7.54143629e+01 7.54220589e+01 7.54293549e+01 7.54793549e+01 7.54830306e+01 7.54853346e+01 7.54930306e+01 7.54953346e+01 7.55030306e+01 7.55053346e+01 7.55130306e+01 7.55186626e+01 7.55686626e+01 7.55696684e+01 7.55699564e+01 7.55796684e+01 7.55799564e+01 7.55896684e+01 7.55911724e+01 7.56411724e+01 7.56463120e+01 7.56466000e+01 7.56563120e+01 7.56566000e+01 7.56663120e+01 7.56683920e+01 7.57183920e+01 7.57197457e+01 7.57274417e+01 7.57297457e+01 7.57374417e+01 7.57397457e+01 7.57474417e+01 7.57572337e+01 7.58072337e+01 7.58103176e+01 7.58126216e+01 7.58203176e+01 7.58226216e+01 7.58303176e+01 7.58326216e+01 7.58403176e+01 7.58451176e+01 7.59558065e+01 7.59617892e+01 7.59640932e+01 7.59643177e+01 7.59717892e+01 7.59740932e+01 7.59743177e+01 7.59817892e+01 7.59823382e+01 7.59840932e+01 7.59843177e+01 7.59917892e+01 7.60012612e+01 7.60198548e+01 7.60278604e+01 7.60301644e+01 7.60378604e+01 7.60401644e+01 7.60478604e+01 7.60501644e+01 7.60578604e+01 7.60601644e+01 7.60678604e+01 7.60701644e+01 7.60778604e+01 7.60840684e+01 7.61033184e+01 7.61033478e+01 7.61036358e+01 7.61133478e+01 7.61136358e+01 7.61233478e+01 7.61236358e+01 7.61333478e+01 7.61336358e+01 7.61433478e+01 7.61436358e+01 7.61533478e+01 7.61554278e+01 7.61578987e+01 7.61778987e+01 7.61781867e+01 7.61878987e+01 7.61881867e+01 7.61978987e+01 7.61981867e+01 7.62078987e+01 7.62081867e+01 7.62178987e+01 7.62181867e+01 7.62278987e+01 7.62294027e+01 7.62794027e+01 7.62822230e+01 7.62845270e+01 7.62922230e+01 7.62945270e+01 7.63022230e+01 7.63045270e+01 7.63122230e+01 7.63188150e+01 7.63688150e+01 7.63760624e+01 7.63763504e+01 7.63860624e+01 7.63863504e+01 7.63960624e+01 7.63981424e+01 7.64481424e+01 7.64482523e+01 7.64485403e+01 7.64582523e+01 7.64585403e+01 7.64682523e+01 7.64703323e+01 7.65203323e+01 7.65261927e+01 7.65264807e+01 7.65361927e+01 7.65364807e+01 7.65461927e+01 7.65482727e+01 7.65982727e+01 7.65983281e+01 7.66059804e+01 7.66062684e+01 7.66083281e+01 7.66159804e+01 7.66162684e+01 7.66183281e+01 7.66259804e+01 7.66274844e+01 7.66774844e+01 7.66815046e+01 7.66817926e+01 7.66915046e+01 7.66917926e+01 7.67015046e+01 7.67030086e+01 7.67530086e+01 7.67606957e+01 7.67609837e+01 7.67706957e+01 7.67709837e+01 7.67806957e+01 7.67827757e+01 7.68327757e+01 7.68401021e+01 7.68403901e+01 7.68501021e+01 7.68503901e+01 7.68601021e+01 7.68621821e+01 7.68817763e+01 7.68930383e+01 7.68933263e+01 7.69030383e+01 7.69033263e+01 7.69130383e+01 7.69133263e+01 7.69230383e+01 7.69233263e+01 7.69330383e+01 7.69333263e+01 7.69430383e+01 7.69451183e+01 7.69547908e+01 7.69732437e+01 7.69735317e+01 7.69832437e+01 7.69835317e+01 7.69932437e+01 7.69935317e+01 7.70032437e+01 7.70035317e+01 7.70132437e+01 7.70135317e+01 7.70232437e+01 7.70253237e+01 7.70319939e+01 7.70488521e+01 7.70491401e+01 7.70588521e+01 7.70591401e+01 7.70688521e+01 7.70691401e+01 7.70788521e+01 7.70791401e+01 7.70888521e+01 7.70891401e+01 7.70988521e+01 7.71009321e+01 7.71065257e+01 7.71254862e+01 7.71257742e+01 7.71354862e+01 7.71357742e+01 7.71454862e+01 7.71457742e+01 7.71554862e+01 7.71557742e+01 7.71654862e+01 7.71657742e+01 7.71754862e+01 7.71775662e+01 7.71897635e+01 7.72065127e+01 7.72068007e+01 7.72165127e+01 7.72168007e+01 7.72265127e+01 7.72268007e+01 7.72365127e+01 7.72368007e+01 7.72465127e+01 7.72468007e+01 7.72565127e+01 7.72585927e+01 7.72650258e+01 7.72823669e+01 7.72846709e+01 7.72923669e+01 7.72946709e+01 7.73023669e+01 7.73046709e+01 7.73123669e+01 7.73146709e+01 7.73223669e+01 7.73227717e+01 7.73246709e+01 7.73323669e+01 7.73394069e+01 7.73589684e+01 7.73652932e+01 7.73655812e+01 7.73752932e+01 7.73755812e+01 7.73852932e+01 7.73855812e+01 7.73952932e+01 7.73955812e+01 7.74052932e+01 7.74055812e+01 7.74152932e+01 7.74167972e+01 7.74230917e+01 7.74378454e+01 7.74381334e+01 7.74478454e+01 7.74481334e+01 7.74578454e+01 7.74581334e+01 7.74678454e+01 7.74681334e+01 7.74778454e+01 7.74781334e+01 7.74878454e+01 7.74893494e+01 7.75000381e+01 7.75200381e+01 7.75203261e+01 7.75300381e+01 7.75303261e+01 7.75400381e+01 7.75403261e+01 7.75500381e+01 7.75503261e+01 7.75600381e+01 7.75603261e+01 7.75700381e+01 7.75715421e+01 7.76215421e+01 7.76218557e+01 7.76221437e+01 7.76318557e+01 7.76321437e+01 7.76418557e+01 7.76439357e+01 7.76939357e+01 7.76984224e+01 7.76987104e+01 7.76990855e+01 7.77013895e+01 7.77084224e+01 7.77087104e+01 7.77090855e+01 7.77113895e+01 7.77184224e+01 7.77187104e+01 7.77190855e+01 7.77274695e+01 7.77284224e+01 7.77299264e+01 7.77799264e+01 7.77812016e+01 7.77814896e+01 7.77912016e+01 7.77914896e+01 7.78012016e+01 7.78032816e+01 7.78532816e+01 7.78549616e+01 7.78572656e+01 7.78649616e+01 7.78672656e+01 7.78749616e+01 7.78831536e+01 7.78941117e+01 7.79096863e+01 7.79119903e+01 7.79196863e+01 7.79219903e+01 7.79296863e+01 7.79319903e+01 7.79396863e+01 7.79419903e+01 7.79496863e+01 7.79519903e+01 7.79596863e+01 7.79661503e+01 7.79843648e+01 7.79980176e+01 7.80003216e+01 7.80080176e+01 7.80103216e+01 7.80180176e+01 7.80203216e+01 7.80280176e+01 7.80303216e+01 7.80380176e+01 7.80403216e+01 7.80480176e+01 7.80553136e+01 7.80744936e+01 7.80853841e+01 7.80876881e+01 7.80953841e+01 7.80976881e+01 7.81053841e+01 7.81063636e+01 7.81076881e+01 7.81153841e+01 7.81176881e+01 7.81253841e+01 7.81276881e+01 7.81353841e+01 7.81431921e+01 7.81439504e+01 7.81639504e+01 7.81642384e+01 7.81739504e+01 7.81742384e+01 7.81839504e+01 7.81842384e+01 7.81939504e+01 7.81942384e+01 7.82039504e+01 7.82042384e+01 7.82139504e+01 7.82154544e+01 7.82654544e+01 7.82703715e+01 7.82706595e+01 7.82803715e+01 7.82806595e+01 7.82903715e+01 7.82918755e+01 7.83418755e+01 7.83419778e+01 7.83442818e+01 7.83519778e+01 7.83542818e+01 7.83619778e+01 7.83642818e+01 7.83719778e+01 7.83780578e+01 7.84280578e+01 7.84329366e+01 7.84352406e+01 7.84429366e+01 7.84452406e+01 7.84529366e+01 7.84611926e+01 7.85111926e+01 7.85134484e+01 7.85157524e+01 7.85234484e+01 7.85257524e+01 7.85334484e+01 7.85413204e+01 7.85913204e+01 7.85937428e+01 7.85960468e+01 7.86037428e+01 7.86060468e+01 7.86137428e+01 7.86189908e+01 7.86689908e+01 7.86744909e+01 7.86747789e+01 7.86844909e+01 7.86847789e+01 7.86944909e+01 7.86959949e+01 7.87459949e+01 7.87506859e+01 7.87509739e+01 7.87606859e+01 7.87609739e+01 7.87706859e+01 7.87727659e+01 7.88227659e+01 7.88265711e+01 7.88268591e+01 7.88365711e+01 7.88368591e+01 7.88465711e+01 7.88486511e+01 7.89418035e+01 7.89492053e+01 7.89515093e+01 7.89592053e+01 7.89615093e+01 7.89692053e+01 7.89715093e+01 7.89792053e+01 7.89815093e+01 7.89892053e+01 7.89915093e+01 7.89992053e+01 7.90067573e+01 7.90133322e+01 7.90333322e+01 7.90334742e+01 7.90336202e+01 7.90433322e+01 7.90436202e+01 7.90533322e+01 7.90536202e+01 7.90633322e+01 7.90636202e+01 7.90733322e+01 7.90736202e+01 7.90833322e+01 7.90848362e+01 7.91348362e+01 7.91372921e+01 7.91395961e+01 7.91472921e+01 7.91495961e+01 7.91548362e+01 7.92048362e+01 7.92078715e+01 7.92081595e+01 7.92178715e+01 7.92181595e+01 7.92278715e+01 7.92281595e+01 7.92378715e+01 7.92381595e+01 7.92478715e+01 7.92481595e+01 7.92578715e+01 7.92599515e+01 7.93099515e+01 7.93144813e+01 7.93147693e+01 7.93244813e+01 7.93247693e+01 7.93344813e+01 7.93365613e+01 7.93865613e+01 7.93961833e+01 7.93964713e+01 7.94061833e+01 7.94064713e+01 7.94161833e+01 7.94182633e+01 7.94682633e+01 7.94732938e+01 7.94735818e+01 7.94832938e+01 7.94835818e+01 7.94932938e+01 7.94953738e+01 7.95453738e+01 7.95518593e+01 7.95521473e+01 7.95618593e+01 7.95621473e+01 7.95718593e+01 7.95733633e+01 7.96233633e+01 7.96254184e+01 7.96277224e+01 7.96354184e+01 7.96377224e+01 7.96454184e+01 7.96513704e+01 7.97013704e+01 7.97031702e+01 7.97108662e+01 7.97131702e+01 7.97208662e+01 7.97231702e+01 7.97308662e+01 7.97331702e+01 7.97408662e+01 7.97502742e+01 7.98002742e+01 7.98202742e+01 7.99325428e+01 7.99371127e+01 7.99374007e+01 7.99471127e+01 7.99474007e+01 7.99571127e+01 7.99574007e+01 7.99671127e+01 7.99674007e+01 7.99771127e+01 7.99786167e+01 7.99856851e+01 8.00032609e+01 8.00055649e+01 8.00132609e+01 8.00155649e+01 8.00232609e+01 8.00255649e+01 8.00332609e+01 8.00355649e+01 8.00432609e+01 8.00455649e+01 8.00532609e+01 8.00588929e+01 8.00609090e+01 8.00805520e+01 8.00808400e+01 8.00905520e+01 8.00908400e+01 8.01005520e+01 8.01008400e+01 8.01105520e+01 8.01108400e+01 8.01205520e+01 8.01208400e+01 8.01305520e+01 8.01326320e+01 8.01349424e+01 8.01549424e+01 8.01552304e+01 8.01649424e+01 8.01652304e+01 8.01749424e+01 8.01752304e+01 8.01849424e+01 8.01852304e+01 8.01949424e+01 8.01952304e+01 8.02049424e+01 8.02064464e+01 8.02564464e+01 8.02609352e+01 8.02632392e+01 8.02709352e+01 8.02732392e+01 8.02764464e+01 8.03264464e+01 8.03281668e+01 8.03304708e+01 8.03381668e+01 8.03404708e+01 8.03481668e+01 8.03504708e+01 8.03581668e+01 8.03598682e+01 8.03604708e+01 8.03681668e+01 8.03752708e+01 8.04252708e+01 8.04281529e+01 8.04304569e+01 8.04381529e+01 8.04404569e+01 8.04481529e+01 8.04504569e+01 8.04581529e+01 8.04651929e+01 8.05151929e+01 8.05224289e+01 8.05247329e+01 8.05324289e+01 8.05347329e+01 8.05424289e+01 8.05477409e+01 8.05977409e+01 8.05991121e+01 8.06014161e+01 8.06091121e+01 8.06114161e+01 8.06191121e+01 8.06214161e+01 8.06291121e+01 8.06342961e+01 8.06842961e+01 8.06894971e+01 8.06897851e+01 8.06994971e+01 8.06997851e+01 8.07094971e+01 8.07110011e+01 8.07610011e+01 8.07683686e+01 8.07706726e+01 8.07783686e+01 8.07806726e+01 8.07883686e+01 8.07936166e+01 8.08436166e+01 8.08486234e+01 8.08509274e+01 8.08586234e+01 8.08609274e+01 8.08686234e+01 8.08709274e+01 8.08786234e+01 8.08845114e+01 8.09025953e+01 8.09081489e+01 8.09104529e+01 8.09181489e+01 8.09204529e+01 8.09281489e+01 8.09304529e+01 8.09381489e+01 8.09404529e+01 8.09481489e+01 8.09504529e+01 8.09581489e+01 8.09631409e+01 8.09665255e+01 8.09865255e+01 8.09868135e+01 8.09965255e+01 8.09968135e+01 8.10065255e+01 8.10068135e+01 8.10165255e+01 8.10168135e+01 8.10265255e+01 8.10268135e+01 8.10365255e+01 8.10380295e+01 8.10880295e+01 8.10928946e+01 8.10951986e+01 8.11028946e+01 8.11051986e+01 8.11128946e+01 8.11140604e+01 8.11215986e+01 8.11715986e+01 8.11756942e+01 8.11779982e+01 8.11788053e+01 8.11790933e+01 8.11856942e+01 8.11879982e+01 8.11888053e+01 8.11890933e+01 8.11956942e+01 8.12036302e+01 8.12239415e+01 8.12262455e+01 8.12339415e+01 8.12362455e+01 8.12439415e+01 8.12462455e+01 8.12490933e+01 8.12990933e+01 8.13031235e+01 8.13054275e+01 8.13131235e+01 8.13154275e+01 8.13231235e+01 8.13254275e+01 8.13331235e+01 8.13354275e+01 8.13431235e+01 8.13454275e+01 8.13531235e+01 8.13622115e+01 8.14122115e+01 8.14152130e+01 8.14155010e+01 8.14252130e+01 8.14255010e+01 8.14352130e+01 8.14372930e+01 8.14872930e+01 8.14915968e+01 8.14939008e+01 8.15015968e+01 8.15039008e+01 8.15115968e+01 8.15204288e+01 8.15704288e+01 8.15769260e+01 8.15792300e+01 8.15869260e+01 8.15892300e+01 8.15969260e+01 8.15992300e+01 8.16069260e+01 8.16158860e+01 8.16658860e+01 8.16674452e+01 8.16751412e+01 8.16774452e+01 8.16851412e+01 8.16874452e+01 8.16951412e+01 8.17038452e+01 8.17538452e+01 8.17573560e+01 8.17576440e+01 8.17673560e+01 8.17676440e+01 8.17773560e+01 8.17794360e+01 8.18294360e+01 8.18349131e+01 8.18372171e+01 8.18449131e+01 8.18464607e+01 8.18472171e+01 8.18549131e+01 8.18572171e+01 8.18649131e+01 8.18722731e+01 8.18781983e+01 8.18981983e+01 8.18984863e+01 8.19081983e+01 8.19084863e+01 8.19181983e+01 8.19184863e+01 8.19281983e+01 8.19284863e+01 8.19381983e+01 8.19384863e+01 8.19481983e+01 8.19497023e+01 8.19997023e+01 8.20016366e+01 8.20019246e+01 8.20116366e+01 8.20119246e+01 8.20216366e+01 8.20231406e+01 8.20731406e+01 8.20737326e+01 8.20740206e+01 8.20837326e+01 8.20840206e+01 8.20937326e+01 8.20958126e+01 8.21458126e+01 8.21494765e+01 8.21497645e+01 8.21594765e+01 8.21597645e+01 8.21694765e+01 8.21697645e+01 8.21794765e+01 8.21815565e+01 8.22315565e+01 8.22345553e+01 8.22348433e+01 8.22445553e+01 8.22448433e+01 8.22545553e+01 8.22566353e+01 8.23066353e+01 8.23138065e+01 8.23140945e+01 8.23238065e+01 8.23240945e+01 8.23338065e+01 8.23353105e+01 8.23853105e+01 8.23871360e+01 8.23894400e+01 8.23971360e+01 8.23994400e+01 8.24071360e+01 8.24153280e+01 8.24653280e+01 8.24729585e+01 8.24732465e+01 8.24829585e+01 8.24832465e+01 8.24929585e+01 8.24944625e+01 8.25444625e+01 8.25507245e+01 8.25530285e+01 8.25607245e+01 8.25630285e+01 8.25707245e+01 8.25799405e+01 8.26299405e+01 8.26308594e+01 8.26331634e+01 8.26408594e+01 8.26431634e+01 8.26508594e+01 8.26531634e+01 8.26608594e+01 8.26663634e+01 8.26725977e+01 8.26728857e+01 8.26825977e+01 8.26828857e+01 8.26925977e+01 8.26946777e+01 8.27446777e+01 8.27475702e+01 8.27498742e+01 8.27500440e+01 8.27575702e+01 8.27598742e+01 8.27600440e+01 8.27646777e+01 8.28146777e+01 8.28170715e+01 8.28173595e+01 8.28270715e+01 8.28273595e+01 8.28370715e+01 8.28373595e+01 8.28470715e+01 8.28473595e+01 8.28570715e+01 8.28591515e+01 8.28622431e+01 8.28822431e+01 8.28825311e+01 8.28922431e+01 8.28925311e+01 8.29022431e+01 8.29025311e+01 8.29122431e+01 8.29125311e+01 8.29222431e+01 8.29225311e+01 8.29322431e+01 8.29337471e+01 8.29837471e+01 8.29840879e+01 8.29863919e+01 8.29940879e+01 8.29963919e+01 8.30040879e+01 8.30064340e+01 8.30094639e+01 8.30594639e+01 8.30609725e+01 8.30612605e+01 8.30709725e+01 8.30712605e+01 8.30809725e+01 8.30812605e+01 8.30909725e+01 8.30924765e+01 8.31424765e+01 8.31434870e+01 8.31437750e+01 8.31534870e+01 8.31537750e+01 8.31634870e+01 8.31637750e+01 8.31734870e+01 8.31755670e+01 8.32255670e+01 8.32260592e+01 8.32263472e+01 8.32264141e+01 8.32360592e+01 8.32363472e+01 8.32364141e+01 8.32460592e+01 8.32481392e+01 8.32981392e+01 8.33015969e+01 8.33039009e+01 8.33115969e+01 8.33139009e+01 8.33215969e+01 8.33271009e+01 8.33771009e+01 8.33774417e+01 8.33797457e+01 8.33874417e+01 8.33897457e+01 8.33974417e+01 8.34055057e+01 8.34555057e+01 8.34555211e+01 8.34578251e+01 8.34655211e+01 8.34678251e+01 8.34755211e+01 8.34778251e+01 8.34855211e+01 8.34905771e+01 8.35405771e+01 8.35470324e+01 8.35473204e+01 8.35570324e+01 8.35573204e+01 8.35670324e+01 8.35691124e+01 8.36191124e+01 8.36212679e+01 8.36215559e+01 8.36312679e+01 8.36315559e+01 8.36412679e+01 8.36433479e+01 8.36933479e+01 8.36981881e+01 8.36984761e+01 8.37081881e+01 8.37084761e+01 8.37181881e+01 8.37184761e+01 8.37281881e+01 8.37302681e+01 8.37802681e+01 8.37821712e+01 8.37824592e+01 8.37873751e+01 8.37896791e+01 8.37921712e+01 8.37924592e+01 8.37973751e+01 8.37996791e+01 8.38021712e+01 8.38024592e+01 8.38073751e+01 8.38160151e+01 8.38420265e+01 8.38443305e+01 8.38520265e+01 8.38524592e+01 8.39477137e+01 8.39522572e+01 8.39545612e+01 8.39622572e+01 8.39645612e+01 8.39722572e+01 8.39821132e+01 8.39824642e+01 8.40024642e+01 8.40027522e+01 8.40124642e+01 8.40127522e+01 8.40224642e+01 8.40227522e+01 8.40324642e+01 8.40327522e+01 8.40424642e+01 8.40427522e+01 8.40524642e+01 8.40539682e+01 8.41039682e+01 8.41077997e+01 8.41101037e+01 8.41177997e+01 8.41201037e+01 8.41277997e+01 8.41285547e+01 8.41361837e+01 8.41861837e+01 8.41915051e+01 8.41938091e+01 8.42015051e+01 8.42038091e+01 8.42115051e+01 8.42164971e+01 8.42664971e+01 8.42712234e+01 8.42715114e+01 8.42812234e+01 8.42815114e+01 8.42912234e+01 8.42915114e+01 8.43012234e+01 8.43027274e+01 8.43527274e+01 8.43558130e+01 8.43561010e+01 8.43658130e+01 8.43661010e+01 8.43758130e+01 8.43773170e+01 8.44273170e+01 8.44324763e+01 8.44347803e+01 8.44424763e+01 8.44447803e+01 8.44524763e+01 8.44585563e+01 8.45085563e+01 8.45180552e+01 8.45183432e+01 8.45280552e+01 8.45283432e+01 8.45380552e+01 8.45383432e+01 8.45480552e+01 8.45483432e+01 8.45580552e+01 8.45583432e+01 8.45680552e+01 8.45695592e+01 8.46195592e+01 8.46242599e+01 8.46265639e+01 8.46342599e+01 8.46365639e+01 8.46442599e+01 8.46500839e+01 8.47000839e+01 8.47057550e+01 8.47080590e+01 8.47157550e+01 8.47180590e+01 8.47257550e+01 8.47322830e+01 8.47822830e+01 8.47839881e+01 8.47916841e+01 8.47939881e+01 8.48016841e+01 8.48039881e+01 8.48116841e+01 8.48167401e+01 8.49454440e+01 8.49460692e+01 8.49537652e+01 8.49560692e+01 8.49637652e+01 8.49660692e+01 8.49737652e+01 8.49795252e+01 8.49956833e+01 8.50034975e+01 8.50058015e+01 8.50134975e+01 8.50158015e+01 8.50234975e+01 8.50258015e+01 8.50334975e+01 8.50358015e+01 8.50434975e+01 8.50458015e+01 8.50534975e+01 8.50631615e+01 8.50726073e+01 8.50842515e+01 8.50845395e+01 8.50942515e+01 8.50945395e+01 8.51042515e+01 8.51045395e+01 8.51142515e+01 8.51145395e+01 8.51242515e+01 8.51245395e+01 8.51342515e+01 8.51346677e+01 8.51357555e+01 8.51438252e+01 8.51638252e+01 8.51641132e+01 8.51738252e+01 8.51741132e+01 8.51838252e+01 8.51841132e+01 8.51938252e+01 8.51941132e+01 8.52038252e+01 8.52041132e+01 8.52138252e+01 8.52153292e+01 8.52653292e+01 8.52717495e+01 8.52740535e+01 8.52817495e+01 8.52840535e+01 8.52917495e+01 8.53001335e+01 8.53501335e+01 8.53593267e+01 8.53596147e+01 8.53693267e+01 8.53696147e+01 8.53793267e+01 8.53796147e+01 8.53893267e+01 8.53908307e+01 8.54408307e+01 8.54501325e+01 8.54504205e+01 8.54601325e+01 8.54604205e+01 8.54701325e+01 8.54722125e+01 8.55222125e+01 8.55249038e+01 8.55272078e+01 8.55349038e+01 8.55372078e+01 8.55449038e+01 8.55472078e+01 8.55549038e+01 8.55637358e+01 8.56137358e+01 8.56137429e+01 8.56234549e+01 8.56237429e+01 8.56334549e+01 8.56337429e+01 8.56434549e+01 8.56449589e+01 8.56949589e+01 8.56985202e+01 8.56988082e+01 8.57085202e+01 8.57088082e+01 8.57185202e+01 8.57206002e+01 8.57706002e+01 8.57727237e+01 8.57750277e+01 8.57827237e+01 8.57850277e+01 8.57927237e+01 8.57950277e+01 8.58027237e+01 8.58101477e+01 8.59029236e+01 8.59107904e+01 8.59128704e+01 8.59273883e+01 8.59391295e+01 8.59394175e+01 8.59491295e+01 8.59494175e+01 8.59591295e+01 8.59594175e+01 8.59691295e+01 8.59694175e+01 8.59791295e+01 8.59794175e+01 8.59891295e+01 8.59906335e+01 8.59977586e+01 8.60177586e+01 8.60180466e+01 8.60277586e+01 8.60280466e+01 8.60377586e+01 8.60380466e+01 8.60477586e+01 8.60480466e+01 8.60577586e+01 8.60580466e+01 8.60677586e+01 8.60692626e+01 8.61192626e+01 8.61197891e+01 8.61200771e+01 8.61297891e+01 8.61300771e+01 8.61397891e+01 8.61400771e+01 8.61497891e+01 8.61518691e+01 8.62018691e+01 8.62021624e+01 8.62024504e+01 8.62121624e+01 8.62124504e+01 8.62221624e+01 8.62242424e+01 8.62742424e+01 8.62743322e+01 8.62746202e+01 8.62824504e+01 8.62843322e+01 8.62846202e+01 8.62943322e+01 8.62958362e+01 8.63458362e+01 8.63511204e+01 8.63534244e+01 8.63611204e+01 8.63634244e+01 8.63711204e+01 8.63763044e+01 8.64263044e+01 8.64277460e+01 8.64300500e+01 8.64377460e+01 8.64400500e+01 8.64477460e+01 8.64481231e+01 8.64544660e+01 8.65044660e+01 8.65062554e+01 8.65139514e+01 8.65162554e+01 8.65239514e+01 8.65262554e+01 8.65339514e+01 8.65435514e+01 8.65935514e+01 8.65981353e+01 8.65984233e+01 8.66081353e+01 8.66084233e+01 8.66181353e+01 8.66196393e+01 8.66696393e+01 8.66739827e+01 8.66762867e+01 8.66839827e+01 8.66862867e+01 8.66939827e+01 8.67008307e+01 8.67508307e+01 8.67548037e+01 8.67550917e+01 8.67648037e+01 8.67650917e+01 8.67748037e+01 8.67750917e+01 8.67848037e+01 8.67868837e+01 8.68368837e+01 8.68463390e+01 8.68466270e+01 8.68563390e+01 8.68566270e+01 8.68663390e+01 8.68684190e+01 8.68881871e+01 8.68900231e+01 8.68903111e+01 8.69000231e+01 8.69003111e+01 8.69100231e+01 8.69103111e+01 8.69200231e+01 8.69203111e+01 8.69300231e+01 8.69303111e+01 8.69400231e+01 8.69421031e+01 8.69494210e+01 8.69694210e+01 8.69697090e+01 8.69794210e+01 8.69797090e+01 8.69894210e+01 8.69897090e+01 8.69994210e+01 8.69997090e+01 8.70094210e+01 8.70097090e+01 8.70194210e+01 8.70209250e+01 8.70709250e+01 8.70752765e+01 8.70755645e+01 8.70852765e+01 8.70855645e+01 8.70952765e+01 8.70973565e+01 8.71473565e+01 8.71508346e+01 8.71511226e+01 8.71608346e+01 8.71611226e+01 8.71708346e+01 8.71723386e+01 8.72223386e+01 8.72291231e+01 8.72294111e+01 8.72391231e+01 8.72394111e+01 8.72491231e+01 8.72512031e+01 8.73012031e+01 8.73076613e+01 8.73079493e+01 8.73176613e+01 8.73179493e+01 8.73276613e+01 8.73291653e+01 8.73791653e+01 8.73873836e+01 8.73876716e+01 8.73973836e+01 8.73976716e+01 8.74073836e+01 8.74094636e+01 8.74594636e+01 8.74631930e+01 8.74634810e+01 8.74731930e+01 8.74734810e+01 8.74831930e+01 8.74834810e+01 8.74931930e+01 8.74952730e+01 8.75452730e+01 8.75465099e+01 8.75467979e+01 8.75565099e+01 8.75567979e+01 8.75665099e+01 8.75685899e+01 8.76185899e+01 8.76207065e+01 8.76209945e+01 8.76307065e+01 8.76309945e+01 8.76407065e+01 8.76427865e+01 8.76927865e+01 8.76957055e+01 8.76959935e+01 8.77057055e+01 8.77059935e+01 8.77157055e+01 8.77172095e+01 8.77672095e+01 8.77693544e+01 8.77716584e+01 8.77793544e+01 8.77816584e+01 8.77893544e+01 8.77916584e+01 8.77993544e+01 8.78042824e+01 8.78542824e+01 8.78561280e+01 8.78584320e+01 8.78661280e+01 8.78684320e+01 8.78761280e+01 8.78820800e+01 8.78997944e+01 8.79191729e+01 8.79197944e+01 8.79200824e+01 8.79297944e+01 8.79300824e+01 8.79313968e+01 8.79397944e+01 8.79400824e+01 8.79497944e+01 8.79500824e+01 8.79597944e+01 8.79600824e+01 8.79697944e+01 8.79712984e+01 8.80212984e+01 8.80230891e+01 8.80253931e+01 8.80330891e+01 8.80353931e+01 8.80430891e+01 8.80453931e+01 8.80530891e+01 8.80620491e+01 8.81120491e+01 8.81208979e+01 8.81211859e+01 8.81308979e+01 8.81311859e+01 8.81408979e+01 8.81424019e+01 8.81924019e+01 8.81942556e+01 8.81945436e+01 8.82042556e+01 8.82045436e+01 8.82142556e+01 8.82163356e+01 8.82663356e+01 8.82754337e+01 8.82757217e+01 8.82854337e+01 8.82857217e+01 8.82954337e+01 8.82975137e+01 8.83475137e+01 8.83478953e+01 8.83501993e+01 8.83578953e+01 8.83601993e+01 8.83678953e+01 8.83774313e+01 8.84274313e+01 8.84288662e+01 8.84291542e+01 8.84388662e+01 8.84391542e+01 8.84488662e+01 8.84509462e+01 8.85009462e+01 8.85011151e+01 8.85014031e+01 8.85111151e+01 8.85114031e+01 8.85211151e+01 8.85231951e+01 8.85731951e+01 8.85738373e+01 8.85741253e+01 8.85838373e+01 8.85841253e+01 8.85938373e+01 8.85941253e+01 8.86038373e+01 8.86059173e+01 8.86559173e+01 8.86591400e+01 8.86594280e+01 8.86691400e+01 8.86694280e+01 8.86791400e+01 8.86812200e+01 8.87312200e+01 8.87326549e+01 8.87329429e+01 8.87426549e+01 8.87429429e+01 8.87526549e+01 8.87541589e+01 8.88041589e+01 8.88064357e+01 8.88141317e+01 8.88164357e+01 8.88241317e+01 8.88264357e+01 8.88341317e+01 8.88419397e+01 8.89370846e+01 8.89484243e+01 8.89487123e+01 8.89584243e+01 8.89587123e+01 8.89684243e+01 8.89687123e+01 8.89784243e+01 8.89787123e+01 8.89884243e+01 8.89887123e+01 8.89984243e+01 8.90005043e+01 8.90130805e+01 8.90224876e+01 8.90227756e+01 8.90324876e+01 8.90327756e+01 8.90424876e+01 8.90427756e+01 8.90524876e+01 8.90527756e+01 8.90624876e+01 8.90627756e+01 8.90724876e+01 8.90739916e+01 8.90875053e+01 8.91053117e+01 8.91075053e+01 8.91077933e+01 8.91175053e+01 8.91177933e+01 8.91275053e+01 8.91277933e+01 8.91375053e+01 8.91377933e+01 8.91475053e+01 8.91477933e+01 8.91575053e+01 8.91590093e+01 8.92090093e+01 8.92103817e+01 8.92126857e+01 8.92203817e+01 8.92226857e+01 8.92303817e+01 8.92326857e+01 8.92403817e+01 8.92426857e+01 8.92503817e+01 8.92526857e+01 8.92603817e+01 8.92607486e+01 8.92674857e+01 8.93174857e+01 8.93243635e+01 8.93246515e+01 8.93343635e+01 8.93346515e+01 8.93443635e+01 8.93464435e+01 8.93964435e+01 8.93966590e+01 8.93969470e+01 8.94066590e+01 8.94069470e+01 8.94166590e+01 8.94187390e+01 8.94687390e+01 8.94693373e+01 8.94696253e+01 8.94793373e+01 8.94796253e+01 8.94893373e+01 8.94914173e+01 8.95414173e+01 8.95455856e+01 8.95458736e+01 8.95555856e+01 8.95558736e+01 8.95655856e+01 8.95670896e+01 8.96170896e+01 8.96221667e+01 8.96224547e+01 8.96321667e+01 8.96324547e+01 8.96421667e+01 8.96442467e+01 8.96942467e+01 8.97018863e+01 8.97021743e+01 8.97118863e+01 8.97121743e+01 8.97218863e+01 8.97233903e+01 8.97733903e+01 8.97797478e+01 8.97820518e+01 8.97897478e+01 8.97920518e+01 8.97933903e+01 8.98433903e+01 8.98493889e+01 8.98496769e+01 8.98593889e+01 8.98596769e+01 8.98693889e+01 8.98696769e+01 8.98793889e+01 8.98814689e+01 8.98854534e+01 8.99048031e+01 8.99054534e+01 8.99057414e+01 8.99154534e+01 8.99157414e+01 8.99254534e+01 8.99257414e+01 8.99354534e+01 8.99357414e+01 8.99454534e+01 8.99457414e+01 8.99554534e+01 8.99569574e+01 9.00069574e+01 9.00154218e+01 9.00157098e+01 9.00254218e+01 9.00257098e+01 9.00354218e+01 9.00369258e+01 9.00869258e+01 9.00879790e+01 9.00902830e+01 9.00979790e+01 9.01002830e+01 9.01079790e+01 9.01143790e+01 9.01643790e+01 9.01656790e+01 9.01733750e+01 9.01756790e+01 9.01833750e+01 9.01856790e+01 9.01933750e+01 9.01956790e+01 9.02033750e+01 9.02120150e+01 9.02620150e+01 9.02707091e+01 9.02709971e+01 9.02807091e+01 9.02809971e+01 9.02907091e+01 9.02909971e+01 9.03007091e+01 9.03022131e+01 9.03522131e+01 9.03543962e+01 9.03567002e+01 9.03643962e+01 9.03667002e+01 9.03722131e+01 9.04222131e+01 9.04283861e+01 9.04286741e+01 9.04383861e+01 9.04386741e+01 9.04483861e+01 9.04486741e+01 9.04583861e+01 9.04586741e+01 9.04683861e+01 9.04704661e+01 9.05204661e+01 9.05231799e+01 9.05234679e+01 9.05331799e+01 9.05334679e+01 9.05431799e+01 9.05452599e+01 9.05952599e+01 9.05955641e+01 9.05978681e+01 9.06055641e+01 9.06078681e+01 9.06155641e+01 9.06234361e+01 9.06734361e+01 9.06744278e+01 9.06821238e+01 9.06844278e+01 9.06921238e+01 9.06944278e+01 9.07021238e+01 9.07044700e+01 9.07111478e+01 9.07611478e+01 9.07650385e+01 9.07653265e+01 9.07673454e+01 9.07750385e+01 9.07753265e+01 9.07773454e+01 9.07850385e+01 9.07871185e+01 9.08371185e+01 9.08438701e+01 9.08441581e+01 9.08538701e+01 9.08541581e+01 9.08638701e+01 9.08653741e+01 9.08668970e+01 9.08868970e+01 9.08871850e+01 9.08968970e+01 9.08971850e+01 9.09068970e+01 9.09071850e+01 9.09168970e+01 9.09171850e+01 9.09268970e+01 9.09271850e+01 9.09368970e+01 9.09384010e+01 9.09884010e+01 9.09950458e+01 9.09953338e+01 9.10050458e+01 9.10053338e+01 9.10150458e+01 9.10171258e+01 9.10671258e+01 9.10688899e+01 9.10691779e+01 9.10788899e+01 9.10791779e+01 9.10888899e+01 9.10891779e+01 9.10988899e+01 9.11003939e+01 9.11503939e+01 9.11506712e+01 9.11603832e+01 9.11606712e+01 9.11703832e+01 9.11706712e+01 9.11803832e+01 9.11824632e+01 9.12324632e+01 9.12351891e+01 9.12354771e+01 9.12451891e+01 9.12454771e+01 9.12551891e+01 9.12566931e+01 9.13066931e+01 9.13104189e+01 9.13107069e+01 9.13204189e+01 9.13207069e+01 9.13304189e+01 9.13307069e+01 9.13404189e+01 9.13424989e+01 9.13924989e+01 9.13945404e+01 9.13948284e+01 9.14045404e+01 9.14048284e+01 9.14145404e+01 9.14148284e+01 9.14245404e+01 9.14266204e+01 9.14766204e+01 9.14784289e+01 9.14787169e+01 9.14884289e+01 9.14887169e+01 9.14984289e+01 9.14987169e+01 9.15084289e+01 9.15105089e+01 9.15605089e+01 9.15607147e+01 9.15630187e+01 9.15707147e+01 9.15730187e+01 9.15807147e+01 9.15830187e+01 9.15907147e+01 9.15988427e+01 9.16488427e+01 9.16492187e+01 9.16495067e+01 9.16514258e+01 9.16537298e+01 9.16592187e+01 9.16595067e+01 9.16614258e+01 9.16637298e+01 9.16692187e+01 9.16695067e+01 9.16714258e+01 9.16798098e+01 9.16812987e+01 9.17047096e+01 9.17070136e+01 9.17147096e+01 9.17170136e+01 9.17195067e+01 9.17695067e+01 9.17895067e+01 9.18395067e+01 9.18400117e+01 9.18477077e+01 9.18500117e+01 9.18577077e+01 9.18662197e+01 9.18756536e+01 9.18956536e+01 9.18959416e+01 9.19056536e+01 9.19059416e+01 9.19156536e+01 9.19159416e+01 9.19256536e+01 9.19259416e+01 9.19356536e+01 9.19359416e+01 9.19456536e+01 9.19471576e+01 9.19971576e+01 9.19990464e+01 9.19993344e+01 9.20090464e+01 9.20093344e+01 9.20190464e+01 9.20211264e+01 9.20711264e+01 9.20735497e+01 9.20758537e+01 9.20835497e+01 9.20856492e+01 9.20858537e+01 9.20911264e+01 9.21411264e+01 9.21427457e+01 9.21430337e+01 9.21527457e+01 9.21530337e+01 9.21627457e+01 9.21630337e+01 9.21727457e+01 9.21742497e+01 9.22242497e+01 9.22265859e+01 9.22268739e+01 9.22365859e+01 9.22368739e+01 9.22465859e+01 9.22480899e+01 9.22980899e+01 9.23067418e+01 9.23070298e+01 9.23167418e+01 9.23170298e+01 9.23267418e+01 9.23288218e+01 9.23788218e+01 9.23820179e+01 9.23823059e+01 9.23920179e+01 9.23923059e+01 9.24020179e+01 9.24023059e+01 9.24120179e+01 9.24140979e+01 9.24640979e+01 9.24659877e+01 9.24662757e+01 9.24759877e+01 9.24762757e+01 9.24859877e+01 9.24880677e+01 9.25380677e+01 9.25402683e+01 9.25405563e+01 9.25502683e+01 9.25505563e+01 9.25602683e+01 9.25623483e+01 9.26123483e+01 9.26149987e+01 9.26152867e+01 9.26249987e+01 9.26252867e+01 9.26349987e+01 9.26365027e+01 9.26865027e+01 9.26897209e+01 9.26920249e+01 9.26997209e+01 9.27020249e+01 9.27097209e+01 9.27150969e+01 9.27650969e+01 9.27691828e+01 9.27714868e+01 9.27791828e+01 9.27814868e+01 9.27891828e+01 9.27978868e+01 9.28478868e+01 9.28536272e+01 9.28559312e+01 9.28636272e+01 9.28659312e+01 9.28736272e+01 9.28788752e+01 9.28916855e+01 9.29116855e+01 9.29119735e+01 9.29216855e+01 9.29219735e+01 9.29316855e+01 9.29319735e+01 9.29416855e+01 9.29419735e+01 9.29516855e+01 9.29519735e+01 9.29616855e+01 9.29631895e+01 9.30131895e+01 9.30141806e+01 9.30218766e+01 9.30241806e+01 9.30318766e+01 9.30331895e+01 9.30831895e+01 9.30916797e+01 9.30919677e+01 9.31016797e+01 9.31019677e+01 9.31116797e+01 9.31119677e+01 9.31216797e+01 9.31219677e+01 9.31316797e+01 9.31337597e+01 9.31837597e+01 9.31855825e+01 9.31858705e+01 9.31879234e+01 9.31955825e+01 9.31958705e+01 9.31979234e+01 9.32055825e+01 9.32076625e+01 9.32576625e+01 9.32582817e+01 9.32585697e+01 9.32682817e+01 9.32685697e+01 9.32782817e+01 9.32803617e+01 9.33303617e+01 9.33324226e+01 9.33347266e+01 9.33424226e+01 9.33447266e+01 9.33524226e+01 9.33547266e+01 9.33624226e+01 9.33679266e+01 9.34179266e+01 9.34229987e+01 9.34232867e+01 9.34329987e+01 9.34332867e+01 9.34429987e+01 9.34445027e+01 9.34945027e+01 9.34976181e+01 9.34979061e+01 9.35076181e+01 9.35079061e+01 9.35176181e+01 9.35191221e+01 9.35691221e+01 9.35737421e+01 9.35740301e+01 9.35837421e+01 9.35840301e+01 9.35937421e+01 9.35952461e+01 9.36452461e+01 9.36473008e+01 9.36496048e+01 9.36573008e+01 9.36596048e+01 9.36673008e+01 9.36717303e+01 9.36754928e+01 9.37254928e+01 9.37265521e+01 9.37288561e+01 9.37365521e+01 9.37388561e+01 9.37465521e+01 9.37488561e+01 9.37565521e+01 9.37634641e+01 9.38134641e+01 9.38155522e+01 9.38232482e+01 9.38255522e+01 9.38332482e+01 9.38355522e+01 9.38432482e+01 9.38455522e+01 9.38532482e+01 9.38611202e+01 9.38737704e+01 9.38915558e+01 9.38937704e+01 9.38940584e+01 9.39037704e+01 9.39040584e+01 9.39137704e+01 9.39140584e+01 9.39237704e+01 9.39240584e+01 9.39337704e+01 9.39340584e+01 9.39437704e+01 9.39452744e+01 9.39952744e+01 9.39984124e+01 9.39987004e+01 9.40084124e+01 9.40087004e+01 9.40184124e+01 9.40204924e+01 9.40704924e+01 9.40780313e+01 9.40783193e+01 9.40880313e+01 9.40883193e+01 9.40980313e+01 9.40995353e+01 9.41495353e+01 9.41535721e+01 9.41538601e+01 9.41635721e+01 9.41638601e+01 9.41735721e+01 9.41756521e+01 9.42256521e+01 9.42265610e+01 9.42268490e+01 9.42365610e+01 9.42368490e+01 9.42465610e+01 9.42480650e+01 9.42980650e+01 9.43001470e+01 9.43024510e+01 9.43101470e+01 9.43124510e+01 9.43201470e+01 9.43281470e+01 9.43781470e+01 9.43808286e+01 9.43831326e+01 9.43908286e+01 9.43931326e+01 9.44008286e+01 9.44031326e+01 9.44108286e+01 9.44180606e+01 9.44680606e+01 9.44702624e+01 9.44705504e+01 9.44802624e+01 9.44805504e+01 9.44902624e+01 9.44923424e+01 9.45423424e+01 9.45452434e+01 9.45455314e+01 9.45552434e+01 9.45555314e+01 9.45652434e+01 9.45655314e+01 9.45752434e+01 9.45767474e+01 9.46267474e+01 9.46276714e+01 9.46279594e+01 9.46281176e+01 9.46358136e+01 9.46381176e+01 9.46458136e+01 9.46481176e+01 9.46558136e+01 9.46619576e+01 9.46884380e+01 9.46887260e+01 9.46979594e+01 9.47479594e+01 9.47660874e+01 9.47663754e+01 9.47760874e+01 9.47763754e+01 9.47860874e+01 9.47863754e+01 9.47960874e+01 9.47963754e+01 9.48060874e+01 9.48063754e+01 9.48160874e+01 9.48181569e+01 9.48181674e+01 9.49559791e+01 9.49564893e+01 9.49567773e+01 9.49664893e+01 9.49667773e+01 9.49764893e+01 9.49779933e+01 9.49977331e+01 9.50090508e+01 9.50093388e+01 9.50190508e+01 9.50193388e+01 9.50290508e+01 9.50293388e+01 9.50390508e+01 9.50393388e+01 9.50490508e+01 9.50493388e+01 9.50590508e+01 9.50611308e+01 9.50765956e+01 9.50951994e+01 9.50954874e+01 9.51051994e+01 9.51054874e+01 9.51151994e+01 9.51154874e+01 9.51251994e+01 9.51254874e+01 9.51351994e+01 9.51354874e+01 9.51451994e+01 9.51467034e+01 9.51545572e+01 9.51745572e+01 9.51748452e+01 9.51845572e+01 9.51848452e+01 9.51945572e+01 9.51948452e+01 9.52045572e+01 9.52048452e+01 9.52145572e+01 9.52148452e+01 9.52245572e+01 9.52260612e+01 9.52760612e+01 9.52768172e+01 9.52845132e+01 9.52868172e+01 9.52945132e+01 9.52968172e+01 9.53045132e+01 9.53068172e+01 9.53145132e+01 9.53197612e+01 9.53697612e+01 9.53761267e+01 9.53784307e+01 9.53861267e+01 9.53884307e+01 9.53961267e+01 9.53984307e+01 9.54061267e+01 9.54115027e+01 9.54615027e+01 9.54637539e+01 9.54714499e+01 9.54737539e+01 9.54814499e+01 9.54837539e+01 9.54914499e+01 9.55006019e+01 9.55506019e+01 9.55524571e+01 9.55547611e+01 9.55624571e+01 9.55647611e+01 9.55724571e+01 9.55747611e+01 9.55824571e+01 9.55893691e+01 9.56393691e+01 9.56459216e+01 9.56482256e+01 9.56559216e+01 9.56582256e+01 9.56659216e+01 9.56756496e+01 9.57256496e+01 9.57264687e+01 9.57267567e+01 9.57364687e+01 9.57367567e+01 9.57464687e+01 9.57479727e+01 9.57979727e+01 9.58033915e+01 9.58036795e+01 9.58133915e+01 9.58136795e+01 9.58233915e+01 9.58236795e+01 9.58333915e+01 9.58354715e+01 9.59337949e+01 9.59386359e+01 9.59389239e+01 9.59486359e+01 9.59489239e+01 9.59586359e+01 9.59589239e+01 9.59686359e+01 9.59689239e+01 9.59786359e+01 9.59789239e+01 9.59886359e+01 9.59907159e+01 9.59916387e+01 9.60116387e+01 9.60119267e+01 9.60216387e+01 9.60219267e+01 9.60316387e+01 9.60319267e+01 9.60416387e+01 9.60419267e+01 9.60516387e+01 9.60519267e+01 9.60616387e+01 9.60617616e+01 9.60631427e+01 9.61131427e+01 9.61185406e+01 9.61188286e+01 9.61285406e+01 9.61288286e+01 9.61385406e+01 9.61400446e+01 9.61900446e+01 9.61933445e+01 9.61956485e+01 9.62033445e+01 9.62056485e+01 9.62133445e+01 9.62187845e+01 9.62687845e+01 9.62702421e+01 9.62779381e+01 9.62802421e+01 9.62879381e+01 9.62902421e+01 9.62979381e+01 9.63055541e+01 9.63555541e+01 9.63601238e+01 9.63604118e+01 9.63701238e+01 9.63704118e+01 9.63801238e+01 9.63816278e+01 9.64316278e+01 9.64410767e+01 9.64413647e+01 9.64510767e+01 9.64513647e+01 9.64610767e+01 9.64631567e+01 9.65131567e+01 9.65222759e+01 9.65225639e+01 9.65322759e+01 9.65325639e+01 9.65422759e+01 9.65443559e+01 9.65943559e+01 9.65949889e+01 9.65972929e+01 9.66049889e+01 9.66072929e+01 9.66149889e+01 9.66198529e+01 9.66698529e+01 9.66788064e+01 9.66790944e+01 9.66888064e+01 9.66890944e+01 9.66988064e+01 9.67003104e+01 9.67503104e+01 9.67543987e+01 9.67567027e+01 9.67643987e+01 9.67667027e+01 9.67743987e+01 9.67767027e+01 9.67843987e+01 9.67908627e+01 9.68408627e+01 9.68410906e+01 9.68433946e+01 9.68510906e+01 9.68533946e+01 9.68610906e+01 9.68685786e+01 9.68747596e+01 9.68947510e+01 9.68947596e+01 9.68950476e+01 9.69047596e+01 9.69050476e+01 9.69147596e+01 9.69150476e+01 9.69247596e+01 9.69250476e+01 9.69347596e+01 9.69350476e+01 9.69447596e+01 9.69462636e+01 9.69962636e+01 9.69975755e+01 9.70051075e+01 9.70053955e+01 9.70075755e+01 9.70151075e+01 9.70153955e+01 9.70175755e+01 9.70251075e+01 9.70266115e+01 9.70766115e+01 9.70810466e+01 9.70813346e+01 9.70910466e+01 9.70913346e+01 9.71010466e+01 9.71031266e+01 9.71531266e+01 9.71533729e+01 9.71610689e+01 9.71633729e+01 9.71710689e+01 9.71733729e+01 9.71810689e+01 9.71877249e+01 9.72377249e+01 9.72415859e+01 9.72438899e+01 9.72515859e+01 9.72530991e+01 9.72538899e+01 9.72615859e+01 9.72672819e+01 9.73172819e+01 9.73220136e+01 9.73243176e+01 9.73320136e+01 9.73343176e+01 9.73420136e+01 9.73473256e+01 9.73973256e+01 9.73997377e+01 9.74020417e+01 9.74097377e+01 9.74120417e+01 9.74197377e+01 9.74281857e+01 9.74781857e+01 9.74854777e+01 9.74857657e+01 9.74954777e+01 9.74975577e+01 9.75475577e+01 9.75500296e+01 9.75503176e+01 9.75600296e+01 9.75603176e+01 9.75700296e+01 9.75721096e+01 9.76221096e+01 9.76238739e+01 9.76261779e+01 9.76338739e+01 9.76361779e+01 9.76438739e+01 9.76533459e+01 9.77033459e+01 9.77050541e+01 9.77127501e+01 9.77150541e+01 9.77227501e+01 9.77250541e+01 9.77327501e+01 9.77350541e+01 9.77427501e+01 9.77491501e+01 9.77991501e+01 9.78063926e+01 9.78066806e+01 9.78163926e+01 9.78184726e+01 9.78637478e+01 9.78651112e+01 9.78674152e+01 9.78751112e+01 9.78774152e+01 9.78837478e+01 9.78840358e+01 9.78937478e+01 9.78940358e+01 9.79037478e+01 9.79040358e+01 9.79137478e+01 9.79140358e+01 9.79237478e+01 9.79240358e+01 9.79337478e+01 9.79352518e+01 9.79852518e+01 9.79882925e+01 9.79885805e+01 9.79982925e+01 9.79985805e+01 9.80082925e+01 9.80085805e+01 9.80182925e+01 9.80197965e+01 9.80697965e+01 9.80714256e+01 9.80717136e+01 9.80814256e+01 9.80817136e+01 9.80914256e+01 9.80935056e+01 9.81435056e+01 9.81484616e+01 9.81487496e+01 9.81584616e+01 9.81587496e+01 9.81684616e+01 9.81699656e+01 9.82199656e+01 9.82204699e+01 9.82227739e+01 9.82304699e+01 9.82327739e+01 9.82404699e+01 9.82502619e+01 9.83002619e+01 9.83016279e+01 9.83019549e+01 9.83039319e+01 9.83116279e+01 9.83139319e+01 9.83216279e+01 9.83282199e+01 9.83782199e+01 9.83816185e+01 9.83839225e+01 9.83916185e+01 9.83939225e+01 9.83982199e+01 9.84482199e+01 9.84532659e+01 9.84555699e+01 9.84632659e+01 9.84655699e+01 9.84682199e+01 9.85182199e+01 9.85281205e+01 9.85284085e+01 9.85381205e+01 9.85384085e+01 9.85481205e+01 9.85484085e+01 9.85581205e+01 9.85584085e+01 9.85681205e+01 9.85684085e+01 9.85781205e+01 9.85802005e+01 9.86302005e+01 9.86318083e+01 9.86320963e+01 9.86418083e+01 9.86420963e+01 9.86518083e+01 9.86533123e+01 9.87033123e+01 9.87034685e+01 9.87057725e+01 9.87058267e+01 9.87134685e+01 9.87157725e+01 9.87158267e+01 9.87233123e+01 9.87733123e+01 9.87749577e+01 9.87752457e+01 9.87849577e+01 9.87852457e+01 9.87949577e+01 9.87952457e+01 9.88049577e+01 9.88070377e+01 9.88570377e+01 9.88620969e+01 9.88644009e+01 9.88720969e+01 9.88744009e+01 9.88820969e+01 9.88920169e+01 9.89089431e+01 9.89165409e+01 9.89168289e+01 9.89265409e+01 9.89268289e+01 9.89365409e+01 9.89368289e+01 9.89465409e+01 9.89468289e+01 9.89565409e+01 9.89568289e+01 9.89665409e+01 9.89680449e+01 9.89769348e+01 9.89911183e+01 9.89934223e+01 9.89969348e+01 9.89972228e+01 9.90069348e+01 9.90072228e+01 9.90169348e+01 9.90172228e+01 9.90269348e+01 9.90272228e+01 9.90369348e+01 9.90372228e+01 9.90469348e+01 9.90484388e+01 9.90984388e+01 9.91032026e+01 9.91055066e+01 9.91132026e+01 9.91155066e+01 9.91232026e+01 9.91255066e+01 9.91332026e+01 9.91420346e+01 9.91920346e+01 9.91928824e+01 9.91931704e+01 9.92028824e+01 9.92031704e+01 9.92128824e+01 9.92143864e+01 9.92643864e+01 9.92704096e+01 9.92727136e+01 9.92804096e+01 9.92827136e+01 9.92904096e+01 9.92967456e+01 9.93467456e+01 9.93537835e+01 9.93560875e+01 9.93637835e+01 9.93660875e+01 9.93737835e+01 9.93760875e+01 9.93837835e+01 9.93857662e+01 9.93925515e+01 9.94425515e+01 9.94487617e+01 9.94510657e+01 9.94587617e+01 9.94610657e+01 9.94687617e+01 9.94740737e+01 9.95240737e+01 9.95333641e+01 9.95336521e+01 9.95433641e+01 9.95436521e+01 9.95533641e+01 9.95554441e+01 9.96054441e+01 9.96116442e+01 9.96119322e+01 9.96216442e+01 9.96219322e+01 9.96316442e+01 9.96319322e+01 9.96416442e+01 9.96437242e+01 9.96937242e+01 9.97006476e+01 9.97029516e+01 9.97106476e+01 9.97129516e+01 9.97206476e+01 9.97287116e+01 9.97787116e+01 9.97803471e+01 9.97826511e+01 9.97903471e+01 9.97926511e+01 9.98003471e+01 9.98086031e+01 9.98586031e+01 9.98620792e+01 9.98623672e+01 9.98720792e+01 9.98723672e+01 9.98820792e+01 9.98823672e+01 9.98920792e+01 9.98935832e+01 9.99125232e+01 9.99142654e+01 9.99145534e+01 9.99242654e+01 9.99245534e+01 9.99342654e+01 9.99345534e+01 9.99442654e+01 9.99445534e+01 9.99542654e+01 9.99545534e+01 9.99642654e+01 9.99657694e+01 9.99712539e+01 9.99912539e+01 9.99915419e+01 1.00000000e+02],[0.5        0.49999998 0.49999988 0.49999983 0.49999981 0.49998541 0.49998537 0.49997097 0.49997092 0.49989572 0.49989567 0.49989557 0.49989552 0.49989542 0.49989537 0.49989527 0.49989522 0.49989512 0.49989507 0.49989497 0.49989492 0.49989482 0.49989477 0.49989475 0.49977955 0.49977951 0.49966431 0.49966428 0.49954908 0.49954904 0.49943384 0.4994338  0.499165   0.49916495 0.49916494 0.49915054 0.49915049 0.49913609 0.49913604 0.49906084 0.49906079 0.49906078 0.49894558 0.49894554 0.49883034 0.4988303  0.4983343  0.49833425 0.49833413 0.49833409 0.49821889 0.49821885 0.49810365 0.49810361 0.49798841 0.49798838 0.49752758 0.49752753 0.49752752 0.49741232 0.49741228 0.49729708 0.49729704 0.49680424 0.49680419 0.49680416 0.49668896 0.49668892 0.49657372 0.49657368 0.49612888 0.49612883 0.49612882 0.49611442 0.49611437 0.49601037 0.49601032 0.49601032 0.49589512 0.49589508 0.49577988 0.49577984 0.49538304 0.49538299 0.49538296 0.49526776 0.49526772 0.49515252 0.49515248 0.495      0.49481968 0.49481963 0.49481961 0.49470441 0.49470437 0.49458917 0.49458913 0.49428833 0.49428828 0.49428825 0.49427385 0.4942738  0.4942594  0.49425935 0.49418415 0.4941841  0.49418399 0.49418396 0.49406876 0.49406872 0.49395352 0.49395348 0.49361108 0.49361103 0.49361102 0.49349582 0.49349578 0.49338058 0.49338054 0.49295814 0.49295809 0.49295808 0.49294368 0.49294363 0.49292923 0.49292918 0.49291478 0.49291473 0.49283953 0.49283948 0.49283946 0.49282506 0.49282502 0.49281062 0.49281057 0.49279617 0.49279612 0.49269212 0.49269207 0.49269205 0.49267765 0.4926776  0.4926632  0.49266315 0.49255915 0.49255911 0.49255907 0.49254467 0.49254462 0.49253022 0.49253017 0.49251577 0.49251572 0.49241172 0.49241171 0.49241166 0.49239726 0.49239722 0.49238282 0.49238277 0.49236837 0.49236832 0.49235392 0.49235387 0.49233947 0.49233942 0.49223542 0.49223541 0.49223535 0.49222095 0.4922209  0.4922065  0.49220645 0.49219205 0.492192   0.4921776  0.49217755 0.49216315 0.49216311 0.49208791 0.4920879  0.4920878  0.4920662  0.49201764 0.49199604 0.49194748 0.49192588 0.49187732 0.49185572 0.49180716 0.49178556 0.491737   0.4916242  0.49162415 0.49162414 0.49160974 0.49160969 0.49159529 0.49159524 0.49149124 0.49149119 0.49149119 0.49137599 0.49137595 0.49126075 0.49126071 0.49098551 0.49098546 0.49098545 0.49087025 0.49087022 0.49075502 0.49075498 0.49051498 0.49051493 0.49051492 0.49039972 0.49039968 0.49028448 0.49028444 0.49       0.48991004 0.48990999 0.48990999 0.48989559 0.48989554 0.48988114 0.48988109 0.48986669 0.48986664 0.48979144 0.48979139 0.48979135 0.48977695 0.4897769  0.4897625  0.48976245 0.48968725 0.4896872  0.4896872  0.4896728  0.48967275 0.48965835 0.4896583  0.4895543  0.48955425 0.48955422 0.48943902 0.48943899 0.48932379 0.48932375 0.48906455 0.4890645  0.48906431 0.48906427 0.48894907 0.48894903 0.48883383 0.48883379 0.48871859 0.48871855 0.48846895 0.48846895 0.48846885 0.48844725 0.48839869 0.48837709 0.48832853 0.48830693 0.48825837 0.48823677 0.48818821 0.48816661 0.48811805 0.48800525 0.4880052  0.48800519 0.48799079 0.48799074 0.48797634 0.48797629 0.48790109 0.48790104 0.48790104 0.48788664 0.48788659 0.48787219 0.48787214 0.48785774 0.48785769 0.48775369 0.48775364 0.48775362 0.48773922 0.48773917 0.48772477 0.48772472 0.48762072 0.48762067 0.48762066 0.48750546 0.48750542 0.48739022 0.48739018 0.48690058 0.48690053 0.4869005  0.4868861  0.48688606 0.48687166 0.48687161 0.48679641 0.48679636 0.48679636 0.48668116 0.48668112 0.48656592 0.48656588 0.48614028 0.48614023 0.48614022 0.48602502 0.48602498 0.48590978 0.48590974 0.48551614 0.48551609 0.48551607 0.48550167 0.48550162 0.48548722 0.48548717 0.48541197 0.48541192 0.48541189 0.48529669 0.48529665 0.48518145 0.48518141 0.485      0.48482941 0.48482936 0.48482926 0.48482921 0.48482917 0.48472517 0.48472512 0.4847251  0.4847107  0.48471065 0.48469625 0.4846962  0.4845922  0.48459219 0.48459211 0.48457771 0.48457766 0.48456326 0.48456321 0.48454881 0.48454876 0.48453436 0.48453432 0.48451992 0.48451987 0.48441587 0.48441585 0.48441582 0.48440142 0.48440137 0.48438697 0.48438692 0.48437252 0.48437247 0.48435807 0.48435802 0.48434362 0.48434357 0.48423957 0.48423956 0.48423946 0.48423739 0.48421579 0.48416723 0.48414563 0.48409707 0.48407547 0.48402691 0.48400531 0.48395675 0.48393515 0.48388659 0.48377379 0.48377374 0.48377372 0.48365852 0.48365848 0.48354328 0.48354324 0.48342804 0.48342801 0.48298321 0.48298316 0.48298313 0.48286793 0.48286789 0.48275269 0.48275265 0.48232705 0.482327   0.48232698 0.48231258 0.48231254 0.48229814 0.48229809 0.48222289 0.48222284 0.48222283 0.48210763 0.48210759 0.48199239 0.48199235 0.48161475 0.4816147  0.48161467 0.48149947 0.48149943 0.48138423 0.48138419 0.48110899 0.48110894 0.48110893 0.48109453 0.48109448 0.48108008 0.48108003 0.48097603 0.48097598 0.48097596 0.48086076 0.48086074 0.48084634 0.48084633 0.48073113 0.48073111 0.48071671 0.48071669 0.48060149 0.48060147 0.48058707 0.48058705 0.48034065 0.48034065 0.48026545 0.4802654  0.48026539 0.48025099 0.48025094 0.48023654 0.4802365  0.4801325  0.48013245 0.48013242 0.48011802 0.48011797 0.48010357 0.48010353 0.48       0.47999953 0.47999948 0.47999943 0.47998503 0.47998498 0.47997058 0.47997054 0.47986654 0.47986653 0.47986643 0.47984483 0.47979627 0.47977467 0.47972611 0.47970451 0.47965595 0.47963435 0.47958579 0.47956419 0.47951563 0.47940283 0.47940278 0.47940277 0.47938837 0.47938832 0.47937392 0.47937387 0.47929867 0.47929862 0.47929857 0.47929853 0.47918333 0.47918329 0.47906809 0.47906805 0.47865525 0.4786552  0.47865519 0.47864079 0.47864075 0.47862635 0.4786263  0.4785511  0.47855105 0.47855101 0.47853661 0.47853656 0.47852216 0.47852211 0.47841811 0.47841806 0.47841799 0.47841795 0.47830275 0.47830272 0.47818752 0.47818748 0.47776828 0.47776823 0.4777682  0.4777538  0.47775375 0.47773935 0.4777393  0.4776353  0.47763525 0.47763522 0.47752002 0.47751998 0.47740478 0.47740474 0.47728954 0.4772895  0.4768575  0.47685745 0.47685745 0.47674225 0.47674221 0.47662701 0.47662697 0.47629097 0.47629092 0.47629092 0.47627652 0.47627647 0.47626207 0.47626203 0.47618683 0.47618678 0.47618674 0.47607154 0.4760715  0.4759563  0.47595626 0.47570666 0.47570661 0.47570649 0.47570646 0.47559126 0.47559122 0.47547602 0.47547598 0.47536078 0.47536074 0.47507914 0.47507914 0.47507904 0.47505744 0.47500888 0.475      0.47498728 0.47493872 0.47491712 0.47486856 0.47484696 0.4747984  0.4747768  0.47472824 0.47461544 0.47461539 0.47461538 0.47460098 0.47460094 0.47458654 0.47458649 0.47451129 0.47451124 0.47451119 0.47449679 0.47449674 0.47448234 0.47448229 0.47437829 0.47437824 0.47437821 0.47436381 0.47436376 0.47434936 0.47434931 0.47424531 0.47424526 0.47424525 0.47423085 0.4742308  0.4742164  0.47421635 0.47420195 0.47420191 0.47412671 0.47412666 0.47412665 0.47411225 0.4741122  0.4740978  0.47409775 0.47399375 0.4739937  0.4739936  0.47399355 0.47399345 0.4739934  0.4739934  0.4739182  0.47391815 0.47391812 0.47380292 0.47380288 0.47368768 0.47368764 0.47357244 0.4735724  0.4733228  0.47332275 0.47332273 0.47320753 0.47320749 0.47309229 0.47309225 0.47297705 0.47297701 0.47249381 0.47249376 0.47249375 0.47247935 0.47247931 0.47246491 0.47246486 0.47236086 0.47236081 0.47236079 0.47224559 0.47224555 0.47213035 0.47213031 0.47169511 0.4716951  0.47169504 0.47157984 0.4715798  0.4714646  0.47146456 0.47134936 0.47134932 0.47123412 0.47123408 0.47111888 0.47111884 0.47074124 0.47074117 0.47074116 0.4707411  0.47074107 0.47062587 0.47062583 0.47051063 0.47051059 0.47039539 0.47039535 0.47028015 0.47028011 0.47       0.46992171 0.4699217  0.46992162 0.46980642 0.46980638 0.46969118 0.46969114 0.46957594 0.4695759  0.4694607  0.46946066 0.46934546 0.46934543 0.46893583 0.46893582 0.46893574 0.46892134 0.46892129 0.46890689 0.46890684 0.46889244 0.46889239 0.46887799 0.46887795 0.46886355 0.4688635  0.4687595  0.46875948 0.46875946 0.46874506 0.46874501 0.46873061 0.46873057 0.46871617 0.46871612 0.46870172 0.46870167 0.46868727 0.46868722 0.46858322 0.46858321 0.46858313 0.46846793 0.46846789 0.46835269 0.46835265 0.46823745 0.46823741 0.46812221 0.46812217 0.46800697 0.46800694 0.46770294 0.46770286 0.46770285 0.46770277 0.46758757 0.46758753 0.46747233 0.46747229 0.46735709 0.46735706 0.46724186 0.46724182 0.46712662 0.46712658 0.46667218 0.46667216 0.46667212 0.46655692 0.46655688 0.46644168 0.46644164 0.46632644 0.4663264  0.4662112  0.46621116 0.46609596 0.46609592 0.46562232 0.46562231 0.46562223 0.46560783 0.46560778 0.46559338 0.46559334 0.46557894 0.46557889 0.46556449 0.46556444 0.46555004 0.46554999 0.46547479 0.46547478 0.4654747  0.4654603  0.46546025 0.46544585 0.4654458  0.4654314  0.46543135 0.46541695 0.46541691 0.46540251 0.46540246 0.46529846 0.46529844 0.46529841 0.46518321 0.46518317 0.46506797 0.46506793 0.465      0.46495273 0.46495269 0.46483749 0.46483745 0.46472225 0.46472221 0.46435101 0.46435101 0.46435092 0.46423733 0.46421573 0.46416717 0.46414557 0.46409701 0.46407541 0.46402685 0.46400525 0.46395669 0.46393509 0.46388653 0.46377373 0.46377365 0.46377363 0.46375923 0.46375918 0.46365518 0.46365518 0.46365508 0.46363348 0.46358492 0.46356332 0.46351476 0.46349316 0.4634446  0.463423   0.46337444 0.46335284 0.46330428 0.46319148 0.46319143 0.46319139 0.46307619 0.46307615 0.46296095 0.46296092 0.46260892 0.46260887 0.46260884 0.46259444 0.4625944  0.4625192  0.46251915 0.46251892 0.46251888 0.46240368 0.46240364 0.46203564 0.46203559 0.46203558 0.46192038 0.46192034 0.46180514 0.4618051  0.4614499  0.46144985 0.46144983 0.46133463 0.4613346  0.4612194  0.46121936 0.46089936 0.46089931 0.46089927 0.46078407 0.46078403 0.46066883 0.46066879 0.46031679 0.46031674 0.46031673 0.46031668 0.46030228 0.46030223 0.46028783 0.46028778 0.46018378 0.46018373 0.46018372 0.46016932 0.46016927 0.46015487 0.46015482 0.46007962 0.46007957 0.46007957 0.46       0.45996437 0.45996433 0.45984913 0.45984909 0.45951309 0.45951304 0.45951301 0.45939781 0.45939778 0.45928258 0.45928254 0.45916734 0.4591673  0.4588345  0.45883443 0.4588344  0.4587192  0.45871917 0.45842157 0.45842156 0.45842146 0.45839986 0.4583513  0.4583297  0.45828114 0.45825954 0.45821098 0.45818938 0.45814082 0.45811922 0.45807066 0.45795786 0.45795781 0.45795781 0.45794341 0.45794336 0.45792896 0.45792892 0.45785372 0.45785367 0.45785366 0.45783926 0.45783922 0.45782482 0.45782477 0.45772077 0.45772072 0.4577207  0.4577063  0.45770625 0.45769185 0.4576918  0.4576774  0.45767735 0.45760215 0.4576021  0.45760208 0.45758768 0.45758763 0.45757323 0.45757318 0.45746918 0.45746913 0.45746912 0.45735392 0.45735388 0.45723868 0.45723864 0.45694424 0.45694419 0.45694417 0.45682897 0.45682893 0.45671373 0.45671369 0.45659849 0.45659845 0.45629765 0.4562976  0.45629758 0.45628318 0.45628314 0.45626874 0.45626869 0.45625429 0.45625424 0.45623984 0.45623979 0.45613579 0.45613574 0.45613572 0.45613567 0.45612127 0.45612122 0.45610682 0.45610677 0.45603157 0.45603152 0.4560315  0.4559163  0.45591626 0.45580106 0.45580102 0.45537542 0.45537537 0.45537537 0.45526017 0.45526013 0.45514493 0.4551449  0.455      0.4547705  0.45477045 0.45477041 0.45465521 0.45465517 0.45453997 0.45453993 0.45442473 0.45442469 0.45396709 0.45396708 0.45396704 0.45395264 0.45395259 0.45393819 0.45393815 0.45392375 0.4539237  0.4539093  0.45390925 0.45389485 0.4538948  0.4537908  0.45379079 0.45379072 0.45377632 0.45377627 0.45376187 0.45376182 0.45374742 0.45374737 0.45373297 0.45373292 0.45371852 0.45371847 0.45364327 0.45364327 0.45364317 0.45362157 0.45357301 0.45355141 0.45350285 0.45348125 0.45343269 0.45341109 0.45336253 0.45334093 0.45329237 0.45317957 0.45317952 0.45317951 0.45316511 0.45316506 0.45315066 0.45315061 0.45307541 0.45307536 0.45307535 0.45296015 0.45296011 0.45284491 0.45284487 0.45258247 0.45258242 0.45258238 0.45258234 0.45246714 0.4524671  0.4523519  0.45235186 0.45188146 0.45188141 0.45188124 0.4518812  0.451766   0.45176596 0.45165076 0.45165072 0.45153552 0.45153548 0.45126988 0.45126983 0.45126983 0.45125543 0.45125538 0.45124098 0.45124093 0.45113693 0.45113688 0.45113687 0.45112247 0.45112242 0.45110802 0.45110797 0.45103277 0.45103272 0.45103269 0.45101829 0.45101824 0.45100384 0.45100379 0.45089979 0.45089974 0.45089973 0.45088533 0.45088528 0.45087088 0.45087084 0.45076684 0.45076679 0.45076675 0.45075235 0.4507523  0.4507379  0.45073785 0.45063385 0.45063382 0.4506338  0.4505186  0.45051856 0.45040336 0.45040332 0.45028812 0.45028808 0.45017288 0.45017284 0.45005764 0.4500576  0.45       0.4497824  0.44978239 0.44978236 0.44976796 0.44976791 0.44975351 0.44975346 0.44973906 0.44973901 0.44972461 0.44972457 0.44971017 0.44971012 0.44963492 0.4496349  0.44963484 0.44962044 0.44962021 0.44962017 0.44960577 0.44960555 0.44960551 0.44959111 0.44959089 0.44959085 0.44957645 0.44957622 0.44957619 0.44956179 0.44956156 0.44956153 0.44945753 0.44945752 0.44945752 0.44945743 0.44944303 0.44944298 0.44942858 0.44942854 0.44941414 0.44941409 0.44939969 0.44939964 0.44938524 0.44938519 0.44928119 0.44928118 0.4492811  0.4492667  0.44926665 0.44925225 0.4492522  0.4492378  0.44923776 0.44922336 0.44922331 0.44920891 0.44920886 0.44910486 0.44910485 0.44910476 0.44909036 0.44909032 0.44907592 0.44907587 0.44906147 0.44906142 0.44904702 0.44904697 0.44903257 0.44903252 0.44892852 0.44892851 0.44892845 0.44881325 0.44881322 0.44879162 0.44874306 0.44872146 0.4486729  0.4486513  0.44860274 0.44858114 0.44853258 0.44851098 0.44846242 0.44834962 0.44834957 0.44834957 0.44823437 0.44823433 0.44811913 0.44811909 0.44780869 0.44780864 0.44780863 0.44779423 0.44779418 0.44777978 0.44777974 0.44776534 0.44776529 0.44769009 0.44769004 0.44769001 0.44757481 0.44757477 0.44745957 0.44745953 0.44719393 0.44719388 0.44719387 0.44707867 0.44707863 0.44696343 0.44696339 0.44670419 0.44670414 0.44670414 0.44658894 0.4465889  0.4464737  0.44647366 0.44602246 0.44602241 0.4460224  0.4459072  0.44590716 0.44579196 0.44579192 0.44547832 0.44547832 0.44547822 0.44545662 0.44540806 0.44538646 0.4453379  0.4453163  0.44526774 0.44524614 0.44519758 0.44517598 0.44512742 0.44501462 0.44501457 0.44501456 0.44500016 0.44500012 0.445      0.44498572 0.44498567 0.44488167 0.44488162 0.4448816  0.4448672  0.44486715 0.44485275 0.4448527  0.4447775  0.44477745 0.44477743 0.44476303 0.44476298 0.44474858 0.44474853 0.44467333 0.44467328 0.44467327 0.44455807 0.44455803 0.44444283 0.44444279 0.44404599 0.44404594 0.44404591 0.44393071 0.44393067 0.44381547 0.44381543 0.44340263 0.44340258 0.44340254 0.4434025  0.4432873  0.44328726 0.44317206 0.44317203 0.44305683 0.44305679 0.44275279 0.44275274 0.4427527  0.4427383  0.44273825 0.44272385 0.4427238  0.4426198  0.44261975 0.44261972 0.44261968 0.44250448 0.44250444 0.44238924 0.44238921 0.44196681 0.44196676 0.44196671 0.44195231 0.44195226 0.44193786 0.44193781 0.44186261 0.44186256 0.44186256 0.44184816 0.44184811 0.44183371 0.44183366 0.44172966 0.44172961 0.44172959 0.44171519 0.44171514 0.44170074 0.44170069 0.44159669 0.44159662 0.44159612 0.44159604 0.44157444 0.44152588 0.44150428 0.44145572 0.44143412 0.44138556 0.44136396 0.4413154  0.4412938  0.44124524 0.44113244 0.44113239 0.44113239 0.44101719 0.44101715 0.44090195 0.44090191 0.44078671 0.44078667 0.44043467 0.44043462 0.44043461 0.44042021 0.44042016 0.44040576 0.44040572 0.44033052 0.44033047 0.44033045 0.44031605 0.440316   0.4403016  0.44030155 0.44019755 0.4401975  0.44019749 0.44019746 0.44008226 0.44008225 0.44006785 0.44006782 0.44       0.43995262 0.43995261 0.43993821 0.43993818 0.43982298 0.43982298 0.43980858 0.43980855 0.43932535 0.43932527 0.43931087 0.43931082 0.43929642 0.43929638 0.43929633 0.43929625 0.43928185 0.43928164 0.4392816  0.4392672  0.43926699 0.43926695 0.43925255 0.43925234 0.4392523  0.4392379  0.43923769 0.43923765 0.43922325 0.43922304 0.439223   0.439119   0.43911895 0.43911893 0.43900373 0.43900369 0.43888849 0.43888845 0.43877325 0.43877321 0.43834761 0.43834756 0.43834755 0.43833315 0.4383331  0.4383187  0.43831865 0.43821465 0.4382146  0.43821459 0.43809939 0.43809935 0.43798415 0.43798411 0.43755851 0.43755846 0.43755842 0.43744322 0.43744322 0.43744318 0.43732798 0.43732798 0.43732797 0.43732792 0.43732783 0.43731343 0.43731338 0.43729898 0.43729893 0.43728453 0.43728448 0.43727008 0.43727003 0.43725563 0.43725558 0.43715158 0.43715158 0.43715148 0.43712988 0.43708132 0.43705972 0.43701116 0.43698956 0.436941   0.4369194  0.43687084 0.43684924 0.43680068 0.43668788 0.43668783 0.43668781 0.43667341 0.43667336 0.43665896 0.43665891 0.43655491 0.43655486 0.43655486 0.43654046 0.43654041 0.43652601 0.43652596 0.43645076 0.43645071 0.43645069 0.43633549 0.43633545 0.43622025 0.43622021 0.43585221 0.43585201 0.43573681 0.4357368  0.43573675 0.43573645 0.43573637 0.43573632 0.43573629 0.43562109 0.43562105 0.43535865 0.4353586  0.43535859 0.43524339 0.43524335 0.43512815 0.43512811 0.43501291 0.43501287 0.435      0.43454247 0.43454242 0.43454241 0.43442721 0.43442718 0.43431198 0.43431194 0.43395674 0.43395669 0.43395667 0.43395662 0.43394222 0.43394217 0.43383817 0.43383812 0.43383808 0.43372288 0.43372284 0.43360764 0.4336076  0.4331692  0.43316915 0.43316913 0.43305393 0.43305389 0.43293869 0.43293865 0.43245225 0.4324522  0.43245216 0.43243776 0.43243771 0.43242331 0.43242327 0.43231927 0.43231926 0.43231917 0.43220397 0.43220393 0.43208873 0.43208869 0.43197349 0.43197346 0.43185826 0.43185822 0.43174302 0.43174298 0.43140698 0.43140696 0.43140693 0.43139253 0.43139249 0.43137809 0.43137804 0.43136364 0.43136359 0.43134919 0.43134914 0.43127394 0.43127392 0.43127388 0.43125948 0.43125943 0.43124503 0.43124498 0.43123058 0.43123053 0.43121613 0.43121608 0.43120168 0.43120163 0.43109763 0.43109763 0.43109754 0.43108314 0.43108309 0.43106869 0.43106864 0.43105424 0.43105419 0.43103979 0.43103975 0.43102535 0.4310253  0.4309213  0.43092128 0.43092125 0.43090685 0.4309068  0.4308924  0.43089235 0.43087795 0.4308779  0.4308635  0.43086346 0.43084906 0.43084901 0.43077381 0.4307738  0.4307737  0.4307521  0.43070354 0.43068194 0.43063338 0.43061178 0.43056322 0.43054162 0.43049306 0.43047146 0.4304229  0.4303101  0.43031005 0.43031004 0.43029564 0.43029559 0.43028119 0.43028114 0.43020594 0.43020589 0.43020585 0.43019145 0.4301914  0.430177   0.43017695 0.43016255 0.4301625  0.4300585  0.43005845 0.43005845 0.43004405 0.430044   0.4300296  0.43002955 0.43       0.42992555 0.4299255  0.42992549 0.42991109 0.42991104 0.42989664 0.42989659 0.42982139 0.42982134 0.4298213  0.4297061  0.42970606 0.42959086 0.42959082 0.42923882 0.42923877 0.42923875 0.42912355 0.42912351 0.42900831 0.42900827 0.42869787 0.42869782 0.42869778 0.42868338 0.42868333 0.42857933 0.42857933 0.42857923 0.42855763 0.42850907 0.42848747 0.42843891 0.42841731 0.42836875 0.42834715 0.42829859 0.42827699 0.42822843 0.42811563 0.42811558 0.42811555 0.42810115 0.4281011  0.4280867  0.42808665 0.42807225 0.4280722  0.4280578  0.42805775 0.42798255 0.4279825  0.42798248 0.42786728 0.42786724 0.42775204 0.427752   0.4276368  0.42763676 0.42724956 0.42724951 0.4272495  0.4272351  0.42723505 0.42722065 0.4272206  0.4271454  0.42714535 0.42714513 0.4271451  0.4270299  0.42702986 0.42691466 0.42691462 0.42679942 0.42679938 0.42630338 0.42630333 0.42630331 0.42618811 0.42618807 0.42607287 0.42607283 0.42595763 0.42595759 0.42556719 0.42556714 0.42556714 0.42545194 0.4254519  0.4253367  0.42533666 0.42501026 0.42501021 0.42501019 0.425      0.42489499 0.42489496 0.42477976 0.42477972 0.42431892 0.42431887 0.42431885 0.42420365 0.42420362 0.42408842 0.42408838 0.42359558 0.42359553 0.42359549 0.42358109 0.42358104 0.42356664 0.42356659 0.42346259 0.42346254 0.42346254 0.42344814 0.42344809 0.42343369 0.42343364 0.42335844 0.42335839 0.42335838 0.42324318 0.42324314 0.42312794 0.4231279  0.4226639  0.4226639  0.4226638  0.4226422  0.42259364 0.42257204 0.42252348 0.42250188 0.42245332 0.42243172 0.42238316 0.42236156 0.422313   0.4222002  0.42220015 0.42220012 0.42218572 0.42218567 0.42217127 0.42217123 0.42209603 0.42209598 0.42209594 0.42208154 0.4220815  0.4220671  0.42206705 0.42196305 0.421963   0.42196299 0.42194859 0.42194855 0.42193415 0.4219341  0.4218301  0.42183005 0.42183001 0.42171481 0.4217148  0.42171477 0.42159957 0.42159956 0.42159956 0.42159951 0.4215995  0.4215851  0.42158505 0.42157065 0.4215706  0.4215562  0.42155615 0.42154175 0.4215417  0.4214377  0.42143765 0.42143762 0.42142322 0.42142317 0.42140877 0.42140872 0.42130472 0.42130467 0.42130466 0.42118946 0.42118942 0.42107422 0.42107419 0.42061339 0.42061334 0.42061332 0.42059892 0.42059887 0.42058447 0.42058442 0.42050922 0.42050917 0.42050917 0.42039397 0.42039393 0.42027873 0.42027869 0.42016349 0.42016346 0.42       0.41967706 0.41967701 0.41967699 0.41956179 0.41956175 0.41944655 0.41944652 0.41933132 0.41933128 0.41899208 0.41899203 0.41899201 0.41899197 0.41887677 0.41887673 0.41876153 0.4187615  0.4186463  0.41864626 0.41829426 0.41829424 0.41829416 0.41817896 0.41817893 0.41806373 0.41806369 0.41794849 0.41794845 0.41783325 0.41783321 0.41771801 0.41771797 0.41739797 0.41739796 0.41739791 0.41728271 0.41728267 0.41726107 0.41721251 0.41719091 0.41714235 0.41712075 0.41707219 0.41705059 0.41700203 0.41698043 0.41693187 0.41681907 0.41681902 0.41681898 0.41680458 0.41680453 0.41670053 0.41670048 0.41670048 0.41668608 0.41668603 0.41667163 0.41667158 0.41656758 0.41656753 0.41656752 0.41655312 0.41655307 0.41653867 0.41653862 0.41646342 0.41646337 0.41646334 0.41644894 0.41644889 0.41643449 0.41643445 0.41633045 0.4163304  0.41633039 0.41631599 0.41631594 0.41630154 0.41630149 0.41628709 0.41628704 0.41618304 0.41618299 0.41618299 0.41606779 0.41606775 0.41595255 0.41595251 0.41556531 0.41556526 0.41556523 0.41555083 0.41555078 0.41553638 0.41553633 0.41546113 0.41546108 0.41546107 0.41544667 0.41544662 0.41543222 0.41543217 0.41535697 0.41535692 0.41535692 0.41524172 0.41524168 0.41512648 0.41512645 0.41501125 0.41501121 0.415      0.41466561 0.41466556 0.41466555 0.41455035 0.41455031 0.41443511 0.41443507 0.41415667 0.41415653 0.41415653 0.41414213 0.41414208 0.41412768 0.41412763 0.41411323 0.41411318 0.41409878 0.41409874 0.41402354 0.41402353 0.41402344 0.41390824 0.4139082  0.413793   0.41379296 0.41367776 0.41367772 0.41356252 0.41356249 0.41344729 0.41344725 0.41312725 0.41312723 0.41312717 0.41311277 0.41311272 0.41309832 0.41309827 0.41308387 0.41308382 0.41306942 0.41306937 0.41305497 0.41305492 0.41297972 0.41297972 0.41297962 0.41295802 0.41290946 0.41288786 0.4128393  0.4128177  0.41276914 0.41274754 0.41269898 0.41267738 0.41262882 0.41251602 0.41251597 0.41251595 0.41250155 0.4125015  0.4124871  0.41248706 0.41247266 0.41247261 0.41236861 0.41236856 0.41236853 0.41235413 0.41235408 0.41233968 0.41233963 0.41223563 0.41223558 0.41223558 0.41222118 0.41222113 0.41220673 0.41220668 0.41210268 0.41210263 0.41210263 0.41198743 0.41198742 0.41197302 0.41197299 0.41185779 0.41185778 0.41184338 0.41184335 0.41145615 0.41145612 0.41144172 0.41144167 0.41142727 0.41142722 0.41135202 0.41135197 0.41135195 0.41133755 0.4113375  0.4113231  0.41132305 0.41121905 0.411219   0.41121897 0.41110377 0.41110373 0.41098853 0.4109885  0.4105821  0.41058205 0.410582   0.41058196 0.41046676 0.41046673 0.41035153 0.41035149 0.41023629 0.41023625 0.41       0.40979145 0.40979141 0.40979138 0.40967618 0.40967614 0.40956094 0.4095609  0.4094457  0.40944566 0.40896246 0.40896246 0.40896241 0.40894801 0.40894796 0.40893356 0.40893351 0.40891911 0.40891906 0.40890466 0.40890462 0.40889022 0.40889017 0.40881497 0.40881495 0.40881491 0.40880051 0.40880046 0.40878606 0.40878602 0.40877162 0.40877157 0.40875717 0.40875712 0.40874272 0.40874267 0.40863867 0.40863866 0.40863861 0.40862421 0.4086242  0.40862415 0.40860975 0.40860975 0.4086097  0.4085953  0.4085953  0.40859525 0.40858085 0.40858085 0.4085808  0.4085664  0.4085664  0.40856635 0.40846235 0.40846234 0.40846229 0.40844789 0.40844784 0.40843344 0.40843339 0.40841899 0.40841894 0.40840454 0.40840449 0.40839009 0.40839005 0.40828605 0.40828605 0.40828595 0.40826435 0.40821579 0.40819419 0.40814563 0.40812403 0.40807547 0.40805387 0.40800531 0.40798371 0.40793515 0.40782235 0.4078223  0.40782228 0.40770708 0.40770704 0.40759184 0.4075918  0.4074766  0.40747656 0.40719816 0.40719811 0.40719808 0.40708288 0.40708284 0.40696764 0.4069676  0.4066092  0.40660915 0.40660912 0.40659472 0.40659467 0.40658027 0.40658023 0.40647623 0.40647618 0.40647614 0.40646174 0.4064617  0.4064473  0.40644725 0.40634325 0.4063432  0.40634317 0.40622797 0.40622793 0.40611273 0.40611269 0.40577029 0.40577024 0.40577022 0.40575582 0.40575577 0.40574137 0.40574132 0.40566612 0.40566607 0.40566607 0.40555087 0.40555083 0.40543563 0.40543559 0.40532039 0.40532035 0.40501635 0.40501629 0.40501628 0.405      0.40490108 0.40490104 0.40457144 0.40457144 0.40457134 0.40454974 0.40450118 0.40447958 0.40443102 0.40440942 0.40436086 0.40433926 0.4042907  0.4042691  0.40422054 0.40410774 0.40410769 0.40410768 0.40409328 0.40409323 0.40407883 0.40407878 0.40400358 0.40400353 0.40400352 0.40388832 0.40388828 0.40377308 0.40377304 0.40365784 0.4036578  0.4033378  0.40333775 0.40333775 0.40332335 0.4033233  0.4033089  0.40330885 0.40323365 0.4032336  0.40323358 0.40323353 0.40321913 0.40321908 0.40320468 0.40320463 0.40319023 0.40319018 0.40308618 0.40308613 0.40308611 0.40307171 0.40307167 0.40305727 0.40305722 0.40304282 0.40304277 0.40293877 0.40293872 0.40293871 0.40292431 0.40292426 0.40290986 0.40290982 0.40289542 0.40289537 0.40279137 0.40279132 0.40279131 0.40277691 0.40277686 0.40276246 0.40276241 0.40268721 0.40268716 0.40268716 0.40257196 0.40257192 0.40245672 0.40245668 0.40212708 0.40212703 0.40212702 0.40201182 0.40201178 0.40189658 0.40189654 0.40157974 0.40157969 0.40157967 0.40146447 0.40146443 0.40134923 0.40134919 0.40096519 0.40096509 0.40096506 0.40095066 0.40095061 0.40093621 0.40093617 0.40092177 0.40092172 0.40090732 0.40090727 0.40089287 0.40089282 0.40078882 0.40078881 0.40078871 0.40076711 0.40071855 0.40069695 0.40064839 0.40062679 0.40057823 0.40055663 0.40050807 0.40048647 0.40043791 0.40032511 0.40032506 0.40032504 0.40020984 0.4002098  0.4000946  0.40009457 0.4        0.39981297 0.39981292 0.39981288 0.39969768 0.39969764 0.39958244 0.3995824  0.3993232  0.39932315 0.39932314 0.39920794 0.39920791 0.39909271 0.39909267 0.39876947 0.39876942 0.39876941 0.39865421 0.39865417 0.39853897 0.39853893 0.39820293 0.39820288 0.39820287 0.39818847 0.39818842 0.39817402 0.39817397 0.39809877 0.39809872 0.39809872 0.39798352 0.39798348 0.39786828 0.39786824 0.39750984 0.39750979 0.39750977 0.39749537 0.39749532 0.39748092 0.39748088 0.39740568 0.39740563 0.3974056  0.3973912  0.39739115 0.39737675 0.3973767  0.3972727  0.39727265 0.39727265 0.39725825 0.3972582  0.3972438  0.39724375 0.39713975 0.3971397  0.39713969 0.39712529 0.39712524 0.39711084 0.39711079 0.39700679 0.3970067  0.39700663 0.39699223 0.39699218 0.39697778 0.39697773 0.39696333 0.39696328 0.39694888 0.39694884 0.39693444 0.39693439 0.39683039 0.39683038 0.39683028 0.39680868 0.39676012 0.39673852 0.39668996 0.39666836 0.3966198  0.3965982  0.39654964 0.39652804 0.39647948 0.39636668 0.39636663 0.39636662 0.39635222 0.39635217 0.39633777 0.39633772 0.39626252 0.39626247 0.39626247 0.39624807 0.39624802 0.39623362 0.39623357 0.39615837 0.39615832 0.39615831 0.39604311 0.39604307 0.39592787 0.39592784 0.39558544 0.39558539 0.39558537 0.39557097 0.39557092 0.39555652 0.39555647 0.39545247 0.39545242 0.39545242 0.39543802 0.39543798 0.39542358 0.39542353 0.39531953 0.39531948 0.39531944 0.3953194  0.3952042  0.39520416 0.39508896 0.39508892 0.395      0.39465052 0.39465047 0.39465045 0.39463605 0.394636   0.3946216  0.39462155 0.39460715 0.3946071  0.3945319  0.39453185 0.39453184 0.39441664 0.3944166  0.3943014  0.39430136 0.39385656 0.39385651 0.39385647 0.39374127 0.39374123 0.39362603 0.393626   0.3933156  0.39331555 0.39331554 0.39330114 0.39330109 0.39328669 0.39328664 0.39318264 0.39318259 0.39318256 0.39316816 0.39316811 0.39315371 0.39315366 0.39313926 0.39313921 0.39303521 0.39303521 0.39303511 0.39301351 0.39296495 0.39294335 0.39289479 0.39287319 0.39282463 0.39280303 0.39275447 0.39273287 0.39268431 0.39257151 0.39257146 0.39257145 0.3925714  0.392557   0.39255695 0.39254255 0.3925425  0.3925281  0.39252805 0.39251365 0.3925136  0.3924096  0.39240955 0.39240955 0.39239515 0.3923951  0.3923807  0.39238065 0.39236625 0.3923662  0.3922622  0.39226215 0.39226211 0.39224771 0.39224766 0.39223326 0.39223321 0.39215801 0.39215796 0.39215794 0.39214354 0.39214349 0.39212909 0.39212904 0.39202504 0.39202499 0.39202491 0.39202487 0.39190967 0.39190963 0.39179443 0.39179439 0.39130479 0.39130474 0.39130471 0.39118951 0.39118947 0.39107427 0.39107424 0.39095904 0.390959   0.3906134  0.39061335 0.39061334 0.39049814 0.3904981  0.3903829  0.39038286 0.39006926 0.39006921 0.39006919 0.39005479 0.39005474 0.39004034 0.39004029 0.39       0.38996509 0.38996504 0.38996503 0.38995063 0.38995058 0.38993618 0.38993613 0.38992173 0.38992168 0.38981768 0.38981763 0.3898176  0.3898032  0.38980315 0.38978875 0.3897887  0.3896847  0.38968464 0.38968461 0.38956941 0.38956937 0.38930697 0.38930697 0.38930687 0.38928527 0.38923671 0.38921511 0.38916655 0.38914495 0.38909639 0.38907479 0.38902623 0.38900463 0.38895607 0.38884327 0.38884322 0.38884321 0.38872801 0.38872797 0.38861277 0.38861273 0.38827673 0.38827668 0.38827667 0.38816147 0.38816143 0.38804623 0.38804619 0.38765579 0.38765574 0.38765571 0.38764131 0.38764126 0.38762686 0.38762681 0.38755161 0.38755156 0.38755156 0.38753716 0.38753711 0.38752271 0.38752266 0.38750826 0.38750821 0.38740421 0.38740416 0.38740413 0.38738973 0.38738969 0.38737529 0.38737524 0.38727124 0.38727119 0.38727113 0.38727109 0.38715589 0.38715585 0.38704065 0.38704061 0.38670461 0.38670456 0.38670452 0.38669012 0.38669009 0.38667569 0.38667568 0.38656048 0.38656047 0.38656044 0.38654604 0.38654604 0.38643084 0.38643083 0.3864308  0.3864164  0.38641639 0.38598759 0.38598758 0.38598753 0.38588353 0.38588348 0.38588348 0.38586908 0.38586903 0.38585463 0.38585458 0.38575058 0.38575053 0.38575051 0.38563531 0.38563527 0.38552007 0.38552003 0.38525443 0.38525438 0.38525419 0.38525416 0.38513896 0.38513892 0.38502372 0.38502368 0.385      0.38490848 0.38490844 0.38444764 0.38444755 0.38444745 0.38442585 0.38437729 0.38435569 0.38430713 0.38428553 0.38423697 0.38421537 0.38416681 0.38414521 0.38409665 0.38398385 0.3839838  0.38398378 0.38386858 0.38386854 0.38375334 0.3837533  0.3833885  0.38338845 0.38338843 0.38337403 0.38337399 0.38335959 0.38335954 0.38328434 0.38328429 0.38328424 0.38326984 0.38326979 0.38325539 0.38325535 0.38318015 0.3831801  0.38318007 0.38316567 0.38316563 0.38315123 0.38315118 0.38304718 0.38304713 0.38304712 0.38303272 0.38303268 0.38301828 0.38301823 0.38300383 0.38300378 0.38289978 0.38289973 0.38289971 0.38278451 0.38278448 0.38266928 0.38266924 0.38222124 0.38222119 0.38222115 0.38220675 0.3822067  0.3821923  0.38219225 0.38217785 0.38217781 0.38210261 0.38210256 0.38210253 0.38198733 0.38198729 0.38187209 0.38187208 0.38187203 0.38187203 0.38185763 0.38185758 0.38184318 0.38184313 0.38182873 0.38182868 0.38181428 0.38181423 0.38171023 0.38171018 0.38171017 0.38169577 0.38169572 0.38168132 0.38168127 0.38157727 0.38157722 0.38157719 0.38146199 0.38146195 0.38134675 0.38134671 0.38098831 0.38098831 0.38098822 0.38091716 0.38089556 0.380847   0.3808254  0.38077684 0.38075524 0.38070668 0.38068508 0.38063652 0.38061492 0.38056636 0.38045356 0.38045351 0.38045349 0.38033829 0.38033825 0.38022305 0.38022301 0.38010781 0.38010777 0.38       0.37961497 0.37961492 0.37961492 0.37960052 0.37960047 0.37958607 0.37958603 0.37948203 0.37948198 0.37948195 0.37946755 0.37946754 0.37946749 0.37945309 0.37945307 0.37945302 0.37934902 0.37934897 0.37934893 0.37934889 0.37923369 0.37923365 0.37911845 0.37911841 0.37874721 0.37874716 0.37874715 0.37873275 0.3787327  0.3787183  0.37871825 0.37870385 0.37870381 0.37862861 0.37862856 0.37862841 0.37862838 0.37851318 0.37851314 0.37839794 0.3783979  0.3780203  0.37802025 0.37802018 0.37790498 0.37790494 0.37778974 0.3777897  0.3776745  0.37767447 0.37755927 0.37755923 0.37744403 0.37744399 0.37698319 0.37698314 0.37698312 0.37696872 0.37696867 0.37695427 0.37695422 0.37687902 0.37687897 0.37687895 0.37676375 0.37676371 0.37664851 0.37664847 0.37623247 0.37623242 0.37623239 0.37611719 0.37611715 0.37600195 0.37600191 0.37554431 0.37554427 0.37554424 0.37542904 0.375429   0.3753138  0.37531377 0.37519857 0.37519853 0.37508333 0.37508329 0.375      0.37478249 0.37478248 0.3747824  0.374768   0.37476795 0.37475355 0.3747535  0.3747391  0.37473905 0.37472465 0.3747246  0.3747102  0.37471016 0.37463496 0.37463495 0.37463485 0.37461325 0.37456469 0.37454309 0.37449453 0.37447293 0.37442437 0.37440277 0.37435421 0.37433261 0.37428405 0.37417125 0.3741712  0.37417118 0.37415678 0.37415673 0.37414233 0.37414229 0.37403829 0.37403824 0.37403822 0.37402382 0.37402361 0.37402358 0.37400918 0.37400897 0.37400893 0.37393373 0.37393368 0.37393368 0.37391928 0.37391923 0.37390483 0.37390478 0.37380078 0.37380073 0.37380073 0.37368553 0.37368549 0.37357029 0.37357026 0.37357021 0.37357019 0.37355579 0.37355558 0.37355554 0.37354114 0.37354093 0.3735409  0.3735265  0.37352629 0.37352625 0.37342225 0.3734222  0.3734222  0.3734078  0.37340775 0.37339335 0.3733933  0.3732893  0.37328925 0.37328924 0.37327484 0.37327479 0.37326039 0.37326034 0.37315634 0.37315629 0.37315629 0.37304109 0.37304105 0.37292585 0.37292581 0.37281061 0.37281057 0.37255457 0.37255452 0.37255435 0.37255431 0.37243911 0.37243907 0.37232387 0.37232383 0.37185663 0.37185658 0.37185653 0.37184213 0.37184208 0.37173808 0.37173802 0.371738   0.3717236  0.37172355 0.37164835 0.37164835 0.37164825 0.37162665 0.37157809 0.37155649 0.37150793 0.37148633 0.37143777 0.37141617 0.37136761 0.37134601 0.37129745 0.37118465 0.3711846  0.37118457 0.37117017 0.37117012 0.37115572 0.37115567 0.37114127 0.37114122 0.37106602 0.37106597 0.37106596 0.37105156 0.37105151 0.37103711 0.37103706 0.37096186 0.37096181 0.37096171 0.37096167 0.37084647 0.37084643 0.37073123 0.37073119 0.37061599 0.37061595 0.37020955 0.3702095  0.37020949 0.37009429 0.37009425 0.37       0.36997905 0.36997901 0.36986381 0.36986377 0.36960137 0.36960132 0.36960132 0.36958692 0.36958687 0.36957247 0.36957242 0.36955802 0.36955797 0.36945397 0.36945392 0.36945374 0.3694537  0.3693385  0.36933846 0.36922326 0.36922322 0.36874962 0.36874957 0.36874956 0.36873516 0.36873511 0.36872071 0.36872066 0.36864546 0.36864541 0.36864539 0.36863099 0.36863094 0.36861654 0.3686165  0.3685125  0.36851245 0.36851223 0.36851219 0.36839699 0.36839695 0.36828175 0.36828172 0.36800652 0.36800647 0.36800644 0.36789124 0.3678912  0.367776   0.36777596 0.36766076 0.36766072 0.36725752 0.36725746 0.36725745 0.36714225 0.36714221 0.36672621 0.3667262  0.36672616 0.36671176 0.36671171 0.36669731 0.36669726 0.36668286 0.36668281 0.36666841 0.36666836 0.36665396 0.36665392 0.36657872 0.36657871 0.36657862 0.36648768 0.36646608 0.36641752 0.36639592 0.36634736 0.36632576 0.3662772  0.3662556  0.36620704 0.36618544 0.36613688 0.36602408 0.36602403 0.36602401 0.36590881 0.36590877 0.36579357 0.36579353 0.36567833 0.36567829 0.36518869 0.36518864 0.36518863 0.36517423 0.36517418 0.36515978 0.36515973 0.36514533 0.36514528 0.36507008 0.36507003 0.36507    0.3650556  0.36505555 0.36504115 0.36504111 0.36502671 0.36502666 0.365      0.36492266 0.36492261 0.36492257 0.36480737 0.36480733 0.36469213 0.36469209 0.36457689 0.36457685 0.36425685 0.3642568  0.3642566  0.36425656 0.36414136 0.36414132 0.36402612 0.36402609 0.36367729 0.36367724 0.36367722 0.36356202 0.36356198 0.36344678 0.36344674 0.36315554 0.36315549 0.36315548 0.36304028 0.36304024 0.36292504 0.362925   0.3628098  0.36280976 0.36246416 0.36246411 0.36246409 0.36244969 0.36244965 0.36243525 0.3624352  0.3624208  0.36242075 0.36234555 0.3623455  0.36234549 0.36223029 0.36223025 0.36211505 0.36211502 0.36162542 0.36162532 0.36162522 0.36160362 0.36155506 0.36153346 0.3614849  0.3614633  0.36141474 0.36139314 0.36134458 0.36132298 0.36127442 0.36116162 0.36116157 0.36116156 0.36114716 0.36114711 0.36113271 0.36113267 0.36105747 0.36105742 0.36105741 0.36104301 0.36104296 0.36102856 0.36102851 0.36092451 0.36092446 0.36092445 0.36091005 0.36090983 0.3609098  0.3608954  0.36089518 0.36089514 0.36081994 0.36081989 0.36081988 0.36080548 0.36080543 0.36079103 0.36079099 0.36077659 0.36077654 0.36067254 0.36067249 0.36067249 0.36055729 0.36055725 0.36044205 0.36044201 0.36044196 0.36044194 0.36042754 0.36042749 0.36041309 0.36041304 0.36039864 0.36039859 0.36038419 0.36038414 0.36028014 0.36028009 0.36028009 0.36026569 0.36026564 0.36025124 0.36025119 0.36014719 0.36014714 0.36014713 0.36013273 0.36013268 0.36011828 0.36011823 0.36010383 0.36010378 0.36       0.35999978 0.35999973 0.35999973 0.35988453 0.35988449 0.35976929 0.35976925 0.35951645 0.3595164  0.35951638 0.35950198 0.35950193 0.35948753 0.35948748 0.35947308 0.35947303 0.35939783 0.35939778 0.35939777 0.35928257 0.35928253 0.35916733 0.35916729 0.35905209 0.35905205 0.35865525 0.35865524 0.35865514 0.35863354 0.35858498 0.35856338 0.35851482 0.35849322 0.35844466 0.35842306 0.3583745  0.3583529  0.35830434 0.35819154 0.35819149 0.35819147 0.35817707 0.35817702 0.35816262 0.35816257 0.35805857 0.35805852 0.35805851 0.35804411 0.35804406 0.35802966 0.35802962 0.35795442 0.35795437 0.35795437 0.35793997 0.35793992 0.35792552 0.35792547 0.35791107 0.35791102 0.35780702 0.35780697 0.35780695 0.35779255 0.3577925  0.3577781  0.35777805 0.35776365 0.3577636  0.3576596  0.35765955 0.35765953 0.35764513 0.35764508 0.35763068 0.35763063 0.35752663 0.35752658 0.35752657 0.35751217 0.35751212 0.35749772 0.35749767 0.35742247 0.35742242 0.35742239 0.35740799 0.35740794 0.35739354 0.35739349 0.35728949 0.35728944 0.35728942 0.35717422 0.35717418 0.35705898 0.35705895 0.35663655 0.3566365  0.35663631 0.35663627 0.35652107 0.35652103 0.35640583 0.35640579 0.35601539 0.35601534 0.35601533 0.35600093 0.35600088 0.35598648 0.35598643 0.35597203 0.35597198 0.35589678 0.35589673 0.35589672 0.35578152 0.35578152 0.35578148 0.35566628 0.35566628 0.35566625 0.35566618 0.35566615 0.35565175 0.3556517  0.3555477  0.3555477  0.3555476  0.355526   0.35547744 0.35545584 0.35540728 0.35538568 0.35533712 0.35531552 0.35526696 0.35524536 0.3551968  0.355084   0.35508395 0.35508374 0.3550837  0.3550693  0.35506908 0.35506904 0.35505464 0.35505442 0.35505439 0.355      0.35497919 0.35497914 0.3549791  0.3549647  0.35496465 0.35495025 0.3549502  0.3548462  0.35484615 0.35484615 0.35483175 0.3548317  0.3548173  0.35481725 0.35471325 0.3547132  0.35471317 0.35469877 0.35469872 0.35468432 0.35468427 0.35460907 0.35460902 0.35460892 0.35460887 0.35460877 0.35460872 0.35460862 0.35460857 0.35460853 0.35459413 0.35459408 0.35451888 0.35451883 0.3545188  0.3544036  0.35440356 0.35428836 0.35428832 0.35417312 0.35417309 0.35384989 0.35384984 0.35384983 0.35383543 0.35383538 0.35382098 0.35382093 0.35371693 0.35371688 0.35371685 0.35360165 0.35360161 0.35348641 0.35348637 0.35321437 0.3532143  0.3532143  0.3529199  0.35291989 0.35291982 0.35280462 0.35280458 0.35268938 0.35268934 0.35257414 0.3525741  0.3524589  0.35245886 0.35234366 0.35234363 0.35187003 0.35187001 0.35186997 0.35175477 0.35175473 0.35163953 0.35163949 0.35152429 0.35152425 0.35140905 0.35140901 0.35129381 0.35129378 0.35079778 0.35079777 0.3507977  0.3507833  0.35078325 0.35076885 0.3507688  0.3507544  0.35075435 0.35073995 0.35073991 0.35072551 0.35072546 0.35062146 0.35062144 0.35062141 0.35050621 0.35050617 0.35039097 0.35039093 0.35027573 0.35027569 0.35016049 0.35016046 0.35004526 0.35004522 0.35       0.34978602 0.34978602 0.34978592 0.34976432 0.34971576 0.34969416 0.3496456  0.349624   0.34957544 0.34955384 0.34950528 0.34948368 0.34943512 0.34932232 0.34932227 0.34932225 0.34930785 0.34930781 0.34929341 0.34929336 0.34921816 0.34921811 0.3492181  0.3492037  0.34920365 0.34918925 0.3491892  0.349114   0.34911395 0.34911392 0.34909952 0.34909947 0.34908507 0.34908502 0.34898102 0.34898097 0.34898097 0.34886577 0.34886576 0.34886572 0.34875052 0.34875051 0.34875048 0.34875043 0.3487504  0.3486352  0.34863516 0.34851996 0.34851995 0.3485199  0.34851986 0.34850546 0.34850541 0.34849101 0.34849096 0.34847656 0.34847651 0.34846211 0.34846206 0.34835806 0.34835801 0.348358   0.3482428  0.34824276 0.34812756 0.34812753 0.34801233 0.34801229 0.34760909 0.34760901 0.34760897 0.34759457 0.34759452 0.34758012 0.34758008 0.34756568 0.34756563 0.34749043 0.34749042 0.34749032 0.34746872 0.34742016 0.34739856 0.34735    0.3473284  0.34727984 0.34725824 0.34720968 0.34718808 0.34713952 0.34702672 0.34702667 0.34702665 0.34691145 0.34691142 0.34679622 0.34679618 0.34630658 0.34630653 0.34630652 0.34619132 0.34619128 0.34607608 0.34607604 0.34565364 0.34565359 0.34565356 0.34553836 0.34553832 0.34542312 0.34542308 0.34502308 0.34502303 0.345023   0.345      0.3449078  0.34490777 0.34479257 0.34479253 0.34432853 0.34432848 0.34432847 0.34421327 0.34421324 0.34409804 0.344098   0.3439828  0.34398276 0.34362756 0.34362751 0.34362729 0.34362726 0.34351206 0.34351202 0.34339682 0.34339678 0.34309598 0.34309593 0.34309593 0.34308153 0.34308132 0.34308129 0.34306689 0.34306668 0.34306665 0.34299145 0.3429914  0.34299135 0.34297695 0.3429769  0.3429625  0.34296245 0.34285845 0.3428584  0.34285837 0.34274317 0.34274314 0.34262794 0.3426279  0.3425127  0.34251266 0.34210946 0.34210941 0.3421094  0.3419942  0.34199416 0.34187896 0.34187892 0.34142452 0.34142452 0.34142442 0.34140282 0.34135426 0.34133266 0.3412841  0.3412625  0.34121394 0.34119234 0.34114378 0.34112218 0.34107362 0.34096082 0.34096077 0.34096077 0.34094637 0.34094632 0.34093192 0.34093187 0.34085667 0.34085662 0.34085662 0.34074142 0.34074138 0.34062618 0.34062614 0.34051094 0.3405109  0.3401845  0.34018445 0.34018445 0.34006925 0.34006921 0.34       0.33995401 0.33995397 0.33970437 0.33970432 0.33970431 0.33968991 0.33968986 0.33967546 0.33967541 0.33966101 0.33966096 0.33958576 0.33958571 0.33958571 0.33947051 0.33947047 0.33935527 0.33935524 0.33935519 0.339355   0.33935496 0.33923976 0.33923973 0.33912453 0.33912449 0.33863809 0.33863804 0.33863802 0.33852282 0.33852278 0.33840758 0.33840754 0.33805234 0.33805229 0.33805226 0.33803786 0.33803781 0.33802341 0.33802336 0.33794816 0.33794811 0.33794809 0.33783289 0.33783286 0.33771766 0.33771762 0.33725042 0.33725037 0.33725035 0.33723595 0.3372359  0.3372215  0.33722145 0.33720705 0.337207   0.337103   0.33710295 0.33710292 0.33698772 0.33698768 0.33687248 0.33687244 0.33675724 0.3367572  0.3364692  0.33646916 0.33646914 0.33635394 0.3363539  0.3362387  0.33623867 0.33612347 0.33612343 0.33600823 0.33600819 0.33576179 0.33576178 0.33576171 0.33574731 0.33574726 0.33573286 0.33573281 0.33571841 0.33571836 0.33570396 0.33570391 0.33568951 0.33568947 0.33558547 0.33558546 0.33558536 0.33556376 0.3355152  0.3354936  0.33544504 0.33542344 0.33537488 0.33535328 0.33530472 0.33528312 0.33523456 0.33512176 0.33512171 0.33512171 0.33510731 0.33510726 0.33509286 0.33509281 0.33501761 0.33501756 0.33501755 0.335      0.33490235 0.33490234 0.33488794 0.33488791 0.33477271 0.3347727  0.3347583  0.33475828 0.33442548 0.33442532 0.33431012 0.33431008 0.33419488 0.33419486 0.33419481 0.33419478 0.33418038 0.33418033 0.33416593 0.33416589 0.33415149 0.33415144 0.33413704 0.33413699 0.33412259 0.33412254 0.33401854 0.33401849 0.33401835 0.33401831 0.33390311 0.33390307 0.33385863 0.33385858 0.33385854 0.33384414 0.3338441  0.3338297  0.33382965 0.33381525 0.3338152  0.3338008  0.33380075 0.33372555 0.3337255  0.33372547 0.33361027 0.33361023 0.33349503 0.33349502 0.33349497 0.33349494 0.33348054 0.33348049 0.33346609 0.33346604 0.33345164 0.33345159 0.33343719 0.33343715 0.33333315 0.3333331  0.33333308 0.33321788 0.33321788 0.33321784 0.33310264 0.33310263 0.33310261 0.33310256 0.33310255 0.33308815 0.3330881  0.3330737  0.33307365 0.33305925 0.3330592  0.3330448  0.33304475 0.33294075 0.33294074 0.33294065 0.33292625 0.3329262  0.3329118  0.33291175 0.33289735 0.3328973  0.3328829  0.33288285 0.33286845 0.33286841 0.33279321 0.3327932  0.3327931  0.3327715  0.33272294 0.33270134 0.33265278 0.33263118 0.33258262 0.33256102 0.33251246 0.33249086 0.3324423  0.3323295  0.33232945 0.33232942 0.33231502 0.33231497 0.33230057 0.33230052 0.33222532 0.33222527 0.33222524 0.33211004 0.33211    0.3319948  0.33199476 0.33187956 0.33187952 0.33146352 0.33146347 0.33146346 0.33134826 0.33134822 0.33123302 0.33123298 0.33090658 0.33090653 0.33090652 0.33079132 0.33079129 0.33067609 0.33067605 0.33028245 0.3302824  0.33028219 0.33028215 0.33016695 0.33016691 0.33005171 0.33005168 0.33       0.32993648 0.32993644 0.32968044 0.32968039 0.32968036 0.32956516 0.32956512 0.32944992 0.32944988 0.32912028 0.32912023 0.32912021 0.32910581 0.32910576 0.32903056 0.32903051 0.32903047 0.32901607 0.32901602 0.32900162 0.32900157 0.32889757 0.32889752 0.3288975  0.3288831  0.32888305 0.32886865 0.32886861 0.32876461 0.32876456 0.32876454 0.32864934 0.3286493  0.3285341  0.32853406 0.32841886 0.32841883 0.32807323 0.32807322 0.32807312 0.32805152 0.32800296 0.32798136 0.3279328  0.3279112  0.32786264 0.32784104 0.32779248 0.32777088 0.32772232 0.32760952 0.32760947 0.32760944 0.32759504 0.32759499 0.32758059 0.32758054 0.32750534 0.32750529 0.32750528 0.32749088 0.32749084 0.32747644 0.32747639 0.32737239 0.32737234 0.3273723  0.3273579  0.32735785 0.32734345 0.3273434  0.3272394  0.32723935 0.32723933 0.32722493 0.32722488 0.32721048 0.32721043 0.32710643 0.32710638 0.32710637 0.32709197 0.32709192 0.32707752 0.32707747 0.32700227 0.32700222 0.3270022  0.3269878  0.32698775 0.32697335 0.3269733  0.3268693  0.32686925 0.32686923 0.32685483 0.32685478 0.32684038 0.32684034 0.32682594 0.32682589 0.32672189 0.32672184 0.32672181 0.32670741 0.32670737 0.32669297 0.32669292 0.32658892 0.32658887 0.32658882 0.32657442 0.32657438 0.32655998 0.32655993 0.32654553 0.32654548 0.32647028 0.32647023 0.32647002 0.32646998 0.32635478 0.32635475 0.32623955 0.32623951 0.32612431 0.32612427 0.32573067 0.32573062 0.32573062 0.32571622 0.32571617 0.32570177 0.32570172 0.32568732 0.32568727 0.32558327 0.32558325 0.32558325 0.32546805 0.32546801 0.32535281 0.32535277 0.32523757 0.32523753 0.32512233 0.32512229 0.32500709 0.32500706 0.325      0.32454626 0.32454625 0.32454617 0.32443097 0.32443094 0.32431574 0.3243157  0.3242005  0.32420046 0.32408526 0.32408522 0.32397002 0.32396998 0.32372678 0.32372678 0.32372668 0.32370508 0.32365652 0.32363492 0.32358636 0.32356476 0.3235162  0.3234946  0.32344604 0.32342444 0.32337588 0.32326308 0.32326303 0.32326302 0.32324862 0.32324857 0.32323417 0.32323413 0.32313013 0.32313008 0.32313004 0.32301484 0.3230148  0.3228996  0.32289956 0.32261156 0.32261151 0.3226115  0.3225971  0.32259705 0.32258265 0.3225826  0.3225074  0.32250735 0.32250735 0.3225073  0.3224929  0.32249285 0.32247845 0.3224784  0.3223744  0.32237435 0.32237433 0.32235993 0.32235988 0.32234548 0.32234544 0.32233104 0.32233099 0.32225579 0.32225574 0.32225572 0.32214052 0.32214048 0.32202528 0.32202524 0.32191004 0.32191    0.3215772  0.32157715 0.32157713 0.32146193 0.32146189 0.32134669 0.32134665 0.32095305 0.320953   0.32095299 0.32083779 0.32083775 0.32072255 0.32072251 0.32022651 0.32022646 0.32022643 0.32021203 0.32021198 0.32019758 0.32019753 0.32018313 0.32018308 0.32010788 0.3201078  0.3201077  0.3200861  0.32003754 0.32001594 0.32       0.31996738 0.31994578 0.31989722 0.31987562 0.31982706 0.31980546 0.3197569  0.3196441  0.31964405 0.31964402 0.31962962 0.31962957 0.31961517 0.31961513 0.31951113 0.31951108 0.31951105 0.31939585 0.31939581 0.31928061 0.31928057 0.31883897 0.31883892 0.31883889 0.31882449 0.31882444 0.31881004 0.31880999 0.31873479 0.31873474 0.31873473 0.31872033 0.31872028 0.31870588 0.31870583 0.31860183 0.31860178 0.31860175 0.31858735 0.31858713 0.31858709 0.31857269 0.31857246 0.31857243 0.31849723 0.31849718 0.31849717 0.31848277 0.31848272 0.31846832 0.31846827 0.31836427 0.31836422 0.31836422 0.31834982 0.31834977 0.31833537 0.31833532 0.31823132 0.31823127 0.31823127 0.31811607 0.31811603 0.31800083 0.31800079 0.31756559 0.31756554 0.31756554 0.31745034 0.3174503  0.3173351  0.31733506 0.31704066 0.31704061 0.31704058 0.31693658 0.31693653 0.31693653 0.31693649 0.31682129 0.31682125 0.31670605 0.31670601 0.31659081 0.31659077 0.31620677 0.31620673 0.3162067  0.3160915  0.31609146 0.31597626 0.31597622 0.31566582 0.31566581 0.31566571 0.31564411 0.31559555 0.31557395 0.31552539 0.31550379 0.31545523 0.31543363 0.31538507 0.31536347 0.31531491 0.31520211 0.31520206 0.31520206 0.31518766 0.31518762 0.31517322 0.31517317 0.31509797 0.31509792 0.31509791 0.31508351 0.31508346 0.31506906 0.31506901 0.315      0.31496501 0.31496496 0.31496476 0.31496472 0.31484952 0.31484948 0.31473428 0.31473424 0.31461904 0.314619   0.3141294  0.31412935 0.31412933 0.31401413 0.31401409 0.31389889 0.31389885 0.31356605 0.313566   0.31356599 0.31345079 0.31345075 0.31333555 0.31333551 0.31322031 0.31322027 0.31277547 0.31277542 0.31277541 0.31276101 0.31276096 0.31274656 0.31274651 0.31267131 0.31267126 0.31267126 0.31255606 0.31255602 0.31244082 0.31244078 0.31218478 0.31218473 0.3121847  0.3121703  0.31217025 0.31215585 0.3121558  0.3120806  0.31208055 0.31208054 0.31206614 0.31206609 0.31205169 0.31205165 0.31194765 0.3119476  0.31194758 0.31193318 0.31193313 0.31191873 0.31191868 0.31181468 0.31181463 0.31181462 0.31180022 0.31180017 0.31178577 0.31178572 0.31168172 0.31168168 0.31168165 0.31156645 0.31156641 0.31145121 0.31145117 0.31133597 0.31133593 0.31104153 0.31104153 0.31104143 0.31101983 0.31097127 0.31094967 0.31090111 0.31087951 0.31083095 0.31080935 0.31076079 0.31073919 0.31069063 0.31057783 0.31057778 0.31057777 0.31046257 0.31046253 0.31034733 0.31034729 0.31       0.30987689 0.30987684 0.30987684 0.30986244 0.30986239 0.30984799 0.30984794 0.30983354 0.30983349 0.30975829 0.30975824 0.30975823 0.30974383 0.30974379 0.30972939 0.30972934 0.30971494 0.30971489 0.30963969 0.30963964 0.30963963 0.30962523 0.30962519 0.30961079 0.30961074 0.30950674 0.30950669 0.30950662 0.30950658 0.30939138 0.30939135 0.30927615 0.30927611 0.30880251 0.30880246 0.30880241 0.30880237 0.30868717 0.30868713 0.30857193 0.30857189 0.30845669 0.30845665 0.30806305 0.308063   0.30806298 0.30794778 0.30794774 0.30783254 0.3078325  0.3074901  0.30749005 0.30749003 0.30737483 0.30737479 0.30725959 0.30725956 0.30684036 0.30684031 0.30684031 0.30672511 0.30672507 0.30660987 0.30660983 0.30649463 0.30649459 0.30609459 0.30609454 0.3060945  0.3060801  0.30608005 0.30606565 0.3060656  0.3059616  0.30596159 0.30596154 0.30584634 0.3058463  0.3057311  0.30573106 0.30561586 0.30561583 0.30550063 0.30550059 0.30538539 0.30538535 0.305      0.30490215 0.30490214 0.30490204 0.30488044 0.30483188 0.30481028 0.30476172 0.30474012 0.30469156 0.30466996 0.3046214  0.3045998  0.30455124 0.30443844 0.30443839 0.30443839 0.30442399 0.30442398 0.30442393 0.30440953 0.30440952 0.30440949 0.30439509 0.30439508 0.30438068 0.30438067 0.30438063 0.30436623 0.30436622 0.30429102 0.30429096 0.30429093 0.30427653 0.30427648 0.30426208 0.30426203 0.30424763 0.30424758 0.30417238 0.30417233 0.3041723  0.3041579  0.30415785 0.30414345 0.3041434  0.3040394  0.30403935 0.30403932 0.30402492 0.30402487 0.30401047 0.30401042 0.30390642 0.30390637 0.30390634 0.30379114 0.3037911  0.3036759  0.30367586 0.30327266 0.30327261 0.30327258 0.30315738 0.30315734 0.30304214 0.3030421  0.3029269  0.30292686 0.30253966 0.30253961 0.30253957 0.30242437 0.30242434 0.30230914 0.3023091  0.3021939  0.30219386 0.30192186 0.30192183 0.30190743 0.30190738 0.30189298 0.30189293 0.30187853 0.30187848 0.30187046 0.30187041 0.30187041 0.30175521 0.30175517 0.30163997 0.30163994 0.30163989 0.30163986 0.30162546 0.30162541 0.30161101 0.30161096 0.30159656 0.30159651 0.30158211 0.30158206 0.30156766 0.30156761 0.30146361 0.30146356 0.30146354 0.30134834 0.30134831 0.30123311 0.30123307 0.30111787 0.30111783 0.30078503 0.30078501 0.30078493 0.30077053 0.30077048 0.30075608 0.30075603 0.30074163 0.30074158 0.30072718 0.30072713 0.30071273 0.30071269 0.30060869 0.30060867 0.30060864 0.30059424 0.30059419 0.30057979 0.30057974 0.30056534 0.30056529 0.30055089 0.30055084 0.30053644 0.30053639 0.30043239 0.30043239 0.30043229 0.30041069 0.30036213 0.30034053 0.30029197 0.30027037 0.30022181 0.30020021 0.30015165 0.30013005 0.30008149 0.3        0.29996869 0.29996864 0.29996864 0.29995424 0.29995419 0.29993979 0.29993974 0.29983574 0.29983569 0.29983569 0.29982129 0.29982124 0.29980684 0.29980679 0.29973159 0.29973154 0.29973152 0.29971712 0.29971707 0.29970267 0.29970262 0.29962742 0.29962737 0.29962735 0.29951215 0.29951212 0.29939692 0.29939688 0.29928168 0.29928164 0.29896164 0.29896159 0.29896149 0.29896144 0.29896141 0.29894701 0.29894696 0.29893256 0.29893251 0.29891811 0.29891806 0.29890366 0.29890361 0.29879961 0.29879956 0.29879953 0.29878513 0.29878508 0.29877068 0.29877063 0.29875623 0.29875618 0.29868098 0.29868093 0.29868084 0.29862555 0.2986255  0.29862465 0.2986246  0.29862451 0.29862441 0.29860281 0.29855425 0.29853265 0.29848409 0.29846249 0.29841393 0.29839233 0.29834377 0.29832217 0.29827361 0.29816081 0.29816076 0.29816076 0.29814636 0.29814631 0.29813191 0.29813186 0.29811746 0.29811742 0.29801342 0.29801337 0.29801334 0.29789814 0.2978981  0.2977829  0.29778286 0.29748846 0.29748841 0.29748839 0.29747399 0.29747395 0.29745955 0.2974595  0.2973843  0.29738425 0.29738424 0.29726904 0.29726901 0.29715381 0.29715377 0.29670577 0.29670572 0.2967057  0.2965905  0.29659046 0.29647526 0.29647522 0.29636002 0.29635998 0.29604958 0.29604953 0.29604951 0.29603511 0.29603506 0.29602066 0.29602061 0.29591661 0.29591656 0.29591656 0.29580136 0.29580132 0.29568612 0.29568608 0.29557088 0.29557084 0.29512284 0.29512279 0.29512278 0.29500758 0.29500754 0.295      0.29489234 0.2948923  0.2944923  0.29449225 0.29449221 0.29447781 0.29447776 0.29446336 0.29446331 0.29438811 0.29438811 0.29438806 0.29438806 0.29437366 0.29437361 0.29435921 0.29435916 0.29425516 0.29425511 0.29425508 0.29413988 0.29413984 0.29402464 0.2940246  0.293711   0.29371099 0.29371089 0.29368929 0.29364073 0.29361913 0.29357057 0.29354897 0.29350041 0.29347881 0.29343025 0.29340865 0.29336009 0.29324729 0.29324724 0.29324722 0.29323282 0.29323277 0.29321837 0.29321832 0.29320392 0.29320387 0.29309987 0.29309982 0.29309982 0.29298462 0.29298458 0.29286938 0.29286935 0.2928693  0.29286925 0.29285485 0.29285481 0.29284041 0.29284036 0.29282596 0.29282591 0.29281151 0.29281146 0.29270746 0.29270741 0.2927074  0.2925922  0.29259216 0.29247696 0.29247693 0.29236173 0.29236169 0.29211849 0.29211831 0.29200311 0.29200311 0.29200306 0.29200276 0.29200267 0.29200262 0.2920026  0.2918874  0.29188737 0.29146177 0.29146172 0.29146152 0.29146149 0.29134629 0.29134625 0.29123105 0.29123101 0.29075741 0.29075736 0.29075734 0.29074294 0.2907429  0.2907285  0.29072845 0.29062445 0.2906244  0.2906243  0.29062427 0.29060987 0.29060966 0.29060962 0.29059522 0.29059502 0.29059498 0.29049098 0.29049093 0.29049093 0.29047653 0.29047648 0.29046208 0.29046203 0.29044763 0.29044759 0.29037239 0.29037234 0.29037232 0.29025712 0.29025708 0.29014188 0.29014184 0.29002664 0.2900266  0.29       0.2897386  0.28973859 0.28973849 0.28973797 0.28971637 0.28966781 0.28964621 0.28959765 0.28957605 0.28952749 0.28950589 0.28945733 0.28943573 0.28938717 0.28927437 0.28927432 0.28927432 0.28925992 0.28925987 0.28924547 0.28924542 0.28923102 0.28923097 0.28915577 0.28915572 0.28915571 0.28904051 0.28904047 0.28892527 0.28892523 0.28881003 0.28880999 0.28833959 0.28833954 0.28833954 0.28832514 0.28832509 0.28831069 0.28831064 0.28823544 0.28823539 0.28823537 0.28812017 0.28812014 0.28800494 0.2880049  0.2877489  0.28774885 0.28774883 0.28763363 0.28763359 0.28751839 0.28751836 0.28740316 0.28740312 0.28700632 0.28700627 0.28700626 0.28699186 0.28699181 0.28697741 0.28697736 0.28687336 0.28687331 0.28687328 0.28685888 0.28685883 0.28684443 0.28684438 0.28682998 0.28682993 0.28672593 0.28672588 0.28672587 0.28671147 0.28671142 0.28669702 0.28669697 0.28662177 0.28662172 0.28662171 0.28660731 0.28660726 0.28659286 0.28659281 0.28657841 0.28657836 0.28647436 0.28647431 0.28647431 0.28645991 0.28645986 0.28644546 0.28644541 0.28634141 0.28634136 0.28634135 0.28632695 0.2863269  0.2863125  0.28631246 0.28620846 0.28620835 0.28620834 0.28619394 0.28619389 0.28617949 0.28617944 0.28616504 0.286165   0.2861506  0.28615055 0.28607535 0.28607535 0.28607525 0.28605365 0.28600509 0.28598349 0.28593493 0.28591333 0.28586477 0.28584317 0.28579461 0.28577301 0.28572445 0.28561165 0.2856116  0.28561157 0.28559717 0.28559712 0.28558272 0.28558267 0.28550747 0.28550742 0.28550738 0.28550734 0.28539214 0.28539211 0.28527691 0.28527687 0.28500167 0.28500162 0.28500139 0.28500135 0.285      0.28488615 0.28488611 0.28477091 0.28477088 0.28465568 0.28465564 0.28431324 0.28431319 0.28431317 0.28419797 0.28419793 0.28408273 0.28408269 0.28396749 0.28396745 0.28351945 0.2835194  0.28351938 0.28351934 0.28340414 0.2834041  0.2832889  0.28328886 0.28293366 0.28293361 0.28293356 0.28293353 0.28281833 0.28281829 0.28270309 0.28270305 0.28242465 0.2824246  0.28242455 0.28241015 0.2824101  0.2823957  0.28239566 0.28232046 0.28232041 0.2823204  0.2822052  0.28220517 0.28208997 0.28208993 0.28197473 0.28197469 0.28168989 0.28168984 0.28168969 0.28168965 0.28157445 0.28157441 0.28145921 0.28145917 0.28121277 0.28121271 0.28121271 0.28119831 0.28119826 0.28118386 0.28118381 0.28107981 0.28107979 0.28107974 0.28106534 0.28106529 0.28105089 0.28105085 0.28103645 0.2810364  0.281022   0.28102195 0.28100755 0.2810075  0.2809035  0.28090348 0.28090346 0.28088906 0.28088901 0.28087461 0.28087456 0.28086016 0.28086011 0.28084571 0.28084566 0.28083126 0.28083121 0.28072721 0.2807272  0.28072718 0.28071278 0.28071273 0.28069833 0.28069829 0.28068389 0.28068384 0.28066944 0.28066939 0.28065499 0.28065494 0.28055094 0.28055093 0.28055086 0.28053646 0.28053641 0.28052201 0.28052196 0.28050756 0.28050751 0.28049311 0.28049306 0.28047866 0.28047861 0.28040341 0.28040339 0.28040337 0.28038897 0.28038892 0.28037452 0.28037447 0.28036007 0.28036003 0.28034563 0.28034558 0.28033118 0.28033113 0.28025593 0.28025593 0.28025583 0.28023423 0.28018567 0.28016407 0.28011551 0.28009391 0.28004535 0.28002375 0.28       0.27997519 0.27995359 0.27990503 0.27979223 0.27979218 0.27979215 0.27967695 0.27967691 0.27956171 0.2795617  0.27956165 0.27956162 0.27954722 0.27954717 0.27953277 0.27953273 0.27951833 0.27951828 0.27950388 0.27950383 0.27948943 0.27948938 0.27938538 0.27938533 0.27938529 0.27937089 0.27937084 0.27935644 0.27935639 0.27928119 0.27928114 0.27928111 0.27916591 0.27916587 0.27905067 0.27905064 0.27867944 0.27867939 0.27867921 0.27867918 0.27856398 0.27856394 0.27853435 0.2785343  0.27853423 0.27841903 0.27841899 0.27830379 0.27830375 0.27818855 0.27818851 0.27807331 0.27807327 0.27795807 0.27795804 0.27751324 0.27751323 0.27751316 0.27749876 0.27749871 0.27748431 0.27748426 0.27746986 0.27746981 0.27745541 0.27745536 0.27744096 0.27744091 0.27733691 0.2773369  0.27733682 0.27732242 0.27732237 0.27730797 0.27730792 0.27729352 0.27729348 0.27727908 0.27727903 0.27726463 0.27726458 0.27718938 0.27718936 0.27718933 0.27707413 0.2770741  0.2769589  0.27695886 0.27684366 0.27684362 0.27672842 0.27672838 0.27661318 0.27661314 0.27631234 0.27631234 0.27631224 0.27629064 0.27624208 0.27622048 0.27617192 0.27615032 0.27610176 0.27608016 0.2760316  0.27601    0.27596144 0.27584864 0.27584859 0.2758484  0.27584839 0.27583399 0.27583397 0.27583394 0.27571874 0.27571873 0.27570433 0.27570431 0.27570428 0.27558908 0.27558907 0.27551387 0.27551379 0.27551377 0.27519697 0.27519692 0.2751969  0.2750817  0.27508166 0.275      0.27496646 0.27496643 0.27485123 0.27485119 0.27457599 0.27457594 0.27457592 0.27446072 0.27446069 0.27434549 0.27434545 0.27423025 0.27423021 0.27398381 0.27398376 0.27398374 0.27386854 0.2738685  0.2737533  0.27375326 0.27363806 0.27363803 0.27326043 0.27326038 0.27326034 0.27324594 0.27324589 0.27323149 0.27323144 0.27312744 0.27312739 0.27312738 0.27301218 0.27301218 0.27299778 0.27299774 0.27288254 0.27288254 0.27286814 0.2728681  0.2725801  0.27258007 0.27247607 0.27247602 0.27247589 0.27247586 0.27236066 0.27236062 0.27224542 0.27224538 0.27200538 0.27200531 0.27200525 0.27200521 0.27172681 0.2717268  0.27172678 0.27171238 0.27171233 0.27169793 0.27169789 0.27168349 0.27168344 0.27166904 0.27166899 0.27165459 0.27165454 0.27155054 0.27155054 0.27155045 0.27153605 0.271536   0.2715216  0.27152155 0.27150715 0.2715071  0.2714927  0.27149265 0.27147825 0.2714782  0.271403   0.27140299 0.27140289 0.27138129 0.27133273 0.27131113 0.27126257 0.27124097 0.27119241 0.27117081 0.27112225 0.27110065 0.27105209 0.27093929 0.27093924 0.27093923 0.27092483 0.27092478 0.27091038 0.27091033 0.27089593 0.27089588 0.27082068 0.27082063 0.27082061 0.27070541 0.27070537 0.27059017 0.27059013 0.27021573 0.27021568 0.27021563 0.27021559 0.27010039 0.27010035 0.27       0.26998515 0.26998511 0.26960431 0.26960426 0.26960424 0.26948904 0.269489   0.2693738  0.26937376 0.26925856 0.26925853 0.26886493 0.26886488 0.26886486 0.26874966 0.26874963 0.26863443 0.26863439 0.26815439 0.26815434 0.26815432 0.26813992 0.26813987 0.26812547 0.26812542 0.26805022 0.26805017 0.26805015 0.26803575 0.2680357  0.2680213  0.26802125 0.26800685 0.2680068  0.2679028  0.26790275 0.26790274 0.26788834 0.26788829 0.26787389 0.26787384 0.26776984 0.26776979 0.26776978 0.26765458 0.26765454 0.26753934 0.26753931 0.26717771 0.26717769 0.26717759 0.26715599 0.26710743 0.26708583 0.26703727 0.26701567 0.26696711 0.26694551 0.26689695 0.26687535 0.26682679 0.26671399 0.26671394 0.26671393 0.26659873 0.2665987  0.2664835  0.26648346 0.26617306 0.26617301 0.26617297 0.26615857 0.26615852 0.26614412 0.26614407 0.26604007 0.26604002 0.26603998 0.26602558 0.26602554 0.26601114 0.26601109 0.26593589 0.26593584 0.26593582 0.26592142 0.26592137 0.26590697 0.26590692 0.26583172 0.26583167 0.26583167 0.26581727 0.26581722 0.26580282 0.26580277 0.26578837 0.26578832 0.26568432 0.26568427 0.26568426 0.26556906 0.26556902 0.26545382 0.26545378 0.26503138 0.26503133 0.2650313  0.265      0.2649161  0.26491606 0.26480086 0.26480082 0.26436562 0.26436557 0.26436554 0.26435114 0.26435109 0.26433669 0.26433664 0.26426144 0.26426139 0.26426135 0.26424695 0.2642469  0.2642325  0.26423245 0.26412845 0.2641284  0.2641284  0.2640132  0.26401316 0.26389796 0.26389792 0.26352672 0.26352667 0.26352663 0.26341143 0.2634114  0.2632962  0.26329616 0.26298256 0.26298246 0.26298244 0.26296804 0.26296799 0.26295359 0.26295354 0.26293914 0.26293909 0.26292469 0.26292464 0.26291024 0.26291019 0.26283499 0.26283499 0.26283489 0.26281329 0.26276473 0.26274313 0.26269457 0.26267297 0.26262441 0.26260281 0.26255425 0.26253265 0.26248409 0.26237129 0.26237124 0.26237124 0.26225604 0.262256   0.2621408  0.26214076 0.26169276 0.26169271 0.26169267 0.26167827 0.26167822 0.26166382 0.26166377 0.26164937 0.26164932 0.26157412 0.26157407 0.26157406 0.26155966 0.26155961 0.26154521 0.26154516 0.26144116 0.26144111 0.26144107 0.26132587 0.26132583 0.26121063 0.2612106  0.2608458  0.26084575 0.26084574 0.26073054 0.2607305  0.2606153  0.26061526 0.26020886 0.26020881 0.26020878 0.26009358 0.26009357 0.26007917 0.26007914 0.26       0.25996394 0.25996394 0.25994954 0.25994951 0.25967751 0.25967746 0.25966306 0.25966302 0.25964862 0.25964857 0.25957337 0.25957332 0.25957331 0.25945811 0.25945807 0.25934287 0.25934283 0.25922763 0.25922759 0.25878919 0.25878914 0.25878911 0.25867391 0.25867387 0.25855867 0.25855863 0.25818423 0.25818418 0.25818418 0.25806898 0.25806894 0.25795374 0.2579537  0.2574865  0.2574864  0.25748638 0.25737118 0.25737114 0.25725594 0.2572559  0.2571407  0.25714067 0.25702547 0.25702543 0.25691023 0.25691019 0.25649739 0.25649737 0.25649727 0.25647567 0.25642711 0.25640551 0.25635695 0.25633535 0.25628679 0.25626519 0.25621663 0.25619503 0.25614647 0.25603367 0.25603362 0.2560336  0.2560192  0.25601915 0.25600475 0.2560047  0.2559295  0.25592945 0.25592945 0.25581425 0.25581421 0.25569901 0.25569897 0.25537897 0.25537892 0.25537892 0.25536452 0.25536447 0.25535007 0.25535002 0.25527482 0.25527477 0.25527476 0.25515956 0.25515952 0.25504432 0.25504429 0.255      0.25492909 0.25492905 0.25460265 0.2546026  0.25460258 0.25448738 0.25448734 0.25437214 0.25437211 0.25412251 0.25412246 0.25412242 0.25410802 0.25410798 0.25400398 0.25400393 0.25400391 0.25388871 0.25388867 0.25377347 0.25377343 0.25336383 0.25336378 0.25336377 0.25334937 0.25334932 0.25333492 0.25333487 0.25325967 0.25325962 0.25325962 0.25324522 0.25324517 0.25323077 0.25323072 0.25312672 0.25312667 0.25312664 0.25311224 0.25311219 0.25309779 0.25309774 0.25299374 0.25299373 0.25299363 0.25297203 0.25292347 0.25290187 0.25285331 0.25283171 0.25278315 0.25276155 0.25271299 0.25269139 0.25264283 0.25253003 0.25252998 0.25252994 0.25251554 0.25251549 0.25250109 0.25250104 0.25248664 0.25248659 0.25238259 0.25238254 0.25238253 0.25236813 0.25236808 0.25235368 0.25235363 0.25227843 0.25227838 0.25227837 0.25226397 0.25226392 0.25224952 0.25224947 0.25223507 0.25223502 0.25213102 0.25213097 0.25213096 0.25211656 0.25211651 0.25210211 0.25210206 0.25199806 0.25199801 0.25199801 0.251998   0.2519836  0.25198357 0.25186837 0.25186836 0.25185396 0.25185393 0.25173873 0.25173872 0.25172432 0.2517243  0.2512283  0.25122819 0.25111299 0.25111295 0.25099775 0.25099775 0.2509977  0.25099761 0.25098321 0.25098316 0.25096876 0.25096871 0.25095431 0.25095426 0.25093986 0.25093982 0.25092542 0.25092537 0.25082137 0.25082132 0.25082131 0.25070611 0.25070607 0.25059087 0.25059084 0.25059079 0.25059076 0.25047556 0.25047552 0.25036032 0.25036028 0.25024508 0.25024505 0.25       0.24990905 0.249909   0.24990896 0.24979376 0.24979372 0.24967852 0.24967848 0.24943848 0.24943843 0.24943842 0.24932322 0.24932318 0.24920798 0.24920795 0.24909275 0.24909271 0.24871191 0.24871178 0.24871176 0.24869736 0.24869731 0.24868291 0.24868286 0.24866846 0.24866841 0.24856441 0.24856441 0.24856431 0.24854271 0.24849415 0.24847255 0.24842399 0.24840239 0.24835383 0.24833223 0.24828367 0.24826207 0.24821351 0.24810071 0.24810066 0.24810066 0.24798546 0.24798542 0.24787022 0.24787018 0.24761098 0.24761093 0.24761093 0.24759653 0.24759648 0.24758208 0.24758203 0.24750683 0.24750678 0.2475067  0.2474923  0.24749226 0.24749225 0.24747785 0.24747782 0.24736262 0.24736261 0.24734821 0.24734818 0.24723298 0.24723298 0.24721858 0.24721855 0.24683775 0.24683758 0.24683753 0.24683752 0.24673352 0.24673347 0.24673347 0.24671907 0.24671902 0.24670462 0.24670457 0.24669017 0.24669012 0.24658612 0.24658607 0.24658606 0.24657166 0.24657161 0.24655721 0.24655717 0.24645317 0.24645312 0.24645311 0.24633791 0.24633787 0.24622267 0.24622263 0.24592503 0.24592498 0.24592496 0.24591056 0.24591051 0.24589611 0.24589606 0.24582086 0.24582081 0.24582079 0.24570559 0.24570556 0.24559036 0.24559032 0.24547512 0.24547508 0.24514228 0.24514223 0.24514222 0.24512782 0.24512777 0.24511337 0.24511332 0.24500932 0.24500931 0.24500921 0.245      0.24498761 0.24493905 0.24491745 0.24486889 0.24484729 0.24479873 0.24477713 0.24472857 0.24470697 0.24465841 0.24454561 0.24454556 0.24454554 0.24453114 0.24453112 0.24453107 0.24451667 0.24451665 0.2445166  0.2444126  0.24441255 0.24441253 0.24429733 0.2442973  0.2441821  0.24418206 0.24406686 0.24406682 0.24379162 0.24379157 0.24379148 0.24379144 0.24367624 0.2436762  0.24360501 0.24360496 0.24360494 0.24348974 0.2434897  0.2433745  0.24337446 0.24325926 0.24325922 0.24314402 0.24314398 0.24274398 0.24274393 0.24274389 0.24272949 0.24272945 0.24271505 0.242715   0.2426398  0.24263975 0.2426397  0.2426253  0.24262526 0.24252126 0.24252121 0.24252119 0.24240599 0.24240595 0.24229075 0.24229071 0.24217551 0.24217547 0.24174347 0.24174342 0.24174341 0.24162821 0.24162817 0.24151297 0.24151293 0.24103293 0.24103288 0.24103287 0.24091767 0.24091763 0.24080243 0.2408024  0.2406872  0.24068716 0.24035436 0.24035431 0.24035428 0.24033988 0.24033983 0.24032543 0.24032538 0.24025018 0.24025013 0.2402501  0.2402357  0.24023565 0.24022125 0.24022121 0.24020681 0.24020676 0.24010276 0.24010275 0.24010265 0.24008105 0.24003249 0.24001089 0.24       0.23996233 0.23994073 0.23989217 0.23987057 0.23982201 0.23980041 0.23975185 0.23963905 0.239639   0.23963899 0.23952379 0.23952375 0.23940855 0.23940851 0.23896691 0.23896686 0.23896686 0.23895246 0.23895241 0.23893801 0.23893797 0.23886277 0.23886272 0.23886271 0.23874751 0.23874747 0.23863227 0.23863223 0.23851703 0.23851699 0.23819379 0.23819374 0.23819373 0.23817933 0.23817928 0.23816488 0.23816483 0.23808963 0.23808958 0.23808957 0.23797437 0.23797433 0.23785913 0.23785909 0.23738549 0.23738544 0.23738541 0.23727021 0.23727017 0.23715497 0.23715494 0.23703974 0.2370397  0.2366205  0.23662045 0.23662044 0.23650524 0.2365052  0.23639    0.23638996 0.23603796 0.23603791 0.23603784 0.2360378  0.2359226  0.23592256 0.23580736 0.23580733 0.23579293 0.23579293 0.23540253 0.2354025  0.23540245 0.23538805 0.235388   0.2353736  0.23537355 0.23535915 0.2353591  0.2352551  0.23525505 0.23525505 0.23524065 0.2352406  0.2352262  0.23522615 0.23521175 0.2352117  0.2351077  0.23510765 0.23510765 0.235      0.23499245 0.23499241 0.23487721 0.23487717 0.23442277 0.23442272 0.23442272 0.23440832 0.23440827 0.23439387 0.23439382 0.23428982 0.23428981 0.23428971 0.23426811 0.23421955 0.23419795 0.23414939 0.23412779 0.23407923 0.23405763 0.23400907 0.23398747 0.23393891 0.23382611 0.23382606 0.23382603 0.23381163 0.23381158 0.23379718 0.23379713 0.23369313 0.23369308 0.23369305 0.23357785 0.23357782 0.23346262 0.23346258 0.23310738 0.23310733 0.23310731 0.23309291 0.23309286 0.23307846 0.23307841 0.23300321 0.23300316 0.23300314 0.23288794 0.2328879  0.2327727  0.23277266 0.23233426 0.23233421 0.23233418 0.23221898 0.23221894 0.23210374 0.2321037  0.2319885  0.23198847 0.23155007 0.23155002 0.23155001 0.23143481 0.23143477 0.23131957 0.23131953 0.23120433 0.23120429 0.23071789 0.23071784 0.23071784 0.23060264 0.23060261 0.23048741 0.23048737 0.23018017 0.23018012 0.23018009 0.23016569 0.23016567 0.23016562 0.23015122 0.2301512  0.23015115 0.23004715 0.2300471  0.23004709 0.23       0.22993189 0.22993185 0.22981665 0.22981661 0.22932701 0.22932696 0.22932693 0.22921173 0.22921169 0.22909649 0.22909645 0.22898125 0.22898122 0.22865802 0.22865797 0.22865778 0.22865774 0.22854254 0.22854251 0.22842731 0.22842727 0.22831207 0.22831203 0.22794083 0.22794081 0.2279408  0.2279264  0.22792635 0.22791195 0.2279119  0.2278975  0.22789745 0.22788305 0.227883   0.2278686  0.22786855 0.22779335 0.22779335 0.22779325 0.22777165 0.22772309 0.22770149 0.22765293 0.22763133 0.22758277 0.22756117 0.22751261 0.22749101 0.22744245 0.22732965 0.2273296  0.22732959 0.22731519 0.22731514 0.22730074 0.22730069 0.22719669 0.22719664 0.22719662 0.22718222 0.22718218 0.22716778 0.22716773 0.22706373 0.22706368 0.22706366 0.22704926 0.22704921 0.22703481 0.22703476 0.22695956 0.22695951 0.22695951 0.22694511 0.22694506 0.22693066 0.22693061 0.22682661 0.22682656 0.22682656 0.22681216 0.22681211 0.22679771 0.22679766 0.22678326 0.22678322 0.22667922 0.22667917 0.22667913 0.22656393 0.22656389 0.22644869 0.22644865 0.22606465 0.2260646  0.22606459 0.22594939 0.22594935 0.22583415 0.22583411 0.22553971 0.22553966 0.22553961 0.22552521 0.22552516 0.22551076 0.22551072 0.22543552 0.22543547 0.22543544 0.22542104 0.225421   0.2254066  0.22540655 0.22530255 0.2253025  0.2253025  0.2251873  0.22518726 0.22507206 0.22507202 0.225      0.22495682 0.22495678 0.22468798 0.22468791 0.22468788 0.22458388 0.22458388 0.22458378 0.22456218 0.22451362 0.22449202 0.22444346 0.22442186 0.2243733  0.2243517  0.22430314 0.22428154 0.22423298 0.22412018 0.22412013 0.22412013 0.22400493 0.22400489 0.22388969 0.22388965 0.2238896  0.22388958 0.22387518 0.22387513 0.22386073 0.22386069 0.22384629 0.22384624 0.22383184 0.22383179 0.22372779 0.22372774 0.22372773 0.22371333 0.22371328 0.22369888 0.22369883 0.22359483 0.22359478 0.22359478 0.22347958 0.22347954 0.22336434 0.2233643  0.2228971  0.22289705 0.22289701 0.22288261 0.22288256 0.22286816 0.22286812 0.22279292 0.22279287 0.22279286 0.22277846 0.22277841 0.22276401 0.22276396 0.22265996 0.22265991 0.22265989 0.22254469 0.22254466 0.22242946 0.22242942 0.22231422 0.22231418 0.22197818 0.22197813 0.22197812 0.22186292 0.22186288 0.22174768 0.22174765 0.22138925 0.2213892  0.22138918 0.22137478 0.22137473 0.22136033 0.22136028 0.22125628 0.22125623 0.22125623 0.22114103 0.22114099 0.22102579 0.22102575 0.22091055 0.22091051 0.22041451 0.22041446 0.22041446 0.22029926 0.22029922 0.22018402 0.22018399 0.22       0.21984479 0.21984475 0.21984459 0.21983019 0.21983016 0.21983012 0.21981572 0.21981572 0.21970052 0.21970049 0.21968609 0.21968608 0.21957088 0.21957085 0.21955645 0.21955644 0.21944124 0.21944121 0.21942681 0.21942681 0.21931161 0.21931158 0.21929718 0.21929717 0.21881717 0.21881714 0.21881708 0.21881707 0.21881705 0.21870185 0.21870182 0.21858662 0.21858658 0.21847138 0.21847134 0.21835614 0.2183561  0.2182409  0.21824086 0.21794646 0.21794644 0.21794637 0.21783117 0.21783113 0.21771593 0.21771589 0.21760069 0.21760065 0.21748545 0.21748541 0.21737021 0.21737017 0.21709177 0.21709175 0.21709166 0.21707727 0.21705567 0.21700711 0.21698551 0.21693695 0.21691535 0.21686679 0.21684519 0.21679663 0.21677503 0.21672647 0.21661367 0.21661362 0.21661352 0.21661349 0.21649829 0.21649825 0.21638305 0.21638301 0.21612381 0.21612376 0.21612375 0.21610935 0.2161093  0.2160949  0.21609485 0.21601965 0.2160196  0.2160196  0.2160052  0.21600515 0.21599075 0.2159907  0.2159763  0.21597626 0.21587226 0.21587221 0.21587218 0.21575698 0.21575694 0.21564174 0.2156417  0.2151873  0.21518725 0.21518725 0.21507205 0.21507201 0.215      0.21495681 0.21495677 0.21484157 0.21484154 0.21448634 0.21448629 0.21448625 0.21447185 0.2144718  0.2144574  0.21445735 0.21438215 0.2143821  0.21438209 0.21436769 0.21436764 0.21435324 0.21435319 0.21424919 0.21424914 0.21424914 0.21413394 0.2141339  0.2140187  0.21401866 0.21390346 0.21390343 0.21352263 0.2135226  0.21352259 0.21340739 0.21340736 0.21329216 0.21329212 0.21317692 0.21317688 0.21306168 0.21306164 0.21294644 0.2129464  0.2125848  0.21258479 0.21258473 0.21257033 0.21257029 0.21255589 0.21255584 0.21254144 0.21254139 0.21252699 0.21252694 0.21251254 0.21251249 0.21243729 0.21243728 0.2124372  0.212322   0.21232196 0.21220676 0.21220672 0.21209152 0.21209148 0.21197628 0.21197624 0.21186104 0.21186101 0.21137781 0.2113778  0.21137773 0.21126253 0.21126249 0.21114729 0.21114725 0.21103205 0.21103201 0.21091681 0.21091677 0.21080157 0.21080154 0.21044314 0.21044312 0.21044309 0.21042869 0.21042865 0.21041425 0.2104142  0.2103998  0.21039975 0.21038535 0.2103853  0.2103709  0.21037085 0.21026685 0.21026684 0.21026678 0.21025238 0.21025233 0.21023793 0.21023788 0.21022348 0.21022343 0.21020903 0.21020898 0.21019458 0.21019454 0.21011934 0.21011933 0.21011924 0.21008315 0.21006155 0.21001299 0.21       0.20999139 0.20994283 0.20992123 0.20987267 0.20985107 0.20980251 0.20978091 0.20973235 0.20961955 0.2096195  0.2096195  0.2095043  0.20950426 0.20938906 0.20938902 0.20927382 0.20927378 0.20888338 0.20888333 0.20888319 0.20888315 0.20876795 0.20876791 0.20865271 0.20865268 0.20841268 0.20841263 0.2084126  0.2083982  0.20839815 0.20829415 0.2082941  0.20829409 0.20817889 0.20817885 0.20806365 0.20806361 0.20794841 0.20794837 0.20756757 0.20756752 0.20756749 0.20755309 0.20755304 0.20753864 0.20753859 0.20746339 0.20746334 0.20746326 0.20746322 0.20744882 0.20744859 0.20744856 0.20743416 0.20743393 0.20743389 0.20732989 0.20732989 0.20732979 0.20730819 0.20725963 0.20723803 0.20718947 0.20716787 0.20711931 0.20709771 0.20704915 0.20702755 0.20697899 0.20686619 0.20686614 0.20686613 0.20685173 0.20685151 0.20685147 0.20683707 0.20683685 0.20683681 0.20676161 0.20676156 0.20676154 0.20664634 0.2066463  0.2065311  0.20653106 0.20614066 0.20614061 0.2061406  0.2060254  0.20602536 0.20591016 0.20591012 0.20554852 0.20554847 0.20554845 0.20553405 0.205534   0.2055196  0.20551955 0.20550515 0.2055051  0.2054299  0.20542985 0.20542982 0.20531462 0.20531459 0.20519939 0.20519935 0.205      0.20478975 0.2047897  0.2047897  0.2046745  0.20467446 0.20455926 0.20455922 0.20444402 0.20444398 0.20414638 0.20414633 0.20414633 0.20403113 0.20403109 0.20391589 0.20391585 0.20359585 0.2035958  0.20359578 0.20358138 0.20358133 0.20356693 0.20356688 0.20349168 0.20349163 0.20349162 0.20337642 0.20337638 0.20326118 0.20326115 0.20282275 0.2028227  0.20282269 0.20282265 0.20270745 0.20270741 0.20259221 0.20259217 0.20247697 0.20247694 0.20209294 0.20209289 0.20209286 0.20197766 0.20197762 0.20186242 0.20186238 0.20174718 0.20174714 0.20143994 0.20143993 0.20143983 0.20141823 0.20136967 0.20134807 0.20129951 0.20127791 0.20122935 0.20120775 0.20115919 0.20113759 0.20108903 0.20097623 0.20097618 0.20097618 0.20096178 0.20096173 0.20094733 0.20094729 0.20084329 0.20084324 0.20084323 0.20072803 0.20072799 0.20061279 0.20061276 0.20061271 0.20061266 0.20053746 0.20053741 0.20053741 0.20042221 0.20042217 0.20030697 0.20030693 0.2        0.19983333 0.19983328 0.19983326 0.19981886 0.19981881 0.19980441 0.19980436 0.19970036 0.19970031 0.19970027 0.19968587 0.19968582 0.19967142 0.19967137 0.19959617 0.19959612 0.19959612 0.19958172 0.19958167 0.19956727 0.19956722 0.19955282 0.19955277 0.19944877 0.19944872 0.19944868 0.19943428 0.19943423 0.19941983 0.19941978 0.19931578 0.19931573 0.19931569 0.19930129 0.19930124 0.19922604 0.19922599 0.19922597 0.19911077 0.19911073 0.19899553 0.1989955  0.1986339  0.19863385 0.19863381 0.19851861 0.19851858 0.19840338 0.19840334 0.19804494 0.19804489 0.19804487 0.19792967 0.19792963 0.19781443 0.19781439 0.19756479 0.19756477 0.19756471 0.19755031 0.19755027 0.19753587 0.19753582 0.19752142 0.19752137 0.19750697 0.19750692 0.19749252 0.19749247 0.19738847 0.19738846 0.19738841 0.19727321 0.19727318 0.19715798 0.19715794 0.19704274 0.1970427  0.1969275  0.19692746 0.19681226 0.19681222 0.19633222 0.19633222 0.19633214 0.19631774 0.19631769 0.19630329 0.19630324 0.19628884 0.19628879 0.19627439 0.19627434 0.19625994 0.19625989 0.19615589 0.19615589 0.19615579 0.19613419 0.19608563 0.19606403 0.19601547 0.19599387 0.19594531 0.19592371 0.19587515 0.19585355 0.19580499 0.19569219 0.19569214 0.19569195 0.19569191 0.19557671 0.19557667 0.19546147 0.19546143 0.195      0.19497183 0.19497178 0.19497177 0.19495737 0.19495732 0.19494292 0.19494287 0.19486767 0.19486762 0.19486761 0.19475241 0.19475237 0.19463717 0.19463713 0.19431393 0.19431388 0.19431388 0.19419868 0.19419864 0.19408344 0.1940834  0.1939682  0.19396816 0.19347216 0.19347211 0.19347209 0.19345769 0.19345764 0.19344324 0.19344319 0.19336799 0.19336794 0.19336793 0.19325273 0.19325269 0.19313749 0.19313745 0.19270545 0.1927054  0.19270537 0.19269097 0.19269092 0.19267652 0.19267647 0.19266207 0.19266202 0.19258682 0.19258677 0.19258676 0.19247156 0.19247152 0.19235632 0.19235628 0.19194668 0.19194658 0.19194651 0.19193211 0.19193206 0.19191766 0.19191761 0.19190321 0.19190316 0.19188876 0.19188871 0.19187431 0.19187426 0.19179906 0.19179906 0.19179896 0.19177736 0.1917288  0.1917072  0.19165864 0.19163704 0.19158848 0.19156688 0.19151832 0.19149672 0.19144816 0.19133536 0.19133531 0.1913353  0.1913209  0.19132085 0.19130645 0.19130641 0.19120241 0.19120236 0.19120234 0.19108714 0.1910871  0.1909719  0.19097186 0.19066146 0.19066141 0.19066139 0.19054619 0.19054615 0.19043095 0.19043091 0.19031571 0.19031567 0.19       0.18984207 0.18984202 0.189842   0.1897268  0.18972676 0.18961156 0.18961153 0.18949633 0.18949629 0.18921469 0.18921464 0.1892146  0.1890994  0.18909936 0.18898416 0.18898413 0.18871533 0.18871528 0.18871526 0.18870086 0.18870081 0.18868641 0.18868637 0.18861117 0.18861112 0.1886111  0.1885967  0.18859665 0.18858225 0.1885822  0.188507   0.18850695 0.18850693 0.18839173 0.18839169 0.18827649 0.18827646 0.18779646 0.18779641 0.1877964  0.1876812  0.18768116 0.18756596 0.18756593 0.18724913 0.18724908 0.18724907 0.18713387 0.18713383 0.18701863 0.18701859 0.18660579 0.18660578 0.18660572 0.18659132 0.18659127 0.18657687 0.18657682 0.18656242 0.18656237 0.18654797 0.18654792 0.18653352 0.18653347 0.18645827 0.18645827 0.18645818 0.18637845 0.18635685 0.18630829 0.18628669 0.18623813 0.18621653 0.18616797 0.18614637 0.18609781 0.18607621 0.18602765 0.18591485 0.1859148  0.1859146  0.18591456 0.18579936 0.18579932 0.18568412 0.18568409 0.18538329 0.18538324 0.1853832  0.185268   0.18526797 0.18515277 0.18515273 0.185      0.18480073 0.18480068 0.18480066 0.18468546 0.18468542 0.18457022 0.18457018 0.18428858 0.18428853 0.18428853 0.18417333 0.18417329 0.18405809 0.18405805 0.18359405 0.183594   0.18359382 0.18359379 0.18347859 0.18347855 0.18336335 0.18336331 0.18298571 0.18298566 0.18298564 0.18297124 0.18297101 0.18297098 0.18295658 0.18295635 0.18295631 0.18285231 0.18285226 0.18285223 0.18283783 0.18283778 0.18282338 0.18282333 0.18274813 0.18274808 0.18274805 0.18273365 0.1827336  0.1827192  0.18271915 0.18270475 0.1827047  0.1826007  0.18260065 0.18260065 0.18258625 0.18258621 0.18257181 0.18257176 0.18246776 0.18246771 0.18246767 0.18245327 0.18245322 0.18243882 0.18243877 0.18233477 0.18233468 0.18233461 0.18232021 0.18232016 0.18230576 0.18230571 0.18229131 0.18229126 0.18227686 0.18227682 0.18226242 0.18226237 0.18215837 0.18215836 0.1821583  0.1821439  0.18214385 0.18212945 0.1821294  0.182115   0.18211495 0.18210055 0.1821005  0.1820861  0.18208605 0.18198205 0.18198204 0.18198201 0.18196761 0.18196756 0.18195316 0.18195312 0.18193872 0.18193867 0.18192427 0.18192422 0.18190982 0.18190977 0.18180577 0.18180576 0.18180567 0.18179231 0.18177071 0.18172215 0.18170055 0.18165199 0.18163039 0.18158183 0.18156023 0.18151167 0.18149007 0.18144151 0.18132871 0.18132866 0.18132864 0.18131424 0.1813142  0.1812998  0.18129975 0.18122455 0.1812245  0.18122445 0.18121005 0.18121    0.1811956  0.18119555 0.18109155 0.1810915  0.18109149 0.18107709 0.18107704 0.18106264 0.1810626  0.1809874  0.18098735 0.18098733 0.18087213 0.18087209 0.18075689 0.18075685 0.18051685 0.1805168  0.18051679 0.18050239 0.18050234 0.18048794 0.18048789 0.18038389 0.18038384 0.18038362 0.18038358 0.18026838 0.18026834 0.18015314 0.1801531  0.18       0.1799035  0.17990345 0.17990344 0.1799034  0.179889   0.1798888  0.17988876 0.17987436 0.17987416 0.17987412 0.17979892 0.17979887 0.17979883 0.17978443 0.17978438 0.17976998 0.17976993 0.17966593 0.1796659  0.17966587 0.17965147 0.17965142 0.17963702 0.17963697 0.17962257 0.17962252 0.17960812 0.17960807 0.17950407 0.17950406 0.17950403 0.17948963 0.17948958 0.17947518 0.17947513 0.17946073 0.17946068 0.17944628 0.17944623 0.17943183 0.17943178 0.17932778 0.17932778 0.17932768 0.1793187  0.1792971  0.17924854 0.17922694 0.17917838 0.17915678 0.17910822 0.17908662 0.17903806 0.17901646 0.1789679  0.1788551  0.17885505 0.17885504 0.17873984 0.17873981 0.17862461 0.17862457 0.17850937 0.17850933 0.17807093 0.17807088 0.17807086 0.17805646 0.17805641 0.17804201 0.17804196 0.17796676 0.17796671 0.17796669 0.17785149 0.17785145 0.17773625 0.17773621 0.17724021 0.17724016 0.17724013 0.17712493 0.17712489 0.17700969 0.17700966 0.17665126 0.17665121 0.17665118 0.17663678 0.17663674 0.17662234 0.17662229 0.17660789 0.17660784 0.17653264 0.17653259 0.17653257 0.17641737 0.17641733 0.17630213 0.17630209 0.17599169 0.17599164 0.17599164 0.17587644 0.17587643 0.17586203 0.175862   0.1757468  0.17574679 0.17573239 0.17573236 0.17561716 0.17561715 0.17560275 0.17560273 0.17516433 0.1751643  0.1751499  0.17514985 0.17504585 0.1750458  0.17504574 0.1750457  0.175      0.1749305  0.17493047 0.17481527 0.17481523 0.17435443 0.17435438 0.17435432 0.17435428 0.17423908 0.17423904 0.17412384 0.1741238  0.1737974  0.17379734 0.17379727 0.17379723 0.17368203 0.17368199 0.17332039 0.17332039 0.17332034 0.17330594 0.17330589 0.17329149 0.17329144 0.17327704 0.173277   0.1732626  0.17326255 0.17324815 0.1732481  0.1731729  0.17317289 0.17317279 0.17315119 0.17310263 0.17308103 0.17303247 0.17301087 0.17296231 0.17294071 0.17289215 0.17287055 0.17282199 0.17270919 0.17270914 0.17270913 0.17259393 0.17259389 0.17247869 0.17247865 0.17201465 0.1720146  0.17201458 0.17189938 0.17189934 0.17178414 0.1717841  0.1714161  0.17141605 0.17141602 0.17140162 0.17140157 0.17138717 0.17138712 0.17131192 0.17131187 0.17131186 0.17119666 0.17119663 0.17108143 0.17108139 0.17079979 0.17079974 0.17079964 0.17079959 0.1707994  0.17079937 0.17030337 0.17030332 0.17030331 0.17018811 0.17018807 0.17007287 0.17007283 0.17       0.16980723 0.16980718 0.1698071  0.16980707 0.16969187 0.16969186 0.16967746 0.16967743 0.16956223 0.16956223 0.16954783 0.16954779 0.16943259 0.16943259 0.16941819 0.16941815 0.16905975 0.16905973 0.16904533 0.16904528 0.16894128 0.16894123 0.16894123 0.16892683 0.16892678 0.16891238 0.16891233 0.16880833 0.16880828 0.16880825 0.16879385 0.1687938  0.1687794  0.16877935 0.16867535 0.16867534 0.16867526 0.16856006 0.16856003 0.16844483 0.16844479 0.16832959 0.16832955 0.16821435 0.16821431 0.16809911 0.16809907 0.16774707 0.16774706 0.16774699 0.16773259 0.16773254 0.16771814 0.16771809 0.16770369 0.16770364 0.16768924 0.16768919 0.16767479 0.16767475 0.16759955 0.16759953 0.16759944 0.16758504 0.16758499 0.16757059 0.16757054 0.16755614 0.1675561  0.1675417  0.16754165 0.16752725 0.1675272  0.1674232  0.1674232  0.1674231  0.1674015  0.16735294 0.16733134 0.16728278 0.16726118 0.16721262 0.16719102 0.16714246 0.16712086 0.1670723  0.1669595  0.16695945 0.16695941 0.16694501 0.16694496 0.16693056 0.16693051 0.16685531 0.16685526 0.16685522 0.16684082 0.16684077 0.16682637 0.16682633 0.16672233 0.16672228 0.16672224 0.16660704 0.166607   0.1664918  0.1664918  0.16649175 0.16649172 0.16637652 0.16637648 0.16626128 0.16626124 0.16614604 0.166146   0.1660308  0.16603076 0.16560516 0.16560511 0.16560511 0.16548991 0.16548987 0.16537467 0.16537463 0.16506103 0.16506098 0.16506096 0.16504656 0.16504651 0.16503211 0.16503206 0.165      0.16495686 0.16495681 0.16495679 0.16494239 0.16494234 0.16492794 0.16492789 0.16482389 0.16482384 0.16482382 0.16470862 0.16470862 0.16470858 0.16459338 0.16459338 0.16459336 0.16459324 0.1645932  0.1645788  0.16457875 0.16456435 0.1645643  0.1645499  0.16454986 0.16453546 0.16453541 0.16443141 0.16443139 0.16443135 0.16441695 0.1644169  0.1644025  0.16440246 0.16438806 0.16438801 0.16437361 0.16437356 0.16435916 0.16435911 0.16428391 0.16428389 0.16428388 0.16426948 0.16426943 0.16425503 0.16425498 0.16424058 0.16424053 0.16422613 0.16422608 0.16421168 0.16421163 0.16413643 0.16413642 0.16413635 0.16412195 0.1641219  0.1641075  0.16410745 0.16409305 0.164093   0.1640786  0.16407855 0.16406415 0.1640641  0.1639601  0.16396009 0.16396005 0.16384485 0.16384481 0.16372961 0.16372957 0.16361437 0.16361434 0.16349914 0.1634991  0.1633839  0.16338386 0.16308626 0.16308625 0.16308617 0.16307177 0.16307173 0.16305733 0.16305728 0.16304288 0.16304283 0.16302843 0.16302838 0.16301398 0.16301393 0.16290993 0.16290992 0.16290983 0.16280454 0.16278294 0.16273438 0.16271278 0.16266422 0.16264262 0.16259406 0.16257246 0.1625239  0.1625023  0.16245374 0.16234094 0.16234089 0.16234085 0.16222565 0.16222561 0.16211041 0.16211038 0.16180638 0.16180633 0.16180632 0.16169112 0.16169108 0.16157588 0.16157584 0.16113744 0.16113739 0.16113737 0.16102217 0.16102214 0.16090694 0.1609069  0.1607917  0.16079166 0.16030206 0.16030201 0.16030197 0.16028757 0.16028752 0.16027312 0.16027307 0.16019787 0.16019782 0.1601978  0.1601834  0.16018336 0.16016896 0.16016891 0.16006491 0.16006489 0.16006482 0.16       0.15994962 0.15994958 0.15983438 0.15983434 0.15971914 0.15971911 0.15960391 0.15960387 0.15948867 0.15948863 0.15923583 0.15923581 0.15923578 0.15922138 0.15922133 0.15920693 0.15920688 0.15919248 0.15919243 0.15917803 0.15917798 0.15916358 0.15916354 0.15905954 0.15905952 0.15905949 0.15894429 0.15894425 0.15882905 0.15882904 0.15880744 0.15875888 0.15873728 0.15868872 0.15866712 0.15861856 0.15859696 0.1585484  0.1585268  0.15847824 0.15836544 0.15836539 0.15836539 0.15835099 0.15835094 0.15833654 0.15833649 0.15826129 0.15826124 0.1582612  0.1582468  0.15824675 0.15823235 0.1582323  0.1581571  0.15815705 0.15815703 0.15814263 0.15814258 0.15812818 0.15812813 0.15802413 0.15802408 0.15802402 0.15802398 0.15790878 0.15790874 0.15779354 0.1577935  0.1574287  0.15742865 0.15742863 0.15731343 0.15731339 0.15719819 0.15719816 0.15708296 0.15708292 0.15680132 0.15680127 0.15680126 0.15678686 0.15678681 0.15677241 0.15677236 0.15669716 0.15669711 0.15669709 0.15668269 0.15668264 0.15666824 0.15666819 0.15656419 0.15656414 0.15656401 0.15656397 0.15644877 0.15644873 0.15633353 0.15633349 0.15584389 0.15584384 0.15584383 0.15572863 0.15572859 0.15561339 0.15561335 0.15549815 0.15549811 0.15525811 0.155258   0.15525797 0.15514277 0.15514275 0.15514271 0.15502751 0.15502749 0.15502745 0.155      0.15491225 0.15491223 0.15491219 0.15443859 0.15443857 0.15443853 0.15432333 0.15432329 0.15420809 0.15420805 0.15409285 0.15409282 0.15397762 0.15397758 0.15386238 0.15386234 0.15355194 0.15355192 0.15355192 0.15353752 0.15353747 0.15352307 0.15352302 0.15350862 0.15350857 0.15349417 0.15349413 0.15347973 0.15347968 0.15337568 0.15337567 0.15337557 0.15335397 0.15330541 0.15328381 0.15323525 0.15321365 0.15316509 0.15314349 0.15309493 0.15307333 0.15302477 0.15291197 0.15291192 0.15291191 0.15279671 0.15279667 0.15268147 0.15268143 0.15256623 0.15256619 0.15223659 0.15223654 0.15223651 0.15222211 0.15222206 0.15220766 0.15220761 0.15210361 0.15210356 0.15210356 0.15208916 0.15208911 0.15207471 0.15207466 0.15197066 0.15197061 0.15197058 0.15195618 0.15195614 0.15194174 0.15194169 0.15183769 0.15183764 0.15183763 0.15183759 0.15182319 0.15182299 0.15182295 0.15180855 0.15180834 0.15180831 0.15173311 0.15173306 0.15173304 0.15171864 0.15171859 0.15170419 0.15170414 0.15162894 0.15162889 0.15162885 0.15161445 0.1516144  0.1516     0.15159995 0.15149595 0.1514959  0.15149587 0.15148147 0.15148142 0.15146702 0.15146697 0.15136297 0.15136295 0.15136289 0.15134849 0.15134844 0.15133404 0.151334   0.1513196  0.15131955 0.15130515 0.1513051  0.1512907  0.15129065 0.15118665 0.15118664 0.15118655 0.15117215 0.1511721  0.1511577  0.15115765 0.15114325 0.1511432  0.1511288  0.15112875 0.15111435 0.15111431 0.15101031 0.1510103  0.15101021 0.15099581 0.15099577 0.15098137 0.15098132 0.15096692 0.15096687 0.15095247 0.15095242 0.15093802 0.15093797 0.15083397 0.15083397 0.15083387 0.15081947 0.15081942 0.15080502 0.15080497 0.15079057 0.15079053 0.15077613 0.15077608 0.15076168 0.15076163 0.15065763 0.15065762 0.15065753 0.15064313 0.15064308 0.15062868 0.15062864 0.15061424 0.15061419 0.15059979 0.15059974 0.15058534 0.15058529 0.15048129 0.15048128 0.1504812  0.150366   0.15036596 0.15025076 0.15025072 0.15013552 0.15013548 0.15002028 0.15002024 0.15       0.14990504 0.149905   0.149553   0.14955298 0.14955295 0.14953855 0.1495385  0.1495241  0.14952406 0.14950966 0.14950961 0.14949521 0.14949516 0.14948076 0.14948071 0.14940551 0.1494055  0.14940543 0.14939103 0.14939098 0.14937658 0.14937653 0.14936213 0.14936208 0.14934768 0.14934764 0.14933324 0.14933319 0.14925799 0.14925798 0.14925788 0.14923628 0.14918772 0.14916612 0.14911756 0.14909596 0.1490474  0.1490258  0.14897724 0.14895564 0.14890708 0.14879428 0.14879423 0.14879422 0.14877982 0.14877978 0.14876538 0.14876533 0.14866133 0.14866128 0.14866126 0.14864686 0.14864685 0.14853165 0.14853162 0.14851722 0.14851722 0.14840202 0.14840198 0.14838758 0.14838758 0.14796838 0.14796837 0.14789317 0.14789312 0.14789312 0.14787872 0.14787867 0.14786427 0.14786422 0.14776022 0.14776017 0.14776016 0.14764496 0.14764492 0.14752972 0.14752969 0.14712009 0.14712007 0.14712    0.1470048  0.14700476 0.14688956 0.14688952 0.14677432 0.14677428 0.14665908 0.14665904 0.14654384 0.1465438  0.1462206  0.14622059 0.14622052 0.14610532 0.14610528 0.14599008 0.14599004 0.14587484 0.1458748  0.1457596  0.14575956 0.14564436 0.14564433 0.14527953 0.14527951 0.14527945 0.14516425 0.14516421 0.14504901 0.14504897 0.145      0.14493377 0.14493374 0.14481854 0.1448185  0.1447033  0.14470326 0.14431286 0.14431286 0.14431276 0.14429116 0.1442426  0.144221   0.14417244 0.14415084 0.14410228 0.14408068 0.14403212 0.14401052 0.14396196 0.14384916 0.14384911 0.14384908 0.14383468 0.14383464 0.14382024 0.14382019 0.14374499 0.14374494 0.14374494 0.14362974 0.1436297  0.1435145  0.14351446 0.14339926 0.14339922 0.14309522 0.14309517 0.14309515 0.14297995 0.14297991 0.14286471 0.14286467 0.14245187 0.14245182 0.14245181 0.14233661 0.14233657 0.14222137 0.14222133 0.14182773 0.14182768 0.14182767 0.14171247 0.14171243 0.14159723 0.14159719 0.14133479 0.14133474 0.14133471 0.14132031 0.14132027 0.14130587 0.14130582 0.14123062 0.14123057 0.14123054 0.14121614 0.1412161  0.1412017  0.14120165 0.14109765 0.1410976  0.14109758 0.14108318 0.14108313 0.14106873 0.14106868 0.14096468 0.14096459 0.14096455 0.14084935 0.14084931 0.14073411 0.14073407 0.14061887 0.14061884 0.14050364 0.1405036  0.1403884  0.14038836 0.14001076 0.14001075 0.14001065 0.14       0.13998905 0.13994049 0.13991889 0.13987033 0.13984873 0.13980017 0.13977857 0.13973001 0.13970841 0.13965985 0.13954705 0.139547   0.13954699 0.13943179 0.13943175 0.13931655 0.13931653 0.13931648 0.13931646 0.13930206 0.13930201 0.13928761 0.13928756 0.13927316 0.13927311 0.13925871 0.13925867 0.13924427 0.13924422 0.13914022 0.13914017 0.13914014 0.13912574 0.1391257  0.1391113  0.13911125 0.13900725 0.1390072  0.13900715 0.13899275 0.1389927  0.1389783  0.13897825 0.13887425 0.1388742  0.13887418 0.13885978 0.13885973 0.13884533 0.13884528 0.13874128 0.13874123 0.1387412  0.1387268  0.13872675 0.13871235 0.1387123  0.1386371  0.13863705 0.13863704 0.13852184 0.1385218  0.1384066  0.13840656 0.13810896 0.13810891 0.13810873 0.13810869 0.13799349 0.13799346 0.13787826 0.13787822 0.13776302 0.13776298 0.13729258 0.13729253 0.13729243 0.13729232 0.13729229 0.13727789 0.13727785 0.13726345 0.1372634  0.137249   0.13724895 0.13723455 0.1372345  0.1371593  0.13715929 0.1371592  0.137044   0.13704397 0.13692877 0.13692873 0.13681353 0.13681349 0.13669829 0.13669825 0.13658305 0.13658301 0.13630141 0.13630141 0.13630131 0.13628691 0.13628686 0.13627246 0.13627242 0.13625802 0.13625797 0.13624357 0.13624352 0.13622912 0.13622907 0.13612507 0.13612507 0.13612497 0.13610337 0.13605481 0.13603321 0.13598465 0.13596305 0.13591449 0.13589289 0.13584433 0.13582273 0.13577417 0.13566137 0.13566132 0.13566129 0.13554609 0.13554606 0.13543086 0.13543084 0.13543079 0.13543078 0.13531558 0.13531554 0.13520034 0.1352003  0.1350851  0.13508507 0.135      0.13496987 0.13496983 0.13461463 0.13461458 0.13461456 0.13449936 0.13449932 0.13438412 0.13438409 0.13426889 0.13426885 0.13391685 0.1339168  0.13391676 0.13380156 0.13380152 0.13368632 0.13368628 0.13342068 0.13342063 0.13342063 0.13330543 0.13330539 0.13319019 0.13319015 0.13307495 0.13307491 0.13281571 0.13281566 0.13281564 0.13280124 0.13280119 0.13278679 0.13278674 0.13271154 0.13271149 0.13271145 0.13259625 0.13259621 0.13248101 0.13248098 0.13221858 0.13221853 0.1322185  0.1321033  0.13210326 0.13198806 0.13198802 0.13187282 0.13187278 0.13157838 0.13157837 0.13157834 0.13146314 0.1314631  0.1313479  0.13134786 0.13123266 0.13123262 0.13111742 0.13111739 0.13100219 0.13100215 0.13075255 0.13075254 0.13075244 0.13073084 0.13068228 0.13066068 0.13061212 0.13059052 0.13054196 0.13052036 0.1304718  0.1304502  0.13040164 0.13028884 0.13028879 0.13028877 0.13017357 0.13017353 0.13005833 0.13005829 0.13       0.12962309 0.12962304 0.12962302 0.12950782 0.12950782 0.12949342 0.12949338 0.12937818 0.12937818 0.12936378 0.12936375 0.12896695 0.12896685 0.12885165 0.12885161 0.12873641 0.12873637 0.12862117 0.12862115 0.1286211  0.12862108 0.12850588 0.12850585 0.12839065 0.12839061 0.12827541 0.12827537 0.12816017 0.12816013 0.12804493 0.12804489 0.12759049 0.12759044 0.12759043 0.12757603 0.12757598 0.12756158 0.12756153 0.12745753 0.12745748 0.12745746 0.12734226 0.12734222 0.12722702 0.12722698 0.12678538 0.12678533 0.1267853  0.1266701  0.12667006 0.12655486 0.12655482 0.12643962 0.12643958 0.12599158 0.12599153 0.12599138 0.12599134 0.12587614 0.1258761  0.1257609  0.12576086 0.12532566 0.12532561 0.12532559 0.12531119 0.12531115 0.12529675 0.1252967  0.1251927  0.12519265 0.12519262 0.12507742 0.12507738 0.125      0.12496218 0.12496214 0.12484694 0.1248469  0.1244789  0.1244789  0.1244788  0.1244572  0.12440864 0.12438704 0.12433848 0.12431688 0.12426832 0.12424672 0.12419816 0.12417656 0.124128   0.1240152  0.12401515 0.12401514 0.12400074 0.12400069 0.12398629 0.12398624 0.12391104 0.12391099 0.12391099 0.12389659 0.12389654 0.12388214 0.12388209 0.12377809 0.12377804 0.12377802 0.12376362 0.12376358 0.12374918 0.12374913 0.12373473 0.12373468 0.12363068 0.12363063 0.12363061 0.12361621 0.12361616 0.12360176 0.12360172 0.12349772 0.12349767 0.12349763 0.12348323 0.12348318 0.12346878 0.12346873 0.12339353 0.12339348 0.12339347 0.12327827 0.12327824 0.12316304 0.123163   0.1227534  0.12275335 0.12275331 0.12273891 0.12273886 0.12272446 0.12272441 0.12264921 0.12264916 0.12264913 0.12253393 0.12253389 0.12241869 0.12241865 0.12195785 0.1219578  0.1219578  0.1218426  0.12184256 0.12172736 0.12172732 0.12161212 0.12161208 0.12133688 0.12133685 0.12132245 0.1213224  0.121308   0.12130795 0.12120395 0.1212039  0.12120389 0.12108869 0.12108867 0.12108864 0.12097344 0.12097342 0.1209734  0.12097335 0.12097333 0.12095893 0.12095889 0.12094449 0.12094444 0.12093004 0.12092999 0.12091559 0.12091554 0.12081154 0.12081154 0.12081144 0.12078984 0.12074128 0.12071968 0.12067112 0.12064952 0.12060096 0.12057936 0.1205308  0.1205092  0.12046064 0.12034784 0.12034779 0.12034778 0.12023258 0.12023255 0.12011735 0.12011731 0.12       0.11984851 0.11984846 0.11984845 0.11983405 0.119834   0.1198196  0.11981955 0.11980515 0.1198051  0.1197299  0.11972985 0.11972985 0.11971545 0.1197154  0.119701   0.11970095 0.11968655 0.1196865  0.1195825  0.11958245 0.11958245 0.11956805 0.11956804 0.119568   0.1195536  0.11955359 0.11955354 0.11944954 0.11944949 0.11944947 0.11933427 0.11933424 0.11921904 0.119219   0.1189438  0.11894375 0.11894375 0.11882855 0.11882851 0.11871331 0.11871327 0.11831007 0.11831002 0.11831002 0.11819482 0.11819478 0.11807958 0.11807954 0.11796434 0.1179643  0.1177115  0.11771145 0.11771142 0.11769702 0.11769697 0.11768257 0.11768252 0.11757852 0.11757847 0.11757846 0.11756406 0.11756401 0.11754961 0.11754957 0.11744557 0.11744552 0.11744549 0.11743109 0.11743104 0.11741664 0.11741659 0.11740219 0.11740215 0.11729815 0.1172981  0.11729809 0.11728369 0.11728366 0.11716846 0.11716845 0.11715405 0.11715402 0.11703882 0.11703881 0.11702441 0.11702439 0.11659239 0.11659226 0.11647706 0.11647702 0.11645539 0.11645529 0.11645527 0.11634007 0.11634003 0.11622483 0.11622479 0.11573199 0.11573199 0.11573189 0.11571029 0.11566173 0.11564013 0.11559157 0.11556997 0.11552141 0.11549981 0.11545125 0.11542965 0.11538109 0.11526829 0.11526824 0.11526822 0.11515302 0.11515298 0.11503778 0.11503775 0.115      0.11461855 0.1146185  0.11461847 0.11450327 0.11450323 0.11438803 0.11438799 0.11413839 0.11413834 0.11413832 0.11412392 0.11412387 0.11410947 0.11410942 0.11409502 0.11409497 0.11401977 0.11401972 0.11401971 0.11400531 0.11400526 0.11399086 0.11399081 0.11391561 0.11391556 0.11391554 0.11380034 0.1138003  0.1136851  0.11368506 0.11338106 0.11338101 0.11338096 0.11336656 0.11336651 0.11335211 0.11335206 0.11333766 0.11333761 0.11332321 0.11332317 0.11330877 0.11330872 0.11323352 0.11323347 0.11323344 0.11311824 0.11311821 0.11300301 0.11300297 0.11271177 0.11271172 0.11271169 0.11259649 0.11259645 0.11248125 0.11248121 0.11215481 0.11215476 0.11215459 0.11215455 0.11203935 0.11203931 0.11192411 0.11192408 0.11167128 0.11167115 0.11167108 0.11167105 0.11155585 0.11155581 0.11144061 0.11144057 0.11115257 0.11115255 0.11115251 0.11103731 0.11103728 0.11092208 0.11092204 0.11080684 0.1108068  0.1106916  0.11069156 0.11057636 0.11057632 0.11009312 0.11009311 0.11009305 0.11007865 0.11007861 0.11006421 0.11006416 0.11004976 0.11004971 0.11003531 0.11003526 0.11002086 0.11002081 0.11       0.10994561 0.1099456  0.1099455  0.1099239  0.10987534 0.10985374 0.10980518 0.10978358 0.10973502 0.10971342 0.10966486 0.10964326 0.1095947  0.1094819  0.10948185 0.10948182 0.10936662 0.10936658 0.10925138 0.10925134 0.10883214 0.10883209 0.10883205 0.10881765 0.1088176  0.1088032  0.10880315 0.10878875 0.1087887  0.1087135  0.10871345 0.10871341 0.10869901 0.10869896 0.10868456 0.10868451 0.10858051 0.10858046 0.10858045 0.10846525 0.10846521 0.10835001 0.10834997 0.10823477 0.10823473 0.10779313 0.10779308 0.10779308 0.10779303 0.10777863 0.10777858 0.10776418 0.10776413 0.10768893 0.10768888 0.10768887 0.10767447 0.10767442 0.10766002 0.10765997 0.10755597 0.10755592 0.10755591 0.10744071 0.10744067 0.10732547 0.10732543 0.10721023 0.10721019 0.10683899 0.1068389  0.10683886 0.10673486 0.10673485 0.10673479 0.10672039 0.10672034 0.10670594 0.10670589 0.10669149 0.10669144 0.10667704 0.10667699 0.10666259 0.10666254 0.10658734 0.10658734 0.10658724 0.10656564 0.10651708 0.10649548 0.10644692 0.10642532 0.10637676 0.10635516 0.1063066  0.106285   0.10623644 0.10612364 0.10612359 0.10612358 0.10610918 0.10610914 0.10609474 0.10609469 0.10608029 0.10608024 0.10597624 0.10597619 0.10597619 0.10596179 0.10596174 0.10594734 0.10594729 0.10584329 0.10584324 0.10584324 0.10582884 0.1058288  0.10582879 0.10581439 0.10581434 0.10573914 0.10573909 0.10573907 0.10562387 0.10562383 0.10550863 0.10550859 0.10524939 0.10524934 0.10524933 0.10513413 0.10513409 0.10501889 0.10501886 0.105      0.10468286 0.10468281 0.10468263 0.10468259 0.10456739 0.10456735 0.10445215 0.10445211 0.10397211 0.10397206 0.10397204 0.10395764 0.10395759 0.10394319 0.10394314 0.10386794 0.10386789 0.10386787 0.10375267 0.10375263 0.10363743 0.10363739 0.10329499 0.10329494 0.10329492 0.10328052 0.10328047 0.10326607 0.10326603 0.10325163 0.10325158 0.10314758 0.10314753 0.10314748 0.10313308 0.10313303 0.10311863 0.10311858 0.10301458 0.10301456 0.10301455 0.10300015 0.1030001  0.1029857  0.10298566 0.10297126 0.10297121 0.10295681 0.10295676 0.10294236 0.10294231 0.10283831 0.1028383  0.1028382  0.1028166  0.10276804 0.10274644 0.10269788 0.10267628 0.10262772 0.10260612 0.10255756 0.10253596 0.1024874  0.1023746  0.10237455 0.10237453 0.10236013 0.10236008 0.10234568 0.10234563 0.10224163 0.10224158 0.10224157 0.10222717 0.10222712 0.10221272 0.10221267 0.10213747 0.10213742 0.10213739 0.10212299 0.10212294 0.10210854 0.10210849 0.10200449 0.10200444 0.10200441 0.10199001 0.10198996 0.10197556 0.10197551 0.10190031 0.10190026 0.10190022 0.10188582 0.10188577 0.10187137 0.10187132 0.10176732 0.10176727 0.10176725 0.10175285 0.1017528  0.1017384  0.10173836 0.10172396 0.10172391 0.10161991 0.10161986 0.10161985 0.10160545 0.1016054  0.101591   0.10159095 0.10148695 0.1014869  0.10148689 0.10147249 0.10147244 0.10145804 0.101458   0.101354   0.10135395 0.10135393 0.10133953 0.10133948 0.10132508 0.10132503 0.10124983 0.10124978 0.10124977 0.10113457 0.10113454 0.10101934 0.1010193  0.1009041  0.10090406 0.10065766 0.10065761 0.1006576  0.1005424  0.10054236 0.10042716 0.10042712 0.10012952 0.1001295  0.10012941 0.10009833 0.10007673 0.10002817 0.10000657 0.1        0.09995801 0.09993641 0.09988785 0.09986625 0.09981769 0.09979609 0.09974753 0.09963473 0.09963468 0.09963467 0.09951947 0.09951943 0.09940423 0.0994042  0.099289   0.09928896 0.09884096 0.09884091 0.09884086 0.09882646 0.09882641 0.09881201 0.09881197 0.09873677 0.09873672 0.09873671 0.09872231 0.09872226 0.09870786 0.09870781 0.09860381 0.09860376 0.09860371 0.09858931 0.09858927 0.09857487 0.09857482 0.09847082 0.09847077 0.09847077 0.09835557 0.09835553 0.09824033 0.09824029 0.09776349 0.09776344 0.09776343 0.09774903 0.09774898 0.09773458 0.09773453 0.09763053 0.09763048 0.09763048 0.09761608 0.09761603 0.09760163 0.09760159 0.09749759 0.09749754 0.09749753 0.09748313 0.09748308 0.09746868 0.09746864 0.09745424 0.09745419 0.09735019 0.09735014 0.09735012 0.09733572 0.09733567 0.09732127 0.09732122 0.09721722 0.09721717 0.09721717 0.09720277 0.09720272 0.09718832 0.09718827 0.09711307 0.09711302 0.09711279 0.09711275 0.09699755 0.09699752 0.09688232 0.09688228 0.09649188 0.09649178 0.09649172 0.09647732 0.09647728 0.09646288 0.09646283 0.09644843 0.09644838 0.09643398 0.09643393 0.09641953 0.09641948 0.09631548 0.09631547 0.09631542 0.09630102 0.09630097 0.09628657 0.09628653 0.09627213 0.09627208 0.09625768 0.09625763 0.09624323 0.09624318 0.09616798 0.09616797 0.09616788 0.09605819 0.09603659 0.09598803 0.09596643 0.09591787 0.09589627 0.09584771 0.09582611 0.09577755 0.09575595 0.09570739 0.09559459 0.09559454 0.09559454 0.09547934 0.0954793  0.0953641  0.09536406 0.09524886 0.09524882 0.09513362 0.09513358 0.09501838 0.09501834 0.095      0.09466314 0.09466309 0.09466306 0.09464866 0.09464861 0.09463421 0.09463416 0.09453016 0.09453011 0.09453011 0.09451571 0.09451566 0.09450126 0.09450121 0.09439721 0.09439716 0.09439716 0.09438276 0.09438271 0.09436831 0.09436826 0.09426426 0.09426421 0.09426419 0.09424979 0.09424974 0.09423534 0.0942353  0.0941601  0.09416005 0.09416002 0.09414562 0.09414557 0.09413117 0.09413112 0.09402712 0.09402707 0.09402704 0.09401264 0.09401259 0.09399819 0.09399814 0.09392294 0.09392289 0.09392286 0.09380766 0.09380762 0.09369242 0.09369241 0.09369236 0.09369233 0.09367793 0.09367788 0.09366348 0.09366343 0.09364903 0.09364899 0.09354499 0.09354498 0.09354488 0.09351237 0.09349077 0.09344221 0.09342061 0.09337205 0.09335045 0.09330189 0.09328029 0.09323173 0.09321013 0.09316157 0.09304877 0.09304872 0.09304867 0.09303427 0.09303422 0.09301982 0.09301978 0.09294458 0.09294453 0.09294452 0.09282932 0.09282928 0.09271408 0.09271404 0.09239404 0.09239399 0.09239386 0.09239383 0.09227863 0.09227859 0.09216339 0.09216335 0.09204815 0.09204811 0.09161611 0.09161606 0.09161602 0.09160162 0.09160157 0.09158717 0.09158712 0.09157272 0.09157267 0.09149747 0.09149742 0.09149741 0.09138221 0.09138217 0.09126697 0.09126694 0.09126689 0.09126686 0.09125246 0.09125241 0.09123801 0.09123797 0.09122357 0.09122352 0.09120912 0.09120907 0.09110507 0.09110502 0.091105   0.0910906  0.09109056 0.09107616 0.09107611 0.09097211 0.09097206 0.09097206 0.09085686 0.09085682 0.09074162 0.09074158 0.09034798 0.09034793 0.09034783 0.09034779 0.09023259 0.09023255 0.09011735 0.09011731 0.09       0.08966611 0.08966606 0.08966605 0.08965165 0.08965144 0.0896514  0.089637   0.0896368  0.08963676 0.08953276 0.08953271 0.08953268 0.08951828 0.08951823 0.08950383 0.08950378 0.08942858 0.08942858 0.08942848 0.08940688 0.08935832 0.08933672 0.08928816 0.08926656 0.089218   0.0891964  0.08914784 0.08912624 0.08907768 0.08896488 0.08896483 0.0889648  0.0889504  0.08895035 0.08893595 0.0889359  0.0888319  0.08883185 0.08883184 0.08881744 0.08881739 0.08880299 0.08880295 0.08878855 0.0887885  0.0887133  0.08871325 0.08871322 0.08871317 0.08869877 0.08869872 0.08868432 0.08868427 0.08858027 0.08858022 0.08858021 0.08856581 0.08856576 0.08855136 0.08855131 0.08847611 0.08847606 0.08847604 0.08846164 0.0884616  0.0884472  0.08844715 0.08843275 0.0884327  0.0883287  0.08832865 0.08832864 0.08831424 0.08831419 0.08829979 0.08829974 0.08828534 0.08828529 0.08818129 0.08818124 0.08818123 0.08816683 0.08816679 0.08815239 0.08815234 0.08813794 0.08813789 0.08803389 0.08803384 0.08803384 0.08791864 0.0879186  0.0878034  0.08780336 0.08768816 0.08768812 0.08728172 0.08728167 0.08728167 0.08726727 0.08726726 0.08715206 0.08715203 0.08713763 0.08713762 0.08702242 0.0870224  0.087008   0.08700799 0.08658879 0.08658864 0.08658852 0.08647332 0.08647328 0.08635808 0.08635807 0.08635802 0.08635792 0.08635787 0.08635782 0.08635778 0.08624258 0.08624254 0.08581694 0.08581693 0.08581683 0.08579523 0.08574667 0.08572507 0.08567651 0.08565491 0.08560635 0.08558475 0.08553619 0.08551459 0.08546603 0.08535323 0.08535318 0.08535317 0.08533877 0.08533872 0.08532432 0.08532428 0.08522028 0.08522023 0.08522021 0.08510501 0.08510498 0.085      0.08498978 0.08498975 0.0849897  0.08498969 0.08497529 0.08497524 0.08496084 0.08496079 0.08494639 0.08494635 0.08487115 0.0848711  0.08487108 0.08485668 0.08485663 0.08484223 0.08484219 0.08476699 0.08476694 0.08476689 0.08475249 0.08475244 0.08473804 0.084738   0.084634   0.08463395 0.08463393 0.08461953 0.08461948 0.08460508 0.08460503 0.08459063 0.08459058 0.08448658 0.08448653 0.08448652 0.08447212 0.08447208 0.08445768 0.08445763 0.08435363 0.08435358 0.08435357 0.08433917 0.08433912 0.08432472 0.08432467 0.08422067 0.08422062 0.08422061 0.08420621 0.08420616 0.08419176 0.08419171 0.08411651 0.08411646 0.08411644 0.08400124 0.0840012  0.083886   0.08388597 0.08361717 0.08361712 0.0836171  0.0835019  0.08350186 0.08338666 0.08338662 0.08295142 0.08295137 0.08295134 0.08283614 0.0828361  0.0827209  0.08272086 0.08245846 0.08245845 0.08245835 0.08243675 0.08238819 0.08236659 0.08231803 0.08229643 0.08224787 0.08222627 0.08217771 0.08215611 0.08210755 0.08199475 0.0819947  0.0819946  0.08199456 0.08187936 0.08187932 0.08181368 0.08181363 0.08181358 0.08179918 0.08179913 0.08178473 0.08178469 0.08177029 0.08177024 0.08175584 0.08175579 0.08165179 0.08165174 0.08165173 0.08163733 0.08163712 0.08163709 0.08162269 0.08162248 0.08162244 0.08151844 0.08151839 0.08151839 0.08150399 0.08150394 0.08148954 0.08148949 0.08138549 0.08138544 0.08138543 0.08127023 0.08127019 0.08115499 0.08115496 0.08103976 0.08103972 0.08076452 0.08076447 0.08076444 0.08075004 0.08074999 0.08073559 0.08073554 0.08066034 0.08066029 0.08066028 0.08064588 0.08064583 0.08063143 0.08063138 0.08055618 0.08055613 0.08055611 0.08054171 0.08054166 0.08052726 0.08052721 0.08045201 0.08045196 0.08045195 0.08033675 0.08033671 0.08022151 0.08022147 0.08       0.07981187 0.07981182 0.07981182 0.07969662 0.07969658 0.07958138 0.07958134 0.07946614 0.0794661  0.0791205  0.07912045 0.07912024 0.07912021 0.07900501 0.07900497 0.07888977 0.07888973 0.07877453 0.07877449 0.07838089 0.07838088 0.07838079 0.07827006 0.07824846 0.0781999  0.0781783  0.07812974 0.07810814 0.07805958 0.07803798 0.07798942 0.07796782 0.07791926 0.07780646 0.07780641 0.0778064  0.077792   0.07779195 0.07777755 0.0777775  0.0776735  0.07767345 0.07767341 0.07765901 0.07765896 0.07764456 0.07764451 0.07756931 0.07756926 0.07756924 0.07755484 0.0775548  0.0775404  0.07754035 0.07743635 0.0774363  0.07743629 0.07742189 0.07742184 0.07740744 0.0774074  0.0773322  0.07733215 0.07733214 0.07721694 0.0772169  0.0771017  0.07710166 0.07670166 0.07670161 0.07670159 0.07658639 0.07658636 0.07647116 0.07647112 0.07635592 0.07635588 0.07599428 0.07599423 0.07599422 0.07597982 0.07597977 0.07596537 0.07596532 0.07586132 0.07586127 0.07586126 0.07584686 0.07584681 0.07583241 0.07583236 0.07581796 0.07581791 0.07574271 0.07574266 0.07574257 0.07572817 0.07572815 0.07572811 0.07561291 0.07561288 0.07549768 0.07549764 0.07519044 0.07519031 0.07517591 0.07517586 0.07517581 0.07517572 0.07516132 0.07516127 0.07514687 0.07514682 0.07513242 0.07513237 0.07511797 0.07511792 0.07510352 0.07510348 0.075      0.07499948 0.07499934 0.07499934 0.07498494 0.07498489 0.07497049 0.07497044 0.07489524 0.07489522 0.07489516 0.07488076 0.07488071 0.07486631 0.07486626 0.07485186 0.07485182 0.07483742 0.07483737 0.07482297 0.07482292 0.07471892 0.0747189  0.07471881 0.07470441 0.07470436 0.07468996 0.07468991 0.07467551 0.07467546 0.07466106 0.07466102 0.07464662 0.07464657 0.07457137 0.07457136 0.07457126 0.07454966 0.0745011  0.0744795  0.07443094 0.07440934 0.07436078 0.07433918 0.07429062 0.07426902 0.07422046 0.07410766 0.07410761 0.07410753 0.0741075  0.0739923  0.07399226 0.07387706 0.07387702 0.07376182 0.07376178 0.07349938 0.07349933 0.0734993  0.0733841  0.07338406 0.07326886 0.07326882 0.07315362 0.07315358 0.07288478 0.07288473 0.07288451 0.07288447 0.07276927 0.07276923 0.07265403 0.07265399 0.07219639 0.07219634 0.07219633 0.07208113 0.07208109 0.07196589 0.07196586 0.07185066 0.07185062 0.07150502 0.07150497 0.07150493 0.07138973 0.0713897  0.0712745  0.07127446 0.07078806 0.07078801 0.070788   0.0707736  0.07077356 0.07075916 0.07075911 0.07068391 0.07068386 0.07068383 0.07066943 0.07066938 0.07065498 0.07065493 0.07064053 0.07064048 0.07053648 0.07053639 0.07053636 0.07052196 0.07052191 0.07050751 0.07050746 0.07049306 0.07049302 0.07047862 0.07047857 0.07046417 0.07046412 0.07036012 0.07036012 0.07036002 0.07033842 0.07028986 0.07026826 0.0702197  0.0701981  0.07014954 0.07012794 0.07007938 0.07005778 0.07000922 0.07       0.06989642 0.06989637 0.06989634 0.06988194 0.06988189 0.06986749 0.06986744 0.06979224 0.06979219 0.06979218 0.06967698 0.06967694 0.06956174 0.0695617  0.0692897  0.06928965 0.0692895  0.06928947 0.06917427 0.06917423 0.06905903 0.06905899 0.06867819 0.06867814 0.06867812 0.06866372 0.06866367 0.06864927 0.06864922 0.06857402 0.06857397 0.06857392 0.06855952 0.06855947 0.06854507 0.06854502 0.06844102 0.06844097 0.06844093 0.06842653 0.06842648 0.06841208 0.06841203 0.06830803 0.06830798 0.06830798 0.06819278 0.06819274 0.06807754 0.0680775  0.0678343  0.06783425 0.06783421 0.06781981 0.06781976 0.06780536 0.06780531 0.06773011 0.06773006 0.06773004 0.06761484 0.0676148  0.0674996  0.06749956 0.06738436 0.06738432 0.06706112 0.06706107 0.06706107 0.06694587 0.06694583 0.06683063 0.0668306  0.0664562  0.06645619 0.06645609 0.06645566 0.06643406 0.0663855  0.0663639  0.06631534 0.06629374 0.06624518 0.06622358 0.06617502 0.06615342 0.06610486 0.06599206 0.06599201 0.06599188 0.06599184 0.06597744 0.06597722 0.06597719 0.06596279 0.06596257 0.06596253 0.06588733 0.06588728 0.06588726 0.06587286 0.06587281 0.06585841 0.06585836 0.06575436 0.06575431 0.06575429 0.06575425 0.06563905 0.06563901 0.06552381 0.06552377 0.06519097 0.06519092 0.0651909  0.0650757  0.06507566 0.065      0.06496046 0.06496042 0.06467562 0.06467557 0.06467555 0.06456035 0.06456031 0.06444511 0.06444507 0.06417947 0.06417942 0.06417941 0.06406421 0.06406417 0.06394897 0.06394893 0.06352653 0.06352648 0.06352645 0.06351205 0.063512   0.063408   0.06340795 0.06340794 0.06339354 0.06339349 0.06337909 0.06337904 0.06327504 0.06327499 0.06327498 0.06315978 0.06315974 0.06304454 0.0630445  0.0625709  0.06257085 0.06257068 0.06257065 0.06245545 0.06245541 0.06234021 0.06234017 0.06222497 0.06222493 0.06190493 0.06190488 0.06190484 0.06189044 0.06189039 0.06178639 0.06178635 0.06178634 0.06167114 0.0616711  0.0615559  0.06155587 0.06153427 0.06148571 0.06146411 0.06141555 0.06139395 0.06134539 0.06132379 0.06127523 0.06125363 0.06120507 0.06109227 0.06109222 0.06109221 0.06107781 0.06107776 0.06106336 0.06106331 0.06104891 0.06104886 0.06097366 0.06097361 0.0609736  0.0609592  0.06095916 0.06094476 0.06094471 0.06084071 0.06084066 0.06084063 0.06082623 0.06082618 0.06081178 0.06081173 0.06073653 0.06073648 0.06073648 0.06062128 0.06062124 0.06050604 0.06050601 0.06001641 0.06001636 0.06001635 0.06       0.05990115 0.05990111 0.05978591 0.05978587 0.05945627 0.05945622 0.0594562  0.059341   0.05934097 0.05922577 0.05922574 0.05922569 0.05922567 0.05911047 0.05911043 0.05899523 0.05899522 0.05899517 0.05899512 0.05898072 0.05898067 0.05896627 0.05896622 0.05895182 0.05895177 0.05893737 0.05893732 0.05892292 0.05892288 0.05881888 0.05881883 0.05881882 0.05880442 0.05880437 0.05878997 0.05878992 0.05871472 0.05871467 0.05871467 0.05859947 0.05859946 0.05859943 0.05848423 0.05848422 0.05848418 0.05848413 0.05848412 0.05846972 0.05846968 0.05845528 0.05845523 0.05844083 0.05844078 0.05833678 0.05833673 0.0583367  0.0582215  0.05822146 0.05810626 0.05810623 0.05761023 0.05761021 0.05761017 0.05759577 0.05759572 0.05758132 0.05758127 0.05756687 0.05756683 0.05755243 0.05755238 0.05753798 0.05753793 0.05746273 0.05746272 0.05746265 0.05734745 0.05734743 0.05732583 0.05727727 0.05725567 0.05720711 0.05718551 0.05713695 0.05711535 0.05706679 0.05704519 0.05699663 0.05688383 0.05688378 0.05688376 0.05676856 0.05676852 0.05665332 0.05665328 0.05653808 0.05653804 0.05609644 0.05609639 0.05609639 0.05608199 0.05608194 0.05606754 0.05606749 0.05599229 0.05599224 0.05599221 0.05587701 0.05587697 0.05576177 0.05576173 0.05544493 0.05544488 0.05544485 0.05532965 0.05532961 0.05521441 0.05521437 0.05509917 0.05509913 0.055      0.05466073 0.05466068 0.05466065 0.05454545 0.05454541 0.05443021 0.05443018 0.05416458 0.05416453 0.05416448 0.05415008 0.05415003 0.05413563 0.05413558 0.05403158 0.05403153 0.0540315  0.0540171  0.05401705 0.05400265 0.0540026  0.0539882  0.05398815 0.05388415 0.0538841  0.05388407 0.05376887 0.05376883 0.05365363 0.05365359 0.05325039 0.05325034 0.05325034 0.05313514 0.0531351  0.0530199  0.05301986 0.05260706 0.05260701 0.05260699 0.05259259 0.05259254 0.05257814 0.05257809 0.05256369 0.05256365 0.05248845 0.05248843 0.05248842 0.05247402 0.05247397 0.05245957 0.05245952 0.05244512 0.05244507 0.05243067 0.05243062 0.05241622 0.05241617 0.05234097 0.05234097 0.05234087 0.05231927 0.05227698],linear,vector,residualEnergyCapacityChanged,Residual energy capacity,J,Attacco_Burst,20251005-12:01:08,20251005-120108,Attacco_Burst,omnetppB-MAC.ini,,,,,NetworkA,4774,0,#0,results,0,0,NetworkA.sensor4.energyStorage
